SINAL     NFT                         FFT                         NFT INVERSA     FFT INVERSA
-----     -----------------------     -----------------------     -----------     -----------
   56         753.000       0.000         753.000       0.000              56              56
   78         -50.359     -57.004         -50.359     -57.004              78              78
  105        -166.000     111.000        -166.000     111.000             105             105
  208         160.359     -83.003         160.359     -83.003             208             208
    1        -193.000      -0.001        -193.000       0.000               1               1
  103         160.359      83.004         160.359      83.004             103             103
  118        -165.999    -111.001        -166.000    -111.000             118             118
   84         -50.358      57.003         -50.359      57.003              84              84
