SINAL     NFT                         FFT                         NFT INVERSA     FFT INVERSA
-----     -----------------------     -----------------------     -----------     -----------
  243        1255.000       0.000        1255.000       0.000             243             243
  222          38.532      55.650          38.532      55.650             222             222
   51          89.000    -210.000          89.000    -210.000              51              51
  164         171.469    -324.350         171.468    -324.350             164             164
  138          91.000       0.000          91.000       0.000             138             138
  174         171.467     324.350         171.468     324.350             174             174
  241          89.000     209.999          89.000     210.000             241             241
   22          38.534     -55.651          38.532     -55.650              22              22
