SINAL     NFT                         FFT                         NFT INVERSA     FFT INVERSA
-----     -----------------------     -----------------------     -----------     -----------
   45         871.000       0.000         871.000       0.000              45              45
  233         -94.745      15.745         -94.745      15.745             233             233
    0         169.000    -224.000         169.000    -224.000              -0              -0
   89        -185.255    -106.255        -185.255    -106.255              89              89
  185        -289.000      -0.001        -289.000       0.000             185             185
  169        -185.255     106.254        -185.255     106.255             169             169
   61         169.000     224.000         169.000     224.000              61              61
   89         -94.744     -15.746         -94.745     -15.745              89              89
