SINAL     NFT                         FFT                         NFT INVERSA     FFT INVERSA
-----     -----------------------     -----------------------     -----------     -----------
   32        1058.000       0.000        1058.000       0.000              32              32
  234          17.175     -32.393          17.175     -32.393             234             234
  118         -79.000    -105.000         -79.000    -105.000             118             118
  134        -117.176      53.606        -117.175      53.607             134             134
   82        -444.000      -0.001        -444.000       0.000              82              82
  194        -117.174     -53.607        -117.175     -53.607             194             194
   75         -78.999     105.000         -79.000     105.000              75              75
  189          17.177      32.393          17.175      32.393             189             189
