SINAL     NFT                         FFT                         NFT INVERSA     FFT INVERSA
-----     -----------------------     -----------------------     -----------     -----------
    4         649.000       0.000         649.000       0.000               4               4
    6           7.606     258.300           7.607     258.300               6               6
   73        -254.000     167.000        -254.000     167.000              73              73
   82         -13.607      20.300         -13.607      20.300              82              82
    7         -97.000      -0.000         -97.000       0.000               7               7
   97         -13.607     -20.300         -13.607     -20.300              97              97
  192        -253.999    -167.001        -254.000    -167.000             192             192
  188           7.609    -258.300           7.607    -258.300             188             188
