SINAL     NFT                         FFT                         NFT INVERSA     FFT INVERSA
-----     -----------------------     -----------------------     -----------     -----------
   32        1043.000       0.000        1043.000       0.000              32              32
  250        -236.238     -78.049        -236.238     -78.049             250             250
   57          -3.000    -268.000          -3.000    -268.000              57              57
  189         -29.762    -250.049         -29.762    -250.049             189             189
  165        -249.000      -0.000        -249.000       0.000             165             165
  207         -29.763     250.049         -29.763     250.049             207             207
  143          -3.001     268.000          -3.000     268.000             143             143
    0        -236.237      78.047        -236.238      78.049               0              -0
