SINAL     NFT                         FFT                         NFT INVERSA     FFT INVERSA
-----     -----------------------     -----------------------     -----------     -----------
   86         854.000       0.000         854.000       0.000              86              86
  165        -113.770    -199.091        -113.769    -199.090             165             165
   49         162.000      72.000         162.000      72.000              49              49
  227         -40.230    -177.091         -40.230    -177.090             227             227
  163        -182.000      -0.000        -182.000       0.000             163             163
   58         -40.231     177.090         -40.231     177.090              58              58
   38         162.001     -72.000         162.000     -72.000              38              38
   68        -113.769     199.089        -113.770     199.090              68              68
