SINAL     NFT                         FFT                         NFT INVERSA     FFT INVERSA
-----     -----------------------     -----------------------     -----------     -----------
  113        1312.000       0.000        1312.000       0.000             113             113
  164           4.535      55.636           4.536      55.636             164             164
  153        -143.000      77.000        -143.000      77.000             153             153
  200          -2.536     -68.364          -2.536     -68.364             200             200
  112        -126.000      -0.001        -126.000       0.000             112             112
  157          -2.536      68.363          -2.536      68.364             157             157
  215        -142.999     -77.001        -143.000     -77.000             215             215
  198           4.538     -55.636           4.536     -55.636             198             198
