SINAL     NFT                         FFT                         NFT INVERSA     FFT INVERSA
-----     -----------------------     -----------------------     -----------     -----------
   21        1082.000       0.000        1082.000       0.000              21              21
   21        -332.188     210.577        -332.187     210.577              21              21
   64         -45.000     229.000         -45.000     229.000              64              64
  212        -115.812    -155.423        -115.813    -155.423             212             212
  245          72.000       0.000          72.000       0.000             245             245
  117        -115.813     155.422        -115.813     155.423             117             117
  247         -44.999    -229.001         -45.000    -229.000             247             247
  155        -332.185    -210.578        -332.187    -210.577             155             155
