SINAL     NFT                         FFT                         NFT INVERSA     FFT INVERSA
-----     -----------------------     -----------------------     -----------     -----------
   34        1066.000       0.000        1066.000       0.000              34              34
  173        -201.314     -35.799        -201.314     -35.799             173             173
   80         114.000     -16.000         114.000     -16.000              80              80
  173        -178.687      -3.799        -178.686      -3.799             173             173
  224        -262.000      -0.001        -262.000       0.000             224             224
  167        -178.686       3.798        -178.686       3.799             167             167
   64         114.001      16.000         114.000      16.000              64              64
  151        -201.312      35.798        -201.314      35.799             151             151
