SINAL     NFT                         FFT                         NFT INVERSA     FFT INVERSA
-----     -----------------------     -----------------------     -----------     -----------
  155        1179.000       0.000        1179.000       0.000             155             155
  138          54.899      21.012          54.899      21.012             138             138
  108          69.000     122.000          69.000     122.000             108             108
  192          35.100      61.012          35.100      61.012             192             192
  110        -257.000      -0.001        -257.000       0.000             110             110
  160          35.101     -61.013          35.101     -61.012             160             160
   88          69.001    -122.000          69.000    -122.000              88              88
  228          54.901     -21.012          54.900     -21.012             228             228
