SINAL     NFT                         FFT                         NFT INVERSA     FFT INVERSA
-----     -----------------------     -----------------------     -----------     -----------
  211         984.000       0.000         984.000       0.000             211             211
  200         190.815    -201.447         190.815    -201.447             200             200
  178         153.000    -125.000         153.000    -125.000             178             178
   45         -70.815      92.552         -70.815      92.553              45              45
  151         158.000      -0.000         158.000       0.000             151             151
   69         -70.814     -92.554         -70.815     -92.553              69              69
   31         153.000     125.000         153.000     125.000              31              31
   99         190.815     201.447         190.815     201.447              99              99
