SINAL     NFT                         FFT                         NFT INVERSA     FFT INVERSA
-----     -----------------------     -----------------------     -----------     -----------
  116        1033.000       0.000        1033.000       0.000             116             116
   42        -221.437     -77.607        -221.437     -77.607              42              42
  207        -146.000     -25.000        -146.000     -25.000             207             207
  208         283.437      56.394         283.437      56.394             208             208
   85          63.000      -0.000          63.000       0.000              85              85
  213         283.437     -56.393         283.437     -56.393             213             213
  140        -146.000      24.999        -146.000      25.000             140             140
   22        -221.436      77.605        -221.437      77.606              22              22
