SINAL     NFT                         FFT                         NFT INVERSA     FFT INVERSA
-----     -----------------------     -----------------------     -----------     -----------
   68         855.000       0.000         855.000       0.000              68              68
  233         -55.106    -106.220         -55.106    -106.220             233             233
    4         237.000     -58.000         237.000     -58.000               4               4
  127        -272.894    -216.221        -272.894    -216.220             127             127
  232        -129.000      -0.000        -129.000       0.000             232             232
   42        -272.895     216.219        -272.894     216.220              42              42
   59         237.001      58.001         237.000      58.000              59              59
   90         -55.105     106.220         -55.106     106.220              90              90
