SINAL     NFT                         FFT                         NFT INVERSA     FFT INVERSA
-----     -----------------------     -----------------------     -----------     -----------
    7        1083.000       0.000        1083.000       0.000               7               7
  223        -150.749    -220.732        -150.749    -220.732             223             223
  148         -18.000     -25.000         -18.000     -25.000             148             148
  228        -101.252      55.268        -101.251      55.269             228             228
  133        -487.000      -0.001        -487.000       0.000             133             133
  182        -101.250     -55.269        -101.251     -55.268             182             182
   10         -17.999      25.000         -18.000      25.000              10              10
  152        -150.748     220.731        -150.749     220.731             152             152
