SINAL     NFT                         FFT                         NFT INVERSA     FFT INVERSA
-----     -----------------------     -----------------------     -----------     -----------
  159        1187.000       0.000        1187.000       0.000             159             159
  212         223.974    -229.104         223.974    -229.104             212             212
  231        -112.000      73.000        -112.000      73.000             231             231
  187          50.025     108.896          50.026     108.896             187             187
   22        -239.000      -0.001        -239.000       0.000              22              22
  108          50.027    -108.896          50.026    -108.896             108             108
   62        -111.999     -73.001        -112.000     -73.000              62              62
  206         223.975     229.104         223.974     229.104             206             206
