SINAL     NFT                         FFT                         NFT INVERSA     FFT INVERSA
-----     -----------------------     -----------------------     -----------     -----------
   93        1052.000       0.000        1052.000       0.000              93              93
   71         -78.737      82.614         -78.737      82.614              71              71
  206         -63.000     -47.000         -63.000     -47.000             206             206
   36        -111.264     218.613        -111.264     218.614              36              36
  188         198.000      -0.000         198.000       0.000             188             188
  166        -111.263    -218.614        -111.263    -218.614             166             166
  138         -63.000      47.000         -63.000      47.000             138             138
  154         -78.735     -82.614         -78.736     -82.614             154             154
