SINAL     NFT                         FFT                         NFT INVERSA     FFT INVERSA
-----     -----------------------     -----------------------     -----------     -----------
  149        1327.000       0.000        1327.000       0.000             149             149
  242         219.480      98.532         219.480      98.532             242             242
   76        -131.001     102.000        -131.000     102.000              76              76
  217           4.520    -231.468           4.520    -231.468             217             217
   37        -321.000      -0.001        -321.000       0.000              37              37
  119           4.520     231.468           4.520     231.468             119             119
  241        -130.998    -102.001        -131.000    -102.000             241             241
  246         219.483     -98.532         219.480     -98.532             246             246
