SINAL     NFT                         FFT                         NFT INVERSA     FFT INVERSA
-----     -----------------------     -----------------------     -----------     -----------
   72        1136.000       0.000        1136.000       0.000              72              72
  251         111.965      -4.593         111.965      -4.593             251             251
   44         -74.001     122.000         -74.000     122.000              44              44
  230        -119.965    -272.593        -119.965    -272.593             230             230
   76        -396.000      -0.001        -396.000       0.000              76              76
   71        -119.966     272.592        -119.966     272.593              71              71
  178         -73.998    -122.001         -74.000    -122.000             178             178
  214         111.967       4.593         111.965       4.593             214             214
