SINAL     NFT                         FFT                         NFT INVERSA     FFT INVERSA
-----     -----------------------     -----------------------     -----------     -----------
   80         856.000       0.000         856.000       0.000              80              80
    6        -279.839     122.506        -279.839     122.506               6               6
   53          19.000      67.000          19.000      67.000              53              53
  190         145.839     -81.494         145.839     -81.494             190             190
  147          14.000      -0.000          14.000       0.000             147             147
  171         145.839      81.494         145.839      81.494             171             171
  155          19.000     -67.000          19.000     -67.000             155             155
   54        -279.838    -122.508        -279.839    -122.506              54              54
