SINAL     NFT                         FFT                         NFT INVERSA     FFT INVERSA
-----     -----------------------     -----------------------     -----------     -----------
   60        1406.000       0.000        1406.000       0.000              60              60
  163        -156.983     100.639        -156.983     100.640             163             163
  212        -242.000     -98.000        -242.000     -98.000             212             212
  155         -41.017      26.639         -41.017      26.640             155             155
  159         -46.000      -0.000         -46.000       0.000             159             159
  249         -41.017     -26.640         -41.017     -26.640             249             249
  249        -242.000      97.999        -242.000      98.000             249             249
  159        -156.980    -100.641        -156.983    -100.640             159             159
