SINAL     NFT                         FFT                         NFT INVERSA     FFT INVERSA
-----     -----------------------     -----------------------     -----------     -----------
  236        1151.000       0.000        1151.000       0.000             236             236
  120         237.657      81.167         237.657      81.167             120             120
  187        -119.000     -56.000        -119.000     -56.000             187             187
   88         226.343     111.166         226.343     111.167              88              88
    4          47.000      -0.001          47.000       0.000               4               4
  184         226.344    -111.167         226.343    -111.167             184             184
  172        -119.000      55.999        -119.000      56.000             172             172
  160         237.659     -81.166         237.657     -81.167             160             160
