SINAL     NFT                         FFT                         NFT INVERSA     FFT INVERSA
-----     -----------------------     -----------------------     -----------     -----------
  191        1082.000       0.000        1082.000       0.000             191             191
  202         221.300     143.080         221.300     143.080             202             202
   64           7.000     -91.000           7.000     -91.000              64              64
   58         -57.300    -186.921         -57.300    -186.920              58              58
  109         104.000       0.000         104.000       0.000             109             109
   88         -57.300     186.920         -57.300     186.920              88              88
  229           7.001      90.999           7.000      91.000             229             229
  141         221.302    -143.080         221.300    -143.080             141             141
