SINAL     NFT                         FFT                         NFT INVERSA     FFT INVERSA
-----     -----------------------     -----------------------     -----------     -----------
   79         698.000       0.000         698.000       0.000              79              79
  172          75.581     -81.137          75.581     -81.137             172             172
   42          64.000      12.000          64.000      12.000              42              42
  109        -119.581    -145.137        -119.581    -145.137             109             109
  101        -106.000      -0.000        -106.000       0.000             101             101
   23        -119.581     145.137        -119.581     145.137              23              23
   74          64.001     -12.000          64.000     -12.000              74              74
   98          75.581      81.137          75.581      81.137              98              98
