SINAL     NFT                         FFT                         NFT INVERSA     FFT INVERSA
-----     -----------------------     -----------------------     -----------     -----------
  214         999.000       0.000         999.000       0.000             214             214
  116         133.710     149.799         133.711     149.799             116             116
   95          45.000     -78.000          45.000     -78.000              95              95
   27          -7.710    -110.201          -7.711    -110.201              27              27
  151         371.000       0.001         371.000       0.000             151             151
   80          -7.711     110.200          -7.711     110.201              80              80
  225          45.000      77.999          45.000      78.000             225             225
   91         133.713    -149.799         133.711    -149.799              91              91
