SINAL     NFT                         FFT                         NFT INVERSA     FFT INVERSA
-----     -----------------------     -----------------------     -----------     -----------
  208         885.000       0.000         885.000       0.000             208             208
   83         286.593    -129.745         286.593    -129.745              83              83
  187          68.999     218.000          69.000     218.000             187             187
   94           9.406     220.254           9.407     220.255              94              94
   60          49.000      -0.001          49.000       0.000              60              60
   17           9.408    -220.256           9.407    -220.255              17              17
   12          69.002    -218.000          69.000    -218.000              12              12
  224         286.594     129.746         286.593     129.745             224             224
