SINAL     NFT                         FFT                         NFT INVERSA     FFT INVERSA
-----     -----------------------     -----------------------     -----------     -----------
   67         641.000       0.000         641.000       0.000              67              67
   53        -147.404     -68.338        -147.404     -68.338              53              53
   44         -31.000      84.000         -31.000      84.000              44              44
  236         251.404    -118.338         251.404    -118.338             236             236
   15        -251.000      -0.001        -251.000       0.000              15              15
  128         251.404     118.339         251.404     118.338             128             128
   69         -31.000     -84.000         -31.000     -84.000              69              69
   29        -147.404      68.337        -147.404      68.338              29              29
