SINAL     NFT                         FFT                         NFT INVERSA     FFT INVERSA
-----     -----------------------     -----------------------     -----------     -----------
   77         765.000       0.000         765.000       0.000              77              77
  176         -18.553    -139.371         -18.553    -139.371             176             176
  111          -2.000    -111.000          -2.000    -111.000             111             111
   82        -127.447    -153.371        -127.447    -153.371              82              82
  150         147.000       0.001         147.000       0.000             150             150
   34        -127.448     153.371        -127.447     153.371              34              34
  118          -2.000     111.000          -2.000     111.000             118             118
   17         -18.552     139.370         -18.553     139.371              17              17
