SINAL     NFT                         FFT                         NFT INVERSA     FFT INVERSA
-----     -----------------------     -----------------------     -----------     -----------
   98        1509.000       0.000        1509.000       0.000              98              98
  170        -156.640      40.426        -156.640      40.426             170             170
  167         -43.000      58.000         -43.000      58.000             167             167
  244         -29.361      44.426         -29.360      44.426             244             244
  191        -267.000      -0.001        -267.000       0.000             191             191
  245         -29.360     -44.427         -29.360     -44.426             245             245
  165         -42.999     -58.001         -43.000     -58.000             165             165
  229        -156.637     -40.427        -156.640     -40.426             229             229
