SINAL     NFT                         FFT                         NFT INVERSA     FFT INVERSA
-----     -----------------------     -----------------------     -----------     -----------
   11        1264.000       0.000        1264.000       0.000              11              11
  238        -250.468      19.306        -250.468      19.307             238             238
   99        -140.000    -152.000        -140.000    -152.000              99              99
  209        -117.532    -276.694        -117.532    -276.693             209             209
  195        -160.000       0.000        -160.000       0.000             195             195
  194        -117.533     276.693        -117.532     276.693             194             194
  247        -140.000     151.999        -140.000     152.000             247             247
   71        -250.466     -19.308        -250.468     -19.307              71              71
