SINAL     NFT                         FFT                         NFT INVERSA     FFT INVERSA
-----     -----------------------     -----------------------     -----------     -----------
  220        1074.000       0.000        1074.000       0.000             220             220
   83        -109.442     -33.447        -109.442     -33.447              83              83
   47         281.000      91.000         281.000      91.000              47              47
  237         197.442     -75.447         197.442     -75.447             237             237
  176         -52.000      -0.001         -52.000       0.000             176             176
  153         197.442      75.447         197.442      75.447             153             153
   68         281.000     -91.000         281.000     -91.000              68              68
   90        -109.441      33.446        -109.442      33.447              90              90
