SINAL     NFT                         FFT                         NFT INVERSA     FFT INVERSA
-----     -----------------------     -----------------------     -----------     -----------
  136        1081.000       0.000        1081.000       0.000             136             136
   74          -7.557     239.894          -7.556     239.894              74              74
    6         121.000     202.000         121.000     202.000               6               6
  186          23.556     -22.106          23.556     -22.106             186             186
  128        -267.000      -0.001        -267.000       0.000             128             128
  162          23.557      22.105          23.556      22.106             162             162
  137         121.001    -202.000         121.000    -202.000             137             137
  252          -7.554    -239.895          -7.556    -239.894             252             252
