SINAL     NFT                         FFT                         NFT INVERSA     FFT INVERSA
-----     -----------------------     -----------------------     -----------     -----------
  161         732.000       0.000         732.000       0.000             161             161
  149          18.355    -220.706          18.355    -220.706             149             149
   64         262.000      10.000         262.000      10.000              64              64
  129         -52.355    -118.706         -52.355    -118.706             129             129
  178         100.000       0.000         100.000       0.000             178             178
    4         -52.355     118.705         -52.355     118.706               4               4
   13         262.000     -10.000         262.000     -10.000              13              13
   34          18.355     220.705          18.355     220.706              34              34
