SINAL     NFT                         FFT                         NFT INVERSA     FFT INVERSA
-----     -----------------------     -----------------------     -----------     -----------
  134        1133.000       0.000        1133.000       0.000             134             134
  110        -120.921      78.570        -120.920      78.570             110             110
   41          94.000     181.000          94.000     181.000              41              41
  216         -77.079    -303.430         -77.080    -303.430             216             216
  233         147.000       0.000         147.000       0.000             233             233
   46         -77.081     303.429         -77.080     303.430              46              46
  232          94.001    -181.001          94.000    -181.000             232             232
  121        -120.919     -78.571        -120.920     -78.570             121             121
