SINAL     NFT                         FFT                         NFT INVERSA     FFT INVERSA
-----     -----------------------     -----------------------     -----------     -----------
   27        1041.000       0.000        1041.000       0.000              27              27
   57        -248.392      17.326        -248.392      17.326              57              57
  142        -105.000     122.000        -105.000     122.000             142             142
  230          68.392      87.326          68.392      87.326             230             230
  117        -255.000      -0.001        -255.000       0.000             117             117
  206          68.392     -87.326          68.392     -87.326             206             206
  107        -104.999    -122.000        -105.000    -122.000             107             107
  155        -248.390     -17.327        -248.392     -17.326             155             155
