SINAL     NFT                         FFT                         NFT INVERSA     FFT INVERSA
-----     -----------------------     -----------------------     -----------     -----------
   50         442.000       0.000         442.000       0.000              50              50
   56          10.477     -88.891          10.477     -88.891              56              56
   78          21.000      93.000          21.000      93.000              78              78
   76         -64.477      11.109         -64.477      11.109              76              76
   77          24.000      -0.000          24.000       0.000              77              77
    2         -64.477     -11.110         -64.477     -11.109               2               2
   28          21.001     -93.000          21.000     -93.000              28              28
   75          10.477      88.891          10.477      88.891              75              75
