SINAL     NFT                         FFT                         NFT INVERSA     FFT INVERSA
-----     -----------------------     -----------------------     -----------     -----------
  242        1166.000       0.000        1166.000       0.000             242             242
  163          97.326     304.480          97.326     304.480             163             163
   10         222.000    -220.000         222.000    -220.000              10              10
   16          -7.326     -89.520          -7.326     -89.520              16              16
  197         146.000      -0.000         146.000       0.000             197             197
  202          -7.326      89.519          -7.326      89.520             202             202
  207         222.000     220.000         222.000     220.000             207             207
  129          97.329    -304.481          97.326    -304.480             129             129
