SINAL     NFT                         FFT                         NFT INVERSA     FFT INVERSA
-----     -----------------------     -----------------------     -----------     -----------
  209         883.000       0.000         883.000       0.000             209             209
   80         279.530     256.702         279.530     256.702              80              80
   88         -92.000      -7.000         -92.000      -7.000              88              88
    4          74.470     -57.298          74.469     -57.298               4               4
   32         265.000       0.000         265.000       0.000              32              32
   78          74.469      57.297          74.470      57.298              78              78
  245         -91.999       6.999         -92.000       7.000             245             245
  147         279.533    -256.702         279.531    -256.702             147             147
