SINAL     NFT                         FFT                         NFT INVERSA     FFT INVERSA
-----     -----------------------     -----------------------     -----------     -----------
   38        1101.000       0.000        1101.000       0.000              38              38
   84         -95.850      96.050         -95.849      96.050              84              84
  117        -178.001     259.000        -178.000     259.000             117             117
  224         -66.151    -105.950         -66.151    -105.950             224             224
  119        -117.000      -0.000        -117.000       0.000             119             119
   91         -66.151     105.949         -66.151     105.950              91              91
  218        -177.998    -259.001        -178.000    -259.000             218             218
  210         -95.847     -96.050         -95.849     -96.050             210             210
