SINAL     NFT                         FFT                         NFT INVERSA     FFT INVERSA
-----     -----------------------     -----------------------     -----------     -----------
   33         892.000       0.000         892.000       0.000              33              33
  232         203.241    -140.962         203.241    -140.962             232             232
  157        -183.000      19.000        -183.000      19.000             157             157
  119        -143.242      49.038        -143.241      49.038             119             119
    3        -382.000      -0.001        -382.000       0.000               3               3
   77        -143.240     -49.039        -143.241     -49.038              77              77
   62        -182.999     -19.001        -183.000     -19.000              62              62
  209         203.242     140.963         203.241     140.962             209             209
