SINAL     NFT                         FFT                         NFT INVERSA     FFT INVERSA
-----     -----------------------     -----------------------     -----------     -----------
   21         928.000       0.000         928.000       0.000              21              21
  236          -5.494     -78.335          -5.494     -78.335             236             236
  184        -245.000    -335.000        -245.000    -335.000             184             184
   54         -46.506      31.666         -46.506      31.665              54              54
   47        -166.000      -0.000        -166.000       0.000              47              47
  205         -46.506     -31.665         -46.506     -31.665             205             205
  129        -245.001     334.999        -245.000     335.000             129             129
   52          -5.493      78.334          -5.494      78.335              52              52
