SINAL     NFT                         FFT                         NFT INVERSA     FFT INVERSA
-----     -----------------------     -----------------------     -----------     -----------
  200        1281.000       0.000        1281.000       0.000             200             200
  210          72.509     -12.096          72.510     -12.095             210             210
   66         209.000      68.000         209.000      68.000              66              66
  180        -108.510    -166.096        -108.510    -166.095             180             180
  218         -27.000      -0.000         -27.000       0.000             218             218
   83        -108.510     166.094        -108.510     166.095              83              83
  143         209.001     -68.000         209.000     -68.000             143             143
  181          72.511      12.095          72.510      12.095             181             181
