SINAL     NFT                         FFT                         NFT INVERSA     FFT INVERSA
-----     -----------------------     -----------------------     -----------     -----------
   11         909.000       0.000         909.000       0.000              11              11
  229         -35.574     -92.439         -35.574     -92.439             229             229
  131        -153.000    -182.000        -153.000    -182.000             131             131
  108        -120.426     -74.439        -120.426     -74.439             108             108
   89        -203.000      -0.000        -203.000       0.000              89              89
  140        -120.426      74.438        -120.426      74.439             140             140
  122        -153.000     181.999        -153.000     182.000             122             122
   79         -35.572      92.438         -35.574      92.439              79              79
