SINAL     NFT                         FFT                         NFT INVERSA     FFT INVERSA
-----     -----------------------     -----------------------     -----------     -----------
  137        1315.000       0.000        1315.000       0.000             137             137
  160        -110.163     134.423        -110.163     134.423             160             160
   48         100.000      61.000         100.000      61.000              48              48
  209         -57.837    -189.578         -57.837    -189.577             209             209
  221         -83.000      -0.000         -83.000       0.000             221             221
  159         -57.837     189.576         -57.837     189.577             159             159
  210         100.001     -61.000         100.000     -61.000             210             210
  171        -110.161    -134.424        -110.163    -134.423             171             171
