SINAL     NFT                         FFT                         NFT INVERSA     FFT INVERSA
-----     -----------------------     -----------------------     -----------     -----------
   18         590.000       0.000         590.000       0.000              18              18
  175         142.927    -280.004         142.928    -280.004             175             175
  247        -229.000    -121.000        -229.000    -121.000             247             247
    0        -180.928     139.996        -180.928     139.996              -0               0
   37          88.000       0.000          88.000       0.000              37              37
   11        -180.927    -139.997        -180.927    -139.996              11              11
   37        -229.000     120.999        -229.000     121.000              37              37
   65         142.927     280.004         142.927     280.004              65              65
