SINAL     NFT                         FFT                         NFT INVERSA     FFT INVERSA
-----     -----------------------     -----------------------     -----------     -----------
   13         813.000       0.000         813.000       0.000              13              13
  231          84.501     -97.932          84.501     -97.932             231             231
  120        -144.000    -119.000        -144.000    -119.000             120             120
   87        -154.501     -27.933        -154.501     -27.933              87              87
   48        -281.000      -0.001        -281.000       0.000              48              48
  102        -154.501      27.932        -154.501      27.932             102             102
   85        -144.000     118.999        -144.000     119.000              85              85
  127          84.502      97.933          84.501      97.933             127             127
