SINAL     NFT                         FFT                         NFT INVERSA     FFT INVERSA
-----     -----------------------     -----------------------     -----------     -----------
  150         830.000       0.000         830.000       0.000             150             150
  101         141.515     -80.905         141.515     -80.905             101             101
  192         -64.000     -76.000         -64.000     -76.000             192             192
   69         158.485     259.095         158.485     259.095              69              69
    0        -102.000      -0.001        -102.000       0.000              -0               0
  170         158.486    -259.095         158.485    -259.095             170             170
   22         -64.000      75.999         -64.000      76.000              22              22
  126         141.516      80.904         141.515      80.905             126             126
