SINAL     NFT                         FFT                         NFT INVERSA     FFT INVERSA
-----     -----------------------     -----------------------     -----------     -----------
   16         788.000       0.000         788.000       0.000              16              16
   95        -242.335     -18.950        -242.335     -18.950              95              95
   52         161.000      41.000         161.000      41.000              52              52
  132        -195.666       9.050        -195.665       9.050             132             132
  235        -106.000      -0.000        -106.000       0.000             235             235
  108        -195.665      -9.051        -195.665      -9.050             108             108
   38         161.001     -40.999         161.000     -41.000              38              38
  112        -242.334      18.949        -242.335      18.950             112             112
