SINAL     NFT                         FFT                         NFT INVERSA     FFT INVERSA
-----     -----------------------     -----------------------     -----------     -----------
   37        2045.000       0.000        2045.000       0.000              37              37
  248        -251.095      88.655        -251.095      88.656             248             248
  125         106.749    -281.633         106.749    -281.633             125             125
  152         -60.631    -378.187         -60.631    -378.187             152             152
   26        -252.000      24.999        -252.000      25.000              26              26
   41        -123.663    -147.016        -123.663    -147.015              41              41
  210          57.253    -381.633          57.251    -381.633             210             210
  126        -272.610    -148.173        -272.611    -148.173             126             126
  214         139.000       0.002         139.000       0.000             214             214
  110        -272.612     148.172        -272.611     148.173             110             110
  186          57.249     381.634          57.251     381.633             186             186
  201        -123.664     147.014        -123.663     147.016             201             201
  143        -251.999     -25.002        -252.000     -25.000             143             143
   65         -60.632     378.186         -60.631     378.187              65              65
  151         106.749     281.632         106.749     281.633             151             151
   10        -251.088     -88.661        -251.095     -88.656              10              10
