SINAL     NFT                         FFT                         NFT INVERSA     FFT INVERSA
-----     -----------------------     -----------------------     -----------     -----------
  114        2080.000       0.000        2080.000       0.000             114             114
  161         -75.954     412.561         -75.953     412.561             161             161
   38         151.660      44.702         151.660      44.702              38              38
   92        -171.131     -39.971        -171.131     -39.971              92              92
   39         261.000    -217.000         261.000    -217.000              39              39
  131          41.515      33.998          41.515      33.998             131             131
   17           0.338     154.702           0.339     154.702              17              17
  159         -90.432    -105.472         -90.432    -105.471             159             159
  188        -490.000      -0.003        -490.000       0.000             188             188
  206         -90.431     105.469         -90.432     105.471             206             206
  123           0.342    -154.703           0.340    -154.702             123             123
  113          41.517     -33.998          41.515     -33.998             113             113
  187         260.999     217.001         261.000     217.000             187             187
  253        -171.130      39.967        -171.131      39.971             253             253
   89         151.664     -44.703         151.660     -44.702              89              89
  170         -75.943    -412.562         -75.953    -412.561             170             170
