SINAL     NFT                         FFT                         NFT INVERSA     FFT INVERSA
-----     -----------------------     -----------------------     -----------     -----------
  218        2220.000       0.000        2220.000       0.000             218             218
   37          80.927    -406.915          80.927    -406.915              37              37
  179         -95.795     290.723         -95.794     290.723             179             179
  217        -120.518      39.420        -120.518      39.421             217             217
  151         140.000     -32.000         140.000     -32.000             151             151
  254          26.201     338.765          26.202     338.766             254             254
  180         141.795     -67.278         141.794     -67.277             180             180
  139         325.390    -239.569         325.389    -239.570             139             139
  140         272.000       0.001         272.000       0.000             140             140
  133         325.387     239.570         325.388     239.570             133             133
    8         141.793      67.275         141.794      67.277               8               8
   21          26.204    -338.768          26.202    -338.766              21              21
  184         140.000      32.000         140.000      32.000             184             184
   79        -120.517     -39.424        -120.518     -39.421              79              79
  186         -95.788    -290.724         -95.794    -290.723             186             186
   94          80.930     406.915          80.927     406.915              94              94
