SINAL     NFT                         FFT                         NFT INVERSA     FFT INVERSA
-----     -----------------------     -----------------------     -----------     -----------
  229        1820.000       0.000        1820.000       0.000             229             229
  174        -156.538    -264.294        -156.537    -264.294             174             174
   37         438.751      55.134         438.751      55.134              37              37
   52         161.160      21.743         161.161      21.743              52              52
  147         507.000    -162.999         507.000    -163.000             147             147
  199         -38.132     -63.890         -38.131     -63.889             199             199
   37         -88.751      31.132         -88.751      31.133              37              37
  238         313.508     -25.926         313.508     -25.926             238             238
  159        -430.000      -0.003        -430.000       0.000             159             159
  226         313.509      25.927         313.508      25.926             226             226
    4         -88.750     -31.135         -88.751     -31.134               4               4
   80         -38.129      63.888         -38.131      63.889              80              80
   66         507.001     163.002         507.000     163.000              66              66
   45         161.162     -21.744         161.160     -21.743              45              45
   16         438.753     -55.131         438.751     -55.133              16              16
  111        -156.536     264.290        -156.538     264.294             111             111
