SINAL     NFT                         FFT                         NFT INVERSA     FFT INVERSA
-----     -----------------------     -----------------------     -----------     -----------
  166        1920.000       0.000        1920.000       0.000             166             166
  196         101.815    -115.679         101.816    -115.679             196             196
  116           3.109    -205.857           3.109    -205.856             116             116
  225         -84.842    -332.798         -84.842    -332.797             225             225
   83         289.000      65.001         289.000      65.000              83              83
   79         139.511      78.322         139.511      78.323              79              79
  107          80.891    -103.857          80.891    -103.856             107             107
  123        -140.484    -184.560        -140.485    -184.559             123             123
  162         -42.000      -0.000         -42.000       0.000             162             162
   74        -140.485     184.558        -140.485     184.559              74              74
   72          80.891     103.856          80.891     103.856              72              72
  105         139.513     -78.323         139.511     -78.322             105             105
  203         289.001     -64.998         289.000     -65.000             203             203
  109         -84.844     332.796         -84.842     332.797             109             109
   30           3.110     205.854           3.109     205.856              30              30
   70         101.820     115.676         101.816     115.679              70              70
