SINAL     NFT                         FFT                         NFT INVERSA     FFT INVERSA
-----     -----------------------     -----------------------     -----------     -----------
  151        2313.000       0.000        2313.000       0.000             151             151
  207         236.150     382.958         236.151     382.958             207             207
  144          49.246     -34.771          49.246     -34.771             144             144
   62          56.215     -27.812          56.216     -27.811              62              62
   70          30.000    -301.000          30.000    -301.000              70              70
  161           5.742      89.069           5.743      89.069             161             161
   52         -99.248     299.228         -99.246     299.229              52              52
   90        -126.109     -76.164        -126.109     -76.162              90              90
  108        -201.000      -0.002        -201.000       0.000             108             108
  162        -126.109      76.160        -126.109      76.162             162             162
  196         -99.243    -299.231         -99.246    -299.229             196             196
  104           5.745     -89.069           5.743     -89.069             104             104
  214          30.000     300.999          30.000     301.000             214             214
  249          56.218      27.810          56.216      27.811             249             249
  121          49.250      34.769          49.246      34.771             121             121
  222         236.162    -382.957         236.151    -382.957             222             222
