SINAL     NFT                         FFT                         NFT INVERSA     FFT INVERSA
-----     -----------------------     -----------------------     -----------     -----------
    7        2183.000       0.000        2183.000       0.000               7               7
  199         -62.065    -209.731         -62.065    -209.731             199             199
  227        -286.791     119.490        -286.790     119.491             227             227
   53        -151.507    -254.520        -151.507    -254.519              53              53
  199        -229.999    -373.001        -230.000    -373.000             199             199
  240         -89.262    -365.146         -89.262    -365.146             240             240
  115        -189.212     515.491        -189.210     515.491             115             115
  214        -105.165    -144.359        -105.165    -144.358             214             214
  109         157.000       0.001         157.000       0.000             109             109
   18        -105.167     144.357        -105.166     144.358              18              18
  222        -189.206    -515.491        -189.209    -515.491             222             222
   12         -89.265     365.148         -89.263     365.146              12              12
  155        -230.002     372.998        -230.000     373.000             155             155
  236        -151.507     254.516        -151.507     254.519             236             236
  136        -286.786    -119.495        -286.790    -119.491             136             136
   41         -62.059     209.729         -62.065     209.731              41              41
