SINAL     NFT                         FFT                         NFT INVERSA     FFT INVERSA
-----     -----------------------     -----------------------     -----------     -----------
   18        2148.000       0.000        2148.000       0.000              18              18
  153          -2.441      98.536          -2.441      98.536             153             153
  167         208.525     127.009         208.525     127.009             167             167
   74        -153.118     180.575        -153.117     180.575              74              74
  129        -483.001      -7.002        -483.000      -7.000             129             129
   33         -81.996      -2.715         -81.996      -2.714              33              33
  234        -194.525    -184.992        -194.525    -184.992             234             234
  109        -170.448     423.246        -170.447     423.247             109             109
  120        -106.000      -0.002        -106.000       0.000             120             120
  212        -170.444    -423.248        -170.446    -423.247             212             212
  131        -194.526     184.990        -194.525     184.991             131             131
  145         -81.996       2.713         -81.996       2.714             145             145
    2        -482.998       6.995        -483.000       7.000               2               2
  169        -153.111    -180.577        -153.117    -180.575             169             169
  220         208.531    -127.006         208.525    -127.008             220             220
  232          -2.433     -98.535          -2.441     -98.536             232             232
