SINAL     NFT                         FFT                         NFT INVERSA     FFT INVERSA
-----     -----------------------     -----------------------     -----------     -----------
  223        1708.000       0.000        1708.000       0.000             223             223
  147         158.610    -237.507         158.610    -237.507             147             147
    3        -190.395    -148.509        -190.395    -148.508               3               3
  249         484.299     149.384         484.299     149.384             249             249
  126           1.000      64.999           1.000      65.000             126             126
  154         326.810     -18.800         326.810     -18.800             154             154
  189         266.396    -370.508         266.396    -370.508             189             189
    0         -85.720    -145.691         -85.720    -145.691              -0              -0
    2         -62.000      -0.000         -62.000       0.000               2               2
   69         -85.720     145.690         -85.720     145.690              69              69
  147         266.394     370.508         266.395     370.508             147             147
  161         326.811      18.800         326.810      18.800             161             161
   61           1.001     -65.002           1.000     -65.000              61              61
   40         484.301    -149.381         484.300    -149.383              40              40
   72        -190.396     148.505        -190.396     148.508              72              72
   65         158.613     237.505         158.610     237.507              65              65
