SINAL     NFT                         FFT                         NFT INVERSA     FFT INVERSA
-----     -----------------------     -----------------------     -----------     -----------
  115        1671.000       0.000        1671.000       0.000             115             115
  188          99.065    -113.928          99.065    -113.928             188             188
  213         110.691     -73.432         110.691     -73.431             213             213
    6         137.631     -75.111         137.632     -75.111               6               6
   36        -283.000    -410.001        -283.000    -410.000              36              36
  242        -438.709    -129.136        -438.710    -129.135             242             242
   96         331.308     186.570         331.309     186.569              96              96
    3        -105.986    -223.954        -105.987    -223.953               3               3
  192         467.000       0.003         467.000       0.000             192             192
    6        -105.989     223.952        -105.987     223.953               6               6
  190         331.309    -186.567         331.309    -186.569             190             190
   61        -438.712     129.132        -438.710     129.135              61              61
   50        -283.001     409.997        -283.000     410.000              50              50
   70         137.634      75.110         137.632      75.111              70              70
  177         110.693      73.431         110.691      73.431             177             177
   26          99.069     113.927          99.065     113.928              26              26
