SINAL     NFT                         FFT                         NFT INVERSA     FFT INVERSA
-----     -----------------------     -----------------------     -----------     -----------
  212        2315.000       0.000        2315.000       0.000             212             212
  134         -60.888      33.252         -60.888      33.252             134             134
  176        -204.840    -415.932        -204.840    -415.931             176             176
  170          92.546    -132.980          92.546    -132.980             170             170
  206         195.000      94.000         195.000      94.000             206             206
   99         126.543    -141.833         126.543    -141.833              99              99
   66        -117.159     -47.932        -117.159     -47.931              66              66
  181         381.801    -127.599         381.800    -127.600             181             181
   77         251.000       0.001         251.000       0.000              77              77
  167         381.798     127.602         381.800     127.601             167             167
  188        -117.160      47.929        -117.159      47.931             188             188
  209         126.542     141.832         126.542     141.833             209             209
  244         195.001     -94.000         195.000     -94.000             244             244
   69          92.545     132.980          92.546     132.980              69              69
  114        -204.842     415.926        -204.841     415.931             114             114
    3         -60.880     -33.257         -60.888     -33.252               3               3
