SINAL     NFT                         FFT                         NFT INVERSA     FFT INVERSA
-----     -----------------------     -----------------------     -----------     -----------
   67        1890.000       0.000        1890.000       0.000              67              67
   83        -167.785     300.740        -167.784     300.740              83              83
  125         206.748      44.979         206.749      44.979             125             125
   18         142.993     118.336         142.994     118.336              18              18
   34        -337.001     204.999        -337.000     205.000              34              34
  108        -478.893     -69.095        -478.894     -69.093             108             108
  150         157.252     -69.021         157.251     -69.021             150             150
   75        -148.315     -74.690        -148.316     -74.689              75              75
  230         432.000       0.002         432.000       0.000             230             230
   61        -148.317      74.687        -148.316      74.689              61              61
  221         157.250      69.021         157.251      69.021             221             221
  211        -478.895      69.088        -478.894      69.093             211             211
   81        -336.996    -205.004        -337.000    -205.000              81              81
   10         142.999    -118.335         142.994    -118.335              10              10
  253         206.752     -44.978         206.749     -44.979             253             253
  163        -167.776    -300.741        -167.784    -300.740             163             163
