SINAL     NFT                         FFT                         NFT INVERSA     FFT INVERSA
-----     -----------------------     -----------------------     -----------     -----------
  143        2227.000       0.000        2227.000       0.000             143             143
   10         302.893     -92.213         302.894     -92.214              10              10
  229        -341.187     202.563        -341.186     202.563             229             229
  206         -41.541     153.468         -41.540     153.468             206             206
  155        -255.001     159.999        -255.000     160.000             155             155
  164          46.645     273.617          46.646     273.617             164             164
  214         213.185     108.563         213.186     108.564             214             214
   25         -80.000      95.934         -79.999      95.935              25              25
   86         371.000       0.000         371.000       0.000              86              86
   29         -79.999     -95.938         -79.999     -95.936              29              29
  136         213.187    -108.564         213.186    -108.563             136             136
  109          46.647    -273.619          46.646    -273.617             109             109
  138        -254.998    -160.003        -255.000    -160.000             138             138
  181         -41.537    -153.469         -41.540    -153.468             181             181
  198        -341.180    -202.567        -341.186    -202.564             198             198
  204         302.901      92.217         302.894      92.214             204             204
