SINAL     NFT                         FFT                         NFT INVERSA     FFT INVERSA
-----     -----------------------     -----------------------     -----------     -----------
   34        2087.000       0.000        2087.000       0.000              34              34
   85          25.116    -211.863          25.116    -211.863              85              85
  251        -349.909      75.262        -349.909      75.262             251             251
  160        -324.185      72.839        -324.184      72.840             160             160
  148        -426.999    -226.001        -427.000    -226.000             148             148
  253        -207.828    -322.297        -207.830    -322.297             253             253
   97         427.908     295.264         427.909     295.262              97              97
  100           2.898     -43.000           2.898     -43.000             100             100
  160         163.000       0.001         163.000       0.000             160             160
    9           2.898      43.000           2.898      43.000               9               9
  192         427.910    -295.259         427.909    -295.262             192             192
   96        -207.834     322.296        -207.830     322.297              96              96
    7        -427.002     225.996        -427.000     226.000               7               7
  247        -324.182     -72.844        -324.184     -72.840             247             247
  236        -349.904     -75.265        -349.909     -75.262             236             236
   12          25.122     211.863          25.116     211.863              12              12
