SINAL     NFT                         FFT                         NFT INVERSA     FFT INVERSA
-----     -----------------------     -----------------------     -----------     -----------
  165        1973.000       0.000        1973.000       0.000             165             165
   96         -79.299     395.348         -79.298     395.348              96              96
   41          73.301     278.946          73.301     278.946              41              41
   56          29.140    -161.750          29.140    -161.750              56              56
   32         -57.000     -60.001         -57.000     -60.000              32              32
   63          19.629      56.083          19.629      56.084              63              63
  226         132.700    -409.054         132.699    -409.054             226             226
   88          54.529     -14.818          54.528     -14.818              88              88
  159         321.000       0.001         321.000       0.000             159             159
  138          54.528      14.819          54.528      14.818             138             138
   88         132.696     409.054         132.698     409.054              88              88
  169          19.630     -56.086          19.629     -56.084             169             169
  189         -57.000      59.998         -57.000      60.000             189             189
  146          29.140     161.747          29.140     161.750             146             146
  247          73.306    -278.948          73.302    -278.946             247             247
   70         -79.288    -395.349         -79.298    -395.348              70              70
