SINAL     NFT                         FFT                         NFT INVERSA     FFT INVERSA
-----     -----------------------     -----------------------     -----------     -----------
  203        2016.000       0.000        2016.000       0.000             203             203
  127         128.009     199.086         128.010     199.086             127             127
   89         259.619    -296.719         259.619    -296.719              89              89
  244         -51.365      70.161         -51.365      70.161             244             244
   10         222.999     239.000         223.000     239.000              10              10
   67         258.542     196.355         258.543     196.355              67              67
   10         156.379     213.280         156.381     213.281              10              10
  127        -195.189    -246.723        -195.189    -246.721             127             127
  168        -326.000      -0.003        -326.000       0.000             168             168
  139        -195.189     246.717        -195.189     246.720             139             139
  194         156.384    -213.282         156.381    -213.281             194             194
  105         258.546    -196.355         258.543    -196.355             105             105
  153         223.003    -238.999         223.000    -239.000             153             153
  133         -51.362     -70.162         -51.364     -70.161             133             133
   18         259.619     296.720         259.619     296.719              18              18
  229         128.018    -199.087         128.010    -199.086             229             229
