SINAL     NFT                         FFT                         NFT INVERSA     FFT INVERSA
-----     -----------------------     -----------------------     -----------     -----------
  206        1966.000       0.000        1966.000       0.000             206             206
  233         268.523      92.543         268.523      92.543             233             233
  217         108.078    -200.966         108.078    -200.965             217             217
   38         -25.584    -518.476         -25.585    -518.476              38              38
  139         237.999      30.000         238.000      30.000             139             139
    9        -159.642    -202.210        -159.642    -202.209               9               9
   68        -186.078     -30.967        -186.078     -30.966              68              68
  159         148.705     -51.189         148.704     -51.189             159             159
  148         546.000       0.002         546.000       0.000             148             148
   30         148.703      51.190         148.704      51.190              30              30
   80        -186.079      30.964        -186.078      30.965              80              80
  136        -159.643     202.207        -159.643     202.209             136             136
  254         238.002     -29.999         238.000     -30.000             254             254
   68         -25.588     518.474         -25.585     518.476              68              68
  144         108.080     200.962         108.078     200.966             144             144
   37         268.530     -92.545         268.523     -92.543              37              37
