SINAL     NFT                         FFT                         NFT INVERSA     FFT INVERSA
-----     -----------------------     -----------------------     -----------     -----------
   89        1714.000       0.000        1714.000       0.000              89              89
   57        -185.469      76.348        -185.469      76.348              57              57
    7          48.029     145.946          48.029     145.946               7               7
   94          79.902     262.776          79.902     262.777              94              94
  130         198.000     -42.000         198.000     -42.000             130             130
  111         -52.843     306.582         -52.842     306.583             111             111
  185          81.971    -276.054          81.971    -276.054             185             185
    8        -197.595     352.153        -197.593     352.154               8               8
  178        -234.000      -0.003        -234.000       0.000             178             178
  214        -197.589    -352.156        -197.592    -352.154             214             214
   23          81.970     276.053          81.970     276.054              23              23
  168         -52.838    -306.584         -52.841    -306.583             168             168
   72         198.001      42.001         198.000      42.000              72              72
  126          79.906    -262.777          79.903    -262.776             126             126
   56          48.032    -145.946          48.029    -145.946              56              56
  196        -185.463     -76.349        -185.468     -76.348             196             196
