SINAL     NFT                         FFT                         NFT INVERSA     FFT INVERSA
-----     -----------------------     -----------------------     -----------     -----------
   52        1995.000       0.000        1995.000       0.000              52              52
  167         -37.896    -132.511         -37.895    -132.511             167             167
  118          25.852     237.823          25.853     237.823             118             118
  148        -185.236    -149.036        -185.236    -149.036             148             148
  103        -395.000     -94.001        -395.000     -94.000             103             103
   89         342.231    -188.383         342.231    -188.384              89              89
  221        -143.853     -34.177        -143.853     -34.177             221             221
  238          -3.101     116.140          -3.100     116.140             238             238
   23        -369.000      -0.002        -369.000       0.000              23              23
  146          -3.098    -116.140          -3.099    -116.140             146             146
  116        -143.852      34.176        -143.853      34.177             116             116
   58         342.230     188.386         342.231     188.384              58              58
   31        -395.001      93.996        -395.000      94.000              31              31
  236        -185.235     149.033        -185.236     149.036             236             236
  149          25.858    -237.824          25.853    -237.823             149             149
  100         -37.890     132.511         -37.896     132.511             100             100
