SINAL     NFT                         FFT                         NFT INVERSA     FFT INVERSA
-----     -----------------------     -----------------------     -----------     -----------
  239        1893.000       0.000        1893.000       0.000             239             239
   14          88.950     -43.738          88.950     -43.738              14              14
  179          16.590     194.818          16.591     194.818             179             179
    0           7.696     148.528           7.697     148.529              -0               0
  228         173.000    -182.000         173.000    -182.000             228             228
  122         -11.863     -37.305         -11.863     -37.305             122             122
  142         217.409     206.819         217.409     206.818             142             142
   40          99.216     334.428          99.216     334.429              40              40
  193         749.000       0.001         749.000       0.000             193             193
   68          99.218    -334.430          99.217    -334.429              68              68
  111         217.410    -206.818         217.409    -206.818             111             111
   62         -11.864      37.304         -11.863      37.305              62              62
   87         172.999     181.999         173.000     182.000              87              87
  173           7.699    -148.531           7.697    -148.529             173             173
  142          16.595    -194.820          16.591    -194.818             142             142
   93          88.955      43.737          88.950      43.738              93              93
