SINAL     NFT                         FFT                         NFT INVERSA     FFT INVERSA
-----     -----------------------     -----------------------     -----------     -----------
   55        2029.000       0.000        2029.000       0.000              55              55
  130         114.356      44.140         114.356      44.140             130             130
  178          37.648      16.820          37.648      16.820             178             178
   86        -119.298     231.329        -119.297     231.329              86              86
  166        -204.001       2.999        -204.000       3.000             166             166
   94        -269.254     -56.395        -269.254     -56.394              94              94
  130         -31.648      46.820         -31.648      46.820             130             130
   38        -273.805     108.416        -273.805     108.417              38              38
  192         343.000       0.001         343.000       0.000             192             192
   81        -273.805    -108.419        -273.805    -108.417              81              81
  177         -31.648     -46.820         -31.648     -46.820             177             177
  102        -269.254      56.392        -269.254      56.394             102             102
   78        -203.998      -3.003        -204.000      -3.000              78              78
  115        -119.292    -231.330        -119.297    -231.329             115             115
  210          37.652     -16.819          37.648     -16.820             210             210
  197         114.363     -44.139         114.356     -44.140             197             197
