SINAL     NFT                         FFT                         NFT INVERSA     FFT INVERSA
-----     -----------------------     -----------------------     -----------     -----------
  119        2117.000       0.000        2117.000       0.000             119             119
   39        -311.759     259.491        -311.759     259.491              39              39
   95         -37.573      74.979         -37.572      74.979              95              95
  162        -278.382    -141.046        -278.382    -141.045             162             162
    5         164.001    -131.000         164.000    -131.000               5               5
  171          30.943     330.653          30.944     330.653             171             171
  109         215.573     -99.021         215.572     -99.021             109             109
  157         231.198    -152.810         231.197    -152.810             157             157
  201        -241.000      -0.001        -241.000       0.000             201             201
  248         231.197     152.811         231.197     152.811             248             248
   55         215.571      99.021         215.572      99.021              55              55
  149          30.946    -330.654          30.944    -330.653             149             149
  226         163.998     131.001         164.000     131.000             226             226
  197        -278.383     141.041        -278.383     141.045             197             197
  128         -37.569     -74.982         -37.572     -74.979             128             128
   56        -311.750    -259.495        -311.759    -259.491              56              56
