SINAL     NFT                         FFT                         NFT INVERSA     FFT INVERSA
-----     -----------------------     -----------------------     -----------     -----------
   65        1815.000       0.000        1815.000       0.000              65              65
  212        -449.942    -207.965        -449.941    -207.965             212             212
   80         183.966    -198.841         183.966    -198.841              80              80
    2         102.075      20.599         102.076      20.599               2               2
  184         267.000    -384.000         267.000    -384.000             184             184
  226        -347.867    -283.385        -347.867    -283.384             226             226
   45         -47.966     111.160         -47.966     111.159              45              45
  153         -36.267     -19.948         -36.267     -19.947             153             153
  248        -117.000      -0.000        -117.000       0.000             248             248
  182         -36.266      19.947         -36.267      19.948             182             182
  143         -47.965    -111.159         -47.965    -111.159             143             143
  118        -347.868     283.382        -347.868     283.384             118             118
   61         266.999     384.001         267.000     384.000              61              61
   55         102.077     -20.599         102.076     -20.599              55              55
   23         183.964     198.841         183.965     198.841              23              23
   18        -449.939     207.958        -449.942     207.964              18              18
