SINAL     NFT                         FFT                         NFT INVERSA     FFT INVERSA
-----     -----------------------     -----------------------     -----------     -----------
  249        2436.000       0.000        2436.000       0.000             249             249
   67          61.948      67.029          61.949      67.029              67              67
  214          70.448     -31.694          70.449     -31.693             214             214
  116         241.637      28.107         241.637      28.107             116             116
   87          91.999      74.000          92.000      74.000              87              87
  189        -322.818     523.048        -322.817     523.050             189             189
  214         299.553    -225.694         299.551    -225.693             214             214
    2         131.230     117.971         131.230     117.972               2               2
  221         400.000       0.000         400.000       0.000             221             221
  174         131.230    -117.973         131.230    -117.972             174             174
   69         299.549     225.693         299.551     225.693              69              69
  243        -322.812    -523.055        -322.816    -523.051             243             243
  198          92.003     -74.000          92.000     -74.000             198             198
   42         241.640     -28.106         241.638     -28.107              42              42
  166          70.451      31.692          70.449      31.693             166             166
  185          61.957     -67.030          61.949     -67.029             185             185
