SINAL     NFT                         FFT                         NFT INVERSA     FFT INVERSA
-----     -----------------------     -----------------------     -----------     -----------
   98        1683.000       0.000        1683.000       0.000              98              98
  231         420.706    -265.192         420.706    -265.192             231             231
  247         151.559    -206.856         151.560    -206.856             247             247
  188        -248.657     -93.262        -248.656     -93.262             188             188
   26        -272.000    -117.001        -272.000    -117.000              26              26
  131        -242.461      39.081        -242.460      39.082             131             131
   41         -19.559    -102.857         -19.560    -102.856              41              41
   75         106.413    -408.849         106.411    -408.849              75              75
   89          93.000       0.002          93.000       0.000              89              89
   82         106.408     408.850         106.411     408.849              82              82
   69         -19.561     102.855         -19.560     102.856              69              69
    6        -242.460     -39.084        -242.460     -39.082               6               6
   95        -272.000     116.997        -272.000     117.000              95              95
   12        -248.654      93.259        -248.656      93.261              12              12
  223         151.563     206.857         151.560     206.856             223             223
   70         420.709     265.194         420.706     265.193              70              70
