SINAL     NFT                         FFT                         NFT INVERSA     FFT INVERSA
-----     -----------------------     -----------------------     -----------     -----------
  207        2270.000       0.000        2270.000       0.000             207             207
   60        -116.646      57.381        -116.646      57.381              60              60
   98         120.421     246.186         120.421     246.186              98              98
   10         289.343     282.515         289.344     282.515              10              10
  225        -112.000     -16.001        -112.000     -16.000             225             225
  152         257.860    -240.948         257.859    -240.948             152             152
  160        -162.423     308.185        -162.422     308.186             160             160
  230         225.442     249.917         225.443     249.918             230             230
   43          38.000      -0.002          38.000       0.000              43              43
  175         225.444    -249.918         225.443    -249.918             175             175
  234        -162.419    -308.188        -162.421    -308.186             234             234
  117         257.858     240.949         257.859     240.948             117             117
   46        -111.999      15.996        -112.000      16.000              46              46
  179         289.348    -282.514         289.344    -282.514             179             179
  141         120.426    -246.186         120.422    -246.186             141             141
  193        -116.639     -57.382        -116.646     -57.381             193             193
