SINAL     NFT                         FFT                         NFT INVERSA     FFT INVERSA
-----     -----------------------     -----------------------     -----------     -----------
   60        2232.000       0.000        2232.000       0.000              60              60
   77          54.951     356.627          54.951     356.627              77              77
   86        -220.609     237.610        -220.608     237.610              86              86
  104        -227.274     139.555        -227.273     139.555             104             104
  220          16.000      92.000          16.000      92.000             220             220
   29         150.579       6.151         150.580       6.151              29              29
  119        -537.392     -76.392        -537.392     -76.390             119             119
  181         125.742      91.223         125.742      91.223             181             181
   34           4.000      -0.001           4.000       0.000              34              34
  206         125.742     -91.223         125.742     -91.223             206             206
  111        -537.392      76.386        -537.392      76.390             111             111
  113         150.581      -6.151         150.580      -6.151             113             113
  253          16.001     -92.001          16.000     -92.000             253             253
  199        -227.271    -139.558        -227.273    -139.555             199             199
  235        -220.602    -237.613        -220.608    -237.610             235             235
  205          54.963    -356.625          54.952    -356.627             205             205
