SINAL     NFT                         FFT                         NFT INVERSA     FFT INVERSA
-----     -----------------------     -----------------------     -----------     -----------
    4        1685.000       0.000        1685.000       0.000               4               4
  136        -204.225    -301.021        -204.225    -301.020             136             136
  175        -346.593     101.953        -346.593     101.953             175             175
   25          54.788    -363.704          54.788    -363.704              25              25
  173         149.000    -251.999         149.000    -252.000             173             173
  247        -440.227      89.831        -440.226      89.832             247             247
  159         -69.407      47.953         -69.407      47.953             159             159
   96         -14.337      68.516         -14.337      68.516              96              96
  155         121.000       0.001         121.000       0.000             155             155
   47         -14.337     -68.516         -14.337     -68.516              47              47
    0         -69.407     -47.953         -69.407     -47.953              -0               0
  130        -440.225     -89.834        -440.226     -89.832             130             130
  194         148.999     252.002         149.000     252.000             194             194
   87          54.785     363.704          54.787     363.704              87              87
   43        -346.591    -101.957        -346.593    -101.953              43              43
   14        -204.222     301.017        -204.225     301.020              14              14
