SINAL     NFT                         FFT                         NFT INVERSA     FFT INVERSA
-----     -----------------------     -----------------------     -----------     -----------
   33        1863.000       0.000        1863.000       0.000              33              33
   89        -196.704       4.038        -196.704       4.038              89              89
  213        -250.846    -448.514        -250.846    -448.513             213             213
  238        -296.949    -135.509        -296.950    -135.509             238             238
   19         -99.999    -141.000        -100.000    -141.000              19              19
  152         -53.997     223.001         -53.997     223.001             152             152
   92         454.846     127.488         454.846     127.487              92              92
    0        -284.349    -173.454        -284.350    -173.452              -0              -0
  241         121.000       0.001         121.000       0.000             241             241
   96        -284.350     173.450        -284.350     173.452              96              96
  204         454.847    -127.484         454.846    -127.487             204             204
  126         -53.996    -223.001         -53.996    -223.001             126             126
  153        -100.002     141.000        -100.000     141.000             153             153
  169        -296.950     135.507        -296.950     135.509             169             169
   37        -250.848     448.510        -250.847     448.513              37              37
    1        -196.698      -4.042        -196.704      -4.038               1               1
