SINAL     NFT                         FFT                         NFT INVERSA     FFT INVERSA
-----     -----------------------     -----------------------     -----------     -----------
  154        1635.000       0.000        1635.000       0.000             154             154
  202         366.242    -196.364         366.242    -196.364             202             202
  174         -18.255      -0.787         -18.255      -0.787             174             174
   31         316.696     159.417         316.696     159.417              31              31
  113        -383.000    -392.002        -383.000    -392.000             113             113
  240        -230.342    -235.544        -230.343    -235.543             240             240
   91          72.255      43.213          72.255      43.213              91              91
    4         127.406    -231.324         127.405    -231.324               4               4
    9         327.000       0.002         327.000       0.000               9               9
   36         127.403     231.325         127.405     231.324              36              36
  178          72.254     -43.213          72.255     -43.213             178             178
   43        -230.345     235.541        -230.343     235.543              43              43
   23        -383.001     391.995        -383.000     392.000              23              23
   45         316.701    -159.417         316.697    -159.417              45              45
  239         -18.252       0.785         -18.255       0.787             239             239
   53         366.246     196.365         366.242     196.364              53              53
