SINAL     NFT                         FFT                         NFT INVERSA     FFT INVERSA
-----     -----------------------     -----------------------     -----------     -----------
  130        2147.000       0.000        2147.000       0.000             130             130
   43        -316.232    -211.367        -316.232    -211.366              43              43
  113         -96.459    -197.506         -96.459    -197.506             113             113
  185         165.592     118.069         165.592     118.069             185             185
  247         291.998     547.000         292.000     547.000             247             247
  129        -137.418    -132.861        -137.418    -132.860             129             129
  108          94.459     156.494          94.459     156.494             108             108
  187        -127.942      53.703        -127.942      53.705             187             187
  234         185.000      -0.000         185.000       0.000             234             234
   39        -127.942     -53.707        -127.942     -53.705              39              39
  194          94.461    -156.494          94.459    -156.494             194             194
  238        -137.418     132.857        -137.418     132.860             238             238
  118         292.006    -546.999         292.000    -547.000             118             118
    6         165.593    -118.066         165.592    -118.069               6               6
   22         -96.460     197.506         -96.460     197.506              22              22
  154        -316.228     211.362        -316.232     211.366             154             154
