SINAL     NFT                         FFT                         NFT INVERSA     FFT INVERSA
-----     -----------------------     -----------------------     -----------     -----------
  134        1657.000       0.000        1657.000       0.000             134             134
   15        -219.111     242.998        -219.111     242.998              15              15
  151          53.582    -151.305          53.582    -151.305             151             151
   24          27.042     -37.997          27.043     -37.997              24              24
   66         146.000     -87.000         146.000     -87.000              66              66
   89         -79.830     297.005         -79.829     297.005              89              89
  103         196.418      70.695         196.418      70.695             103             103
   48         123.895     385.999         123.897     386.000              48              48
  171          -9.000      -0.002          -9.000       0.000             171             171
  204         123.900    -386.001         123.897    -386.000             204             204
   74         196.418     -70.695         196.418     -70.695              74              74
  202         -79.827    -297.006         -79.829    -297.005             202             202
  114         146.000      87.001         146.000      87.000             114             114
  152          27.043      37.996          27.042      37.997             152             152
   11          53.582     151.304          53.582     151.305              11              11
   99        -219.104    -243.001        -219.110    -242.998              99              99
