SINAL     NFT                         FFT                         NFT INVERSA     FFT INVERSA
-----     -----------------------     -----------------------     -----------     -----------
    1        1799.000       0.000        1799.000       0.000               1               1
   36        -213.405     136.788        -213.404     136.788              36              36
   57        -333.490    -175.343        -333.490    -175.343              57              57
  209        -322.651     198.326        -322.651     198.326             209             209
  223         155.000      98.000         155.000      98.000             223             223
   10         529.368      47.777         529.369      47.775              10              10
   41        -514.511     186.655        -514.510     186.657              41              41
  193          -1.314      58.236          -1.314      58.236             193             193
    3        -381.000      -0.003        -381.000       0.000               3               3
  242          -1.313     -58.237          -1.314     -58.236             242             242
  172        -514.507    -186.661        -514.510    -186.657             172             172
   54         529.371     -47.771         529.369     -47.774              54              54
  205         155.000     -97.999         155.000     -98.000             205             205
  208        -322.650    -198.328        -322.651    -198.326             208             208
    7        -333.490     175.341        -333.490     175.343               7               7
  138        -213.397    -136.790        -213.404    -136.788             138             138
