SINAL     NFT                         FFT                         NFT INVERSA     FFT INVERSA
-----     -----------------------     -----------------------     -----------     -----------
   31        2333.000       0.000        2333.000       0.000              31              31
  188        -222.720    -205.240        -222.719    -205.240             188             188
  142         -88.461    -164.907         -88.461    -164.907             142             142
  238        -266.144    -174.048        -266.144    -174.048             238             238
  208          51.000     112.000          51.000     112.000             208             208
   31         185.714      31.499         185.715      31.499              31              31
  239        -235.540    -134.908        -235.539    -134.907             239             239
  154        -448.851      16.305        -448.851      16.306             154             154
  219         213.000       0.001         213.000       0.000             219             219
  128        -448.851     -16.309        -448.851     -16.307             128             128
  171        -235.538     134.905        -235.539     134.907             171             171
   82         185.716     -31.497         185.715     -31.498              82              82
  204          51.001    -111.999          51.000    -112.000             204             204
  127        -266.144     174.046        -266.144     174.048             127             127
   59         -88.459     164.905         -88.461     164.907              59              59
  112        -222.714     205.236        -222.719     205.240             112             112
