SINAL     NFT                         FFT                         NFT INVERSA     FFT INVERSA
-----     -----------------------     -----------------------     -----------     -----------
   51        1743.000       0.000        1743.000       0.000              51              51
  132        -166.594    -239.742        -166.594    -239.742             132             132
  110        -134.435      78.802        -134.435      78.803             110             110
   73         446.300     -99.518         446.300     -99.519              73              73
   97        -188.001     -21.000        -188.000     -21.000              97              97
  238        -126.990     176.571        -126.989     176.571             238             238
  228        -107.566     100.802        -107.565     100.803             228             228
   93        -212.716    -139.653        -212.717    -139.651              93              93
   66          53.000       0.000          53.000       0.000              66              66
   48        -212.717     139.649        -212.717     139.651              48              48
  167        -107.564    -100.804        -107.565    -100.803             167             167
  106        -126.987    -176.573        -126.989    -176.572             106             106
  141        -187.998      20.999        -188.000      21.000             141             141
   15         446.301      99.522         446.300      99.519              15              15
   38        -134.433     -78.804        -134.435     -78.803              38              38
  140        -166.591     239.739        -166.594     239.741             140             140
