SINAL     NFT                         FFT                         NFT INVERSA     FFT INVERSA
-----     -----------------------     -----------------------     -----------     -----------
   40        1531.000       0.000        1531.000       0.000              40              40
  106          64.038      70.085          64.038      70.085             106             106
  247         319.416    -130.963         319.416    -130.963             247             247
    4         -56.100      -3.746         -56.100      -3.746               4               4
   30        -345.001     -10.001        -345.000     -10.000              30              30
   42        -142.872     221.474        -142.871     221.474              42              42
  114        -161.418     377.036        -161.417     377.036             114             114
   71        -229.068     167.304        -229.068     167.306              71              71
  131         211.000      -0.000         211.000       0.000             131             131
  103        -229.067    -167.309        -229.067    -167.306             103             103
  184        -161.414    -377.038        -161.416    -377.037             184             184
   30        -142.869    -221.475        -142.871    -221.474              30              30
   62        -344.998       9.998        -345.000      10.000              62              62
   84         -56.096       3.746         -56.099       3.746              84              84
   63         319.418     130.966         319.416     130.964              63              63
  220          64.043     -70.085          64.038     -70.085             220             220
