SINAL     NFT                         FFT                         NFT INVERSA     FFT INVERSA
-----     -----------------------     -----------------------     -----------     -----------
  244        2162.000       0.000        2162.000       0.000             244             244
  145        -242.234     354.918        -242.234     354.918             145             145
   67         320.099    -326.673         320.099    -326.673              67              67
   39         149.930     -65.696         149.930     -65.696              39              39
  150         468.999      83.001         469.000      83.000             150             150
   23          72.545    -205.888          72.545    -205.887              23              23
   35           1.900      93.327           1.901      93.327              35              35
  185          51.758     138.727          51.759     138.728             185             185
  236          96.000      -0.001          96.000       0.000             236             236
  190          51.760    -138.729          51.759    -138.728             190             190
  203           1.902     -93.328           1.901     -93.327             203             203
  225          72.546     205.886          72.545     205.887             225             225
  169         469.002     -82.998         469.000     -83.000             169             169
  117         149.930      65.696         149.930      65.696             117             117
   25         320.097     326.672         320.099     326.673              25              25
  109        -242.225    -354.924        -242.234    -354.919             109             109
