SINAL     NFT                         FFT                         NFT INVERSA     FFT INVERSA
-----     -----------------------     -----------------------     -----------     -----------
  184        1651.000       0.000        1651.000       0.000             184             184
   91         154.657    -117.631         154.657    -117.631              91              91
  168         -43.252      55.577         -43.251      55.577             168             168
   61         -51.414     -34.114         -51.414     -34.114              61              61
  130         184.000    -245.000         184.000    -245.000             130             130
  185        -174.567     105.459        -174.566     105.460             185             185
   42         -92.748      -0.424         -92.749      -0.423              42              42
   87         411.326    -342.056         411.323    -342.057              87              87
   99         517.000       0.003         517.000       0.000              99              99
  111         411.320     342.059         411.323     342.058             111             111
   43         -92.750       0.421         -92.749       0.423              43              43
    1        -174.565    -105.462        -174.566    -105.460               1               1
  221         183.999     245.000         184.000     245.000             221             221
   19         -51.413      34.111         -51.414      34.114              19              19
  197         -43.248     -55.579         -43.251     -55.577             197             197
   12         154.661     117.631         154.657     117.631              12              12
