SINAL     NFT                         FFT                         NFT INVERSA     FFT INVERSA
-----     -----------------------     -----------------------     -----------     -----------
  221        1976.000       0.000        1976.000       0.000             221             221
   70         207.025     183.225         207.026     183.225              70              70
  238         258.661     152.274         258.662     152.274             238             238
    7        -213.172      32.503        -213.171      32.504               7               7
   39        -103.999    -280.001        -104.000    -280.000              39              39
  178        -258.631     -88.291        -258.632     -88.290             178             178
   25         445.338     300.275         445.338     300.274              25              25
  101         316.777      66.431         316.777      66.431             101             101
  208         256.000      -0.000         256.000       0.000             208             208
  102         316.777     -66.431         316.777     -66.431             102             102
  104         445.339    -300.272         445.338    -300.274             104             104
   91        -258.634      88.287        -258.632      88.290              91              91
   38        -104.002     279.997        -104.000     280.000              38              38
  220        -213.169     -32.509        -213.171     -32.504             220             220
  243         258.667    -152.274         258.662    -152.274             243             243
   91         207.034    -183.224         207.026    -183.225              91              91
