SINAL     NFT                         FFT                         NFT INVERSA     FFT INVERSA
-----     -----------------------     -----------------------     -----------     -----------
  185        2849.000       0.000        2849.000       0.000             185             185
  244         107.128    -292.224         107.128    -292.224             244             244
  215        -127.477     -33.110        -127.477     -33.109             215             215
  234         172.096    -203.503         172.097    -203.503             234             234
  145        -252.000    -167.001        -252.000    -167.000             145             145
  247         326.094      31.458         326.094      31.457             247             247
  242         -52.524     110.890         -52.523     110.891             242             242
  214          34.681     -97.264          34.681     -97.263             214             214
   25        -305.000      -0.002        -305.000       0.000              25              25
  165          34.681      97.262          34.681      97.263             165             165
  202         -52.521    -110.892         -52.523    -110.891             202             202
  118         326.095     -31.455         326.095     -31.457             118             118
  155        -252.000     166.997        -252.000     167.000             155             155
  216         172.097     203.503         172.096     203.503             216             216
  103        -127.473      33.106        -127.477      33.109             103             103
  139         107.134     292.222         107.128     292.224             139             139
