SINAL     NFT                         FFT                         NFT INVERSA     FFT INVERSA
-----     -----------------------     -----------------------     -----------     -----------
  174        1947.000       0.000        1947.000       0.000             174             174
  205         177.578    -354.670         177.578    -354.670             205             205
   84         232.854       7.315         232.854       7.315              84              84
  246         240.337     115.882         240.338     115.882             246             246
   15        -158.001      18.999        -158.000      19.000              15              15
  216         -94.332     209.461         -94.331     209.463             216             216
  216         401.146    -322.684         401.146    -322.685             216             216
    9        -311.585    -253.091        -311.585    -253.089               9               9
  171        -139.000      -0.001        -139.000       0.000             171             171
   77        -311.585     253.087        -311.585     253.089              77              77
   99         401.145     322.686         401.146     322.685              99              99
  105         -94.329    -209.466         -94.331    -209.463             105             105
   13        -157.998     -19.003        -158.000     -19.000              13              13
   14         240.342    -115.881         240.339    -115.882              14              14
  132         232.857      -7.314         232.854      -7.315             132             132
  171         177.580     354.670         177.578     354.670             171             171
