SINAL     NFT                         FFT                         NFT INVERSA     FFT INVERSA
-----     -----------------------     -----------------------     -----------     -----------
  154        2403.000       0.000        2403.000       0.000             154             154
  243        -126.001    -362.477        -126.000    -362.477             243             243
   64         129.521     137.042         129.522     137.042              64              64
  117         336.200     150.782         336.201     150.782             117             117
  214        -127.000    -292.001        -127.000    -292.000             214             214
  235         202.080    -179.436         202.080    -179.436             235             235
  250        -133.522     -88.959        -133.522     -88.958             250             250
  179         -68.282     123.305         -68.281     123.305             179             179
   68        -365.000      -0.003        -365.000       0.000              68              68
  214         -68.279    -123.306         -68.281    -123.305             214             214
  166        -133.521      88.957        -133.522      88.958             166             166
  101         202.080     179.437         202.080     179.436             101             101
   10        -127.000     291.997        -127.000     292.000              10              10
  146         336.205    -150.782         336.201    -150.782             146             146
   93         129.525    -137.041         129.522    -137.042              93              93
  149        -125.997     362.474        -126.001     362.476             149             149
