SINAL     NFT                         FFT                         NFT INVERSA     FFT INVERSA
-----     -----------------------     -----------------------     -----------     -----------
  245        2362.000       0.000        2362.000       0.000             245             245
   52         236.415    -222.811         236.415    -222.811              52              52
  246         -30.012    -356.782         -30.012    -356.782             246             246
  235         230.491     403.351         230.492     403.351             235             235
  227         -92.001     391.999         -92.000     392.000             227             227
  128         187.382      80.730         187.382      80.730             128             128
   81          52.011     201.217          52.012     201.218              81              81
  139         325.708     334.568         325.710     334.568             139             139
    0        -262.000      -0.004        -262.000       0.000              -0               0
  191         325.712    -334.569         325.710    -334.568             191             191
  179          52.014    -201.220          52.012    -201.218             179             179
  233         187.384     -80.731         187.383     -80.730             233             233
    7         -91.996    -392.003         -92.000    -392.000               7               7
   89         230.498    -403.348         230.493    -403.351              89              89
   65         -30.012     356.782         -30.012     356.782              65              65
  245         236.420     222.811         236.415     222.812             245             245
