SINAL     NFT                         FFT                         NFT INVERSA     FFT INVERSA
-----     -----------------------     -----------------------     -----------     -----------
  138        2056.000       0.000        2056.000       0.000             138             138
   86          -7.770     -44.268          -7.770     -44.268              86              86
   86         -69.720     -65.104         -69.719     -65.104              86              86
  235         251.771     116.349         251.772     116.349             235             235
   56          12.999     147.000          13.000     147.000              56              56
  168         163.336     566.071         163.338     566.071             168             168
  214          13.719     -55.106          13.719     -55.104             214             214
   22        -315.339    -270.547        -315.340    -270.545              22              22
  115          54.000      -0.000          54.000       0.000             115             115
  134        -315.341     270.542        -315.340     270.545             134             134
  177          13.720      55.101          13.719      55.104             177             177
   88         163.343    -566.072         163.338    -566.071              88              88
  225          13.003    -147.000          13.000    -147.000             225             225
   39         251.774    -116.346         251.772    -116.348              39              39
   44         -69.718      65.103         -69.719      65.104              44              44
  229          -7.764      44.267          -7.770      44.268             229             229
