SINAL     NFT                         FFT                         NFT INVERSA     FFT INVERSA
-----     -----------------------     -----------------------     -----------     -----------
   48        1995.000       0.000        1995.000       0.000              48              48
  115         -29.113    -229.977         -29.112    -229.977             115             115
  123        -175.137    -196.286        -175.137    -196.286             123             123
  251        -123.231     475.878        -123.230     475.878             251             251
  195        -333.000      11.998        -333.000      12.000             195             195
  140         -46.551    -137.953         -46.552    -137.952             140             140
  131          51.139    -338.286          51.137    -338.286             131             131
   41          14.895     -99.807          14.894     -99.808              41              41
   94          55.000       0.001          55.000       0.000              94              94
  179          14.894      99.808          14.894      99.808             179             179
  181          51.135     338.286          51.137     338.286             181             181
  129         -46.554     137.950         -46.552     137.952             129             129
    9        -333.000     -12.005        -333.000     -12.000               9               9
   45        -123.224    -475.879        -123.229    -475.878              45              45
  244        -175.136     196.286        -175.137     196.286             244             244
   70         -29.108     229.976         -29.113     229.977              70              70
