SINAL     NFT                         FFT                         NFT INVERSA     FFT INVERSA
-----     -----------------------     -----------------------     -----------     -----------
   61        2407.000       0.000        2407.000       0.000              61              61
  208         127.162     -77.371         127.163     -77.371             208             208
  226         100.077     120.049         100.078     120.049             226             226
   56        -357.165      52.819        -357.164      52.820              56              56
  221         131.000    -348.000         131.000    -348.000             221             221
  166        -307.420      24.324        -307.419      24.324             166             166
   85        -194.079     208.048        -194.078     208.049              85              85
  127        -118.582     330.132        -118.580     330.133             127             127
  225        -193.000      -0.003        -193.000       0.000             225             225
  198        -118.578    -330.135        -118.580    -330.133             198             198
   40        -194.076    -208.050        -194.078    -208.049              40              40
   72        -307.417     -24.326        -307.419     -24.325              72              72
  112         130.999     348.001         131.000     348.000             112             112
  252        -357.161     -52.824        -357.164     -52.820             252             252
  137         100.084    -120.048         100.078    -120.049             137             137
  221         127.170      77.372         127.163      77.371             221             221
