SINAL     NFT                         FFT                         NFT INVERSA     FFT INVERSA
-----     -----------------------     -----------------------     -----------     -----------
  154        1582.000       0.000        1582.000       0.000             154             154
   24          14.430     -19.114          14.430     -19.114              24              24
   98         304.951     188.732         304.952     188.732              98              98
   71        -209.877     211.187        -209.876     211.188              71              71
  145         204.999     181.000         205.000     181.000             145             145
   37         -66.055      84.334         -66.055      84.335              37              37
   69        -182.951     -23.270        -182.952     -23.269              69              69
  149         173.502     -61.967         173.501     -61.966             149             149
  176         404.000       0.001         404.000       0.000             176             176
  135         173.499      61.966         173.501      61.966             135             135
   46        -182.952      23.266        -182.952      23.268              46              46
    6         -66.053     -84.338         -66.055     -84.335               6               6
  124         205.002    -181.000         205.000    -181.000             124             124
    8        -209.873    -211.191        -209.876    -211.188               8               8
  181         304.956    -188.729         304.952    -188.731             181             181
  159          14.434      19.114          14.430      19.114             159             159
