SINAL     NFT                         FFT                         NFT INVERSA     FFT INVERSA
-----     -----------------------     -----------------------     -----------     -----------
   50        2056.000       0.000        2056.000       0.000              50              50
  101         -43.992     128.736         -43.991     128.736             101             101
  242        -178.875    -500.196        -178.875    -500.196             242             242
  227        -477.091    -119.591        -477.091    -119.591             227             227
  123          30.000      -6.000          30.000      -6.000             123             123
   15         371.450     187.565         371.451     187.564              15              15
    9        -323.127     341.802        -323.125     341.804               9               9
  178          65.631     -68.110          65.631     -68.109             178             178
   71        -144.000      -0.001        -144.000       0.000              71              71
  229          65.630      68.109          65.631      68.109             229             229
  200        -323.122    -341.807        -323.125    -341.804             200             200
   49         371.453    -187.560         371.451    -187.563              49              49
  249          29.999       6.001          30.000       6.000             249             249
  208        -477.091     119.588        -477.091     119.590             208             208
   12        -178.876     500.193        -178.875     500.196              12              12
   93         -43.983    -128.739         -43.991    -128.736              93              93
