SINAL     NFT                         FFT                         NFT INVERSA     FFT INVERSA
-----     -----------------------     -----------------------     -----------     -----------
   91        1911.000       0.000        1911.000       0.000              91              91
   68         -35.790    -139.184         -35.790    -139.184              68              68
  156        -232.197     228.901        -232.196     228.902             156             156
   78        -283.100    -200.209        -283.100    -200.208              78              78
  238         449.000    -165.999         449.000    -166.000             238             238
  114          14.212     182.659          14.213     182.659             114             114
  157         -73.806     268.901         -73.804     268.902             157             157
   83        -295.323     207.680        -295.323     207.683              83              83
  241         459.000       0.001         459.000       0.000             241             241
   39        -295.322    -207.686        -295.322    -207.683              39              39
   38         -73.801    -268.903         -73.804    -268.902              38              38
    2          14.215    -182.658          14.213    -182.659               2               2
  247         448.999     166.004         449.000     166.000             247             247
  225        -283.102     200.204        -283.100     200.208             225             225
   17        -232.191    -228.905        -232.196    -228.902              17              17
  117         -35.785     139.184         -35.790     139.184             117             117
