SINAL     NFT                         FFT                         NFT INVERSA     FFT INVERSA
-----     -----------------------     -----------------------     -----------     -----------
  169        1263.000       0.000        1263.000       0.000             169             169
   58         211.763     128.058         211.763     128.058              58              58
   57         107.769      25.640         107.770      25.640              57              57
  142         -48.093    -173.320         -48.094    -173.320             142             142
    9         372.999     296.001         373.000     296.000               9               9
   41          94.269     224.763          94.270     224.763              41              41
    2          34.230     101.638          34.230     101.640               2               2
  128          38.061    -173.859          38.060    -173.858             128             128
   95        -181.000      -0.002        -181.000       0.000              95              95
   39          38.060     173.857          38.060     173.858              39              39
    4          34.232    -101.642          34.230    -101.640               4               4
   77          94.273    -224.764          94.270    -224.763              77              77
  184         373.003    -295.998         373.000    -296.000             184             184
   75         -48.094     173.319         -48.094     173.320              75              75
   21         107.772     -25.640         107.770     -25.640              21              21
  162         211.768    -128.057         211.763    -128.058             162             162
