SINAL     NFT                         FFT                         NFT INVERSA     FFT INVERSA
-----     -----------------------     -----------------------     -----------     -----------
   64        2090.000       0.000        2090.000       0.000              64              64
   23        -112.090    -246.630        -112.089    -246.630              23              23
  125        -278.360     268.849        -278.359     268.849             125             125
  139         198.549     316.054         198.550     316.054             139             139
  222        -267.001     210.999        -267.000     211.000             222             222
  220        -179.888      65.131        -179.888      65.132             220             220
  219         -67.640    -239.151         -67.641    -239.151             219             219
  144         317.426     298.449         317.427     298.448             144             144
    8        -288.000      -0.003        -288.000       0.000               8               8
  179         317.429    -298.447         317.428    -298.448             179             179
   40         -67.643     239.150         -67.641     239.151              40              40
  243        -179.888     -65.135        -179.888     -65.132             243             243
   23        -266.997    -211.003        -267.000    -211.000              23              23
   67         198.554    -316.053         198.550    -316.054              67              67
  200        -278.354    -268.850        -278.359    -268.849             200             200
  174        -112.085     246.630        -112.089     246.630             174             174
