SINAL     NFT                         FFT                         NFT INVERSA     FFT INVERSA
-----     -----------------------     -----------------------     -----------     -----------
  140        2419.000       0.000        2419.000       0.000             140             140
  224          30.624       6.996          30.625       6.996             224             224
   95         141.249     -61.002         141.250     -61.002              95              95
  253         -25.607    -161.896         -25.607    -161.896             253             253
   59         -63.001     271.999         -63.000     272.000              59              59
  102          27.783      13.191          27.783      13.192             102             102
  148        -147.248    -417.003        -147.250    -417.002             148             148
  246         175.199    -269.915         175.199    -269.916             246             246
   88        -457.000      -0.002        -457.000       0.000              88              88
  203         175.198     269.917         175.198     269.916             203             203
   77        -147.252     417.000        -147.250     417.002              77              77
  208          27.784     -13.194          27.783     -13.192             208             208
  172         -62.996    -272.002         -63.000    -272.000             172             172
   54         -25.605     161.895         -25.607     161.896              54              54
  202         141.253      61.002         141.250      61.002             202             202
  148          30.632      -6.997          30.625      -6.996             148             148
