SINAL     NFT                         FFT                         NFT INVERSA     FFT INVERSA
-----     -----------------------     -----------------------     -----------     -----------
  176        4634.000       0.000        4634.000       0.000             176             176
  247         155.737    -221.494         155.738    -221.494             247             247
  176         341.724      77.594         341.725      77.594             176             176
  163         448.245    -456.817         448.246    -456.817             163             163
  224         -42.591    -590.445         -42.591    -590.446             224             224
  154         350.309     688.948         350.312     688.947             154             154
   16         165.434     -54.658         165.436     -54.658              16              16
  151         -67.709     312.665         -67.706     312.666             151             151
   84          67.996     337.998          68.000     338.000              84              84
   24        -264.539    -266.952        -264.539    -266.948              24              24
  238         311.886    -480.570         311.885    -480.571             238             238
  246        -640.080     235.581        -640.076     235.585             246             246
  224        -243.410     143.551        -243.409     143.554             224             224
  249         217.852    -150.336         217.851    -150.336             249             249
   14        -167.046     -76.323        -167.046     -76.320              14              14
   92         168.170     158.735         168.173     158.735              92              92
  130        -606.000      -0.009        -606.000       0.000             130             130
  209         168.176    -158.734         168.173    -158.735             209             209
   81        -167.046      76.317        -167.046      76.320              81              81
  244         217.849     150.336         217.851     150.336             244             244
  106        -243.408    -143.561        -243.409    -143.554             106             106
    7        -640.069    -235.595        -640.076    -235.586               7               7
  111         311.883     480.575         311.885     480.572             111             111
  207        -264.539     266.937        -264.539     266.947             207             207
   59          68.011    -338.005          68.000    -338.000              59              59
  205         -67.693    -312.669         -67.705    -312.666             205             205
  175         165.443      54.658         165.436      54.658             175             175
  130         350.332    -688.938         350.313    -688.946             130             130
   38         -42.592     590.449         -42.591     590.446              38              38
   46         448.249     456.821         448.245     456.818              46              46
  162         341.741     -77.593         341.725     -77.594             162             162
  246         155.761     221.491         155.738     221.494             246             246
