SINAL     NFT                         FFT                         NFT INVERSA     FFT INVERSA
-----     -----------------------     -----------------------     -----------     -----------
  216        4855.000       0.000        4855.000       0.000             216             216
  215         347.193    -122.161         347.194    -122.161             215             215
  242        -284.461    -221.612        -284.460    -221.611             242             242
  215         285.719     259.801         285.721     259.801             215             215
   63         -53.866    -464.561         -53.866    -464.560              63              63
   94         270.307    -630.724         270.306    -630.724              94              94
  177        -146.177    -409.271        -146.177    -409.271             177             177
  253          54.614    -238.278          54.614    -238.279             253             253
  207          41.998     245.001          42.000     245.000             207             207
  169         224.378     214.584         224.380     214.583             169             169
  211         -15.181     338.097         -15.178     338.099             211             211
  100          81.221    -279.781          81.220    -279.780             100             100
  166        -140.136     293.437        -140.134     293.440             166             166
  108         134.473    -334.775         134.470    -334.773             108             108
   57         193.818    -338.240         193.816    -338.241              57              57
  153         202.093     337.183         202.097     337.182             153             153
   16        -335.000      -0.006        -335.000       0.000              16              16
   75         202.103    -337.180         202.097    -337.181              75              75
  192         193.812     338.243         193.815     338.241             192             192
  201         134.465     334.771         134.470     334.773             201             201
  141        -140.129    -293.446        -140.133    -293.440             141             141
  246          81.217     279.777          81.219     279.779             246             246
   55         -15.171    -338.104         -15.178    -338.099              55              55
  191         224.385    -214.581         224.380    -214.583             191             191
   88          42.005    -244.998          42.000    -245.000              88              88
  174          54.612     238.282          54.613     238.279             174             174
   99        -146.180     409.268        -146.178     409.270              99              99
  209         270.300     630.724         270.305     630.724             209             209
  254         -53.868     464.549         -53.867     464.560             254             254
   94         285.734    -259.805         285.721    -259.802              94              94
   76        -284.449     221.599        -284.460     221.611              76              76
   98         347.224     122.159         347.194     122.161              98              98
