SINAL     NFT                         FFT                         NFT INVERSA     FFT INVERSA
-----     -----------------------     -----------------------     -----------     -----------
  210        4017.000       0.000        4017.000       0.000             210             210
   85         183.338     342.582         183.339     342.582              85              85
   38         -68.572      15.477         -68.571      15.478              38              38
  101         128.120     407.396         128.121     407.396             101             101
   96         605.679      29.154         605.680      29.153              96              96
  150        -236.369      80.381        -236.368      80.382             150             150
   41         252.918     618.138         252.921     618.138              41              41
  130         374.246     116.428         374.247     116.428             130             130
  101         113.998      58.999         114.000      59.000             101             101
  239        -454.410     338.450        -454.408     338.456             239             239
  217         285.542    -610.987         285.537    -610.987             217             217
    4         397.612      63.872         397.613      63.870               4               4
   19          92.315     419.152          92.320     419.153              19              19
   33          15.295     331.018          15.299     331.022              33              33
  140          78.111     -53.650          78.113     -53.646             140             140
   51        -567.843    -303.261        -567.845    -303.253              51              51
  230         303.000       0.002         303.000       0.000             230             230
  128        -567.848     303.243        -567.845     303.252             128             128
  105          78.116      53.641          78.113      53.646             105             105
   55          15.306    -331.027          15.300    -331.022              55              55
  246          92.329    -419.154          92.320    -419.153             246             246
   77         397.616     -63.864         397.613     -63.869              77              77
   98         285.527     610.986         285.537     610.987              98              98
  214        -454.401    -338.470        -454.407    -338.456             214             214
  202         114.007     -59.003         114.000     -59.000             202             202
    9         374.254    -116.428         374.248    -116.428               9               9
  249         252.933    -618.137         252.921    -618.137             249             249
  149        -236.360     -80.387        -236.368     -80.382             149             149
   33         605.687     -29.145         605.680     -29.153              33              33
  178         128.134    -407.396         128.121    -407.396             178             178
  135         -68.559     -15.479         -68.571     -15.478             135             135
  254         183.372    -342.577         183.340    -342.581             254             254
