SINAL     NFT                         FFT                         NFT INVERSA     FFT INVERSA
-----     -----------------------     -----------------------     -----------     -----------
  118        4471.000       0.000        4471.000       0.000             118             118
  231        -267.652      98.894        -267.651      98.894             231             231
  217         452.457    -563.016         452.457    -563.016             217             217
  134         -77.297    -390.205         -77.297    -390.205             134             134
  226          97.701      63.962          97.702      63.962             226             226
  141        -131.196    -271.501        -131.195    -271.500             141             141
   38        -343.063     134.975        -343.062     134.977              38              38
  171        -371.070    -425.318        -371.072    -425.315             171             171
  106         520.003    -520.997         520.000    -521.000             106             106
   79         220.178    -121.255         220.178    -121.257              79              79
   96         240.159    -172.143         240.160    -172.146              96              96
   46        -462.562     164.418        -462.559     164.420              46              46
  110        -101.702      27.962        -101.702      27.962             110             110
  165         197.190     414.085         197.193     414.084             165             165
  181         -57.557      77.860         -57.555      77.861             181             181
  189         -83.600     187.317         -83.597     187.320             189             189
  240        -359.000      -0.007        -359.000       0.000             240             240
  204         -83.593    -187.323         -83.597    -187.320             204             204
   44         -57.552     -77.864         -57.555     -77.862              44              44
  223         197.200    -414.081         197.194    -414.083             223             223
  215        -101.702     -27.962        -101.702     -27.962             215             215
  179        -462.554    -164.425        -462.559    -164.420             179             179
  144         240.163     172.152         240.160     172.146             144             144
   88         220.179     121.263         220.178     121.258              88              88
  179         519.991     521.008         520.000     521.000             179             179
  239        -371.081     425.305        -371.073     425.315             239             239
   18        -343.056    -134.986        -343.062    -134.977              18              18
   19        -131.193     271.495        -131.196     271.500              19              19
   94          97.711     -63.962          97.702     -63.962              94              94
  230         -77.293     390.201         -77.297     390.204             230             230
   30         452.459     563.017         452.456     563.016              30              30
   77        -267.623     -98.910        -267.651     -98.895              77              77
