SINAL     NFT                         FFT                         NFT INVERSA     FFT INVERSA
-----     -----------------------     -----------------------     -----------     -----------
  193        4508.000       0.000        4508.000       0.000             193             193
  126         123.602    -141.210         123.603    -141.210             126             126
  142         111.013     428.548         111.014     428.548             142             142
    4         -18.106     270.121         -18.105     270.121               4               4
  163         155.843     107.991         155.844     107.991             163             163
   72         439.197     -72.868         439.198     -72.868              72              72
  206         367.302     474.920         367.306     474.919             206             206
  223        -262.751    -339.863        -262.750    -339.861             223             223
   40          70.996     398.999          71.000     399.000              40              40
  219        -512.473     117.541        -512.471     117.546             219             219
  121         276.242    -286.569         276.240    -286.568             121             121
  245        -307.470    -242.396        -307.470    -242.393             245             245
   35         -71.843     -50.010         -71.844     -50.009              35              35
  240        -182.794      98.189        -182.795      98.190             240             240
   51         105.435     695.058         105.439     695.060              51              51
  237         576.796    -558.208         576.791    -558.209             237             237
  211         -74.000      -0.001         -74.000       0.000             211             211
   55         576.784     558.212         576.790     558.210              55              55
   25         105.444    -695.064         105.440    -695.061              25              25
  176        -182.795     -98.193        -182.795     -98.191             176             176
  241         -71.845      50.007         -71.844      50.009             241             241
   39        -307.472     242.387        -307.471     242.393              39              39
   76         276.237     286.567         276.240     286.568              76              76
   58        -512.468    -117.561        -512.471    -117.547              58              58
  149          71.011    -399.002          71.000    -399.000             149             149
  103        -262.749     339.852        -262.750     339.860             103             103
  209         367.323    -474.918         367.306    -474.919             209             209
  197         439.202      72.874         439.198      72.869             197             197
  112         155.850    -107.993         155.844    -107.991             112             112
   92         -18.091    -270.125         -18.104    -270.121              92              92
  243         111.037    -428.545         111.015    -428.548             243             243
  205         123.629     141.214         123.603     141.211             205             205
