SINAL     NFT                         FFT                         NFT INVERSA     FFT INVERSA
-----     -----------------------     -----------------------     -----------     -----------
   30        3716.000       0.000        3716.000       0.000              30              30
  139         827.122    -146.529         827.123    -146.529             139             139
  209         -77.259    -556.773         -77.259    -556.773             209             209
  127        -138.092     299.102        -138.091     299.102             127             127
  198        -584.859     592.139        -584.857     592.141             198             198
  246           3.296      58.472           3.297      58.473             246             246
  248        -219.757    -385.025        -219.758    -385.023             248             248
  170         -14.323    -102.318         -14.323    -102.319             170             170
  121         -15.001      31.000         -15.000      31.000             121             121
   72        -326.223    -130.398        -326.223    -130.397              72              72
   11         -26.439     405.248         -26.436     405.248              11              11
   18        -350.705     213.314        -350.703     213.318              18              18
  158        -275.141    -225.862        -275.144    -225.859             158             158
   56          35.606     461.745          35.609     461.746              56              56
   47        -488.545    -218.508        -488.547    -218.502              47              47
   44         155.312    -142.807         155.309    -142.808              44              44
    6         234.000       0.003         234.000       0.000               6               6
   88         155.305     142.810         155.309     142.808              88              88
    9        -488.551     218.493        -488.547     218.502               9               9
  222          35.615    -461.747          35.610    -461.746             222             222
   98        -275.147     225.855        -275.144     225.859              98              98
   76        -350.698    -213.325        -350.703    -213.318              76              76
  231         -26.428    -405.247         -26.435    -405.248             231             231
   53        -326.222     130.394        -326.223     130.396              53              53
  118         -14.996     -30.999         -15.000     -31.000             118             118
    9         -14.321     102.320         -14.322     102.319               9               9
   64        -219.761     385.018        -219.758     385.023              64              64
   66           3.302     -58.479           3.297     -58.473              66              66
  251        -584.838    -592.153        -584.856    -592.141             251             251
  169        -138.070    -299.098        -138.090    -299.102             169             169
  176         -77.249     556.775         -77.259     556.773             176             176
  186         827.148     146.543         827.123     146.530             186             186
