SINAL     NFT                         FFT                         NFT INVERSA     FFT INVERSA
-----     -----------------------     -----------------------     -----------     -----------
  172        3915.000       0.000        3915.000       0.000             172             172
  153         -24.376    -237.285         -24.376    -237.285             153             153
  209          38.175    -256.762          38.176    -256.761             209             209
   34          16.773    -218.882          16.774    -218.882              34              34
  202         474.383      18.379         474.384      18.378             202             202
   58         241.070     512.733         241.073     512.734              58              58
  251        -691.289    -213.039        -691.289    -213.035             251             251
  127         198.612    -291.159         198.611    -291.158             127             127
   56        -256.999    -402.002        -257.000    -402.000              56              56
  240        -183.844      22.110        -183.844      22.111             240             240
   75         -53.934     -28.086         -53.935     -28.084              75              75
   26         429.938    -502.898         429.936    -502.900              26              26
  189        -716.381    -261.627        -716.384    -261.623             189             189
  134         225.124     -45.748         225.120     -45.751             134             134
  147         495.047     384.194         495.049     384.190             147             147
  140         424.705     312.751         424.707     312.749             140             140
    6         355.000       0.000         355.000       0.000               6               6
  185         424.710    -312.747         424.707    -312.749             185             185
  241         495.050    -384.183         495.049    -384.189             241             241
   80         225.113      45.757         225.119      45.751              80              80
  120        -716.389     261.614        -716.384     261.622             120             120
   10         429.929     502.904         429.935     502.900              10              10
   43         -53.938      28.080         -53.936      28.084              43              43
  234        -183.844     -22.116        -183.844     -22.112             234             234
  175        -257.004     401.994        -257.000     402.000             175             175
  221         198.607     291.156         198.611     291.158             221             221
    3        -691.287     213.014        -691.289     213.034               3               3
   37         241.093    -512.735         241.074    -512.734              37              37
   19         474.390     -18.369         474.384     -18.377              19              19
   90          16.775     218.880          16.773     218.881              90              90
  227          38.182     256.757          38.176     256.761             227             227
   11         -24.356     237.276         -24.376     237.284              11              11
