SINAL     NFT                         FFT                         NFT INVERSA     FFT INVERSA
-----     -----------------------     -----------------------     -----------     -----------
  119        4229.000       0.000        4229.000       0.000             119             119
   20         348.971     -80.265         348.972     -80.265              20              20
  237          64.539     -94.200          64.540     -94.200             237             237
  209        -323.052     152.314        -323.051     152.314             209             209
  153         -32.071    -358.419         -32.071    -358.419             153             153
  227        -174.551    -192.052        -174.550    -192.052             227             227
    8          26.661     759.014          26.665     759.014               8               8
  181        -115.321      33.006        -115.320      33.006             181             181
  148        -101.004     613.999        -101.000     614.000             148             148
  154        -154.023      54.465        -154.022      54.468             154             154
  145        -527.814    -232.461        -527.816    -232.457             145             145
  161         403.236     261.976         403.236     261.973             161             161
   21         -17.933     553.579         -17.929     553.581              21              21
    8         481.810      72.787         481.811      72.787               8               8
  125         220.606     286.328         220.611     286.330             125             125
  247        -139.075    -232.362        -139.075    -232.357             247             247
   78        -343.000      -0.006        -343.000       0.000              78              78
  109        -139.075     232.351        -139.075     232.357             109             109
  148         220.617    -286.332         220.611    -286.330             148             148
   69         481.812     -72.785         481.811     -72.786              69              69
  255         -17.923    -553.584         -17.929    -553.581             255             255
   75         403.237    -261.967         403.236    -261.973              75              75
   10        -527.822     232.448        -527.817     232.456              10              10
  119        -154.020     -54.476        -154.022     -54.468             119             119
  103        -100.988    -614.004        -101.000    -614.000             103             103
   98        -115.317     -33.009        -115.320     -33.006              98              98
  209          26.681    -759.011          26.665    -759.013             209             209
  254        -174.550     192.055        -174.551     192.052             254             254
   44         -32.071     358.419         -32.071     358.419              44              44
  145        -323.037    -152.322        -323.051    -152.315             145             145
  140          64.556      94.201          64.540      94.200             140             140
  210         348.999      80.271         348.972      80.266             210             210
