SINAL     NFT                         FFT                         NFT INVERSA     FFT INVERSA
-----     -----------------------     -----------------------     -----------     -----------
  152        3825.000       0.000        3825.000       0.000             152             152
  164         486.203     -84.892         486.203     -84.891             164             164
  204          -6.459    -687.940          -6.459    -687.940             204             204
  239        -226.028     142.590        -226.027     142.591             239             239
  125         -79.613    -502.942         -79.614    -502.942             125             125
  199         172.645     118.421         172.646     118.421             199             199
  203        -231.068     -47.452        -231.067     -47.451             203             203
   62        -250.231     195.403        -250.230     195.405              62              62
  195        -375.996    -589.003        -376.000    -589.000             195             195
  121         219.947    -293.197         219.944    -293.199             121             121
   37          86.397     228.204          86.398     228.203              37              37
  106         223.167     368.916         223.170     368.916             106             106
   41         221.616    -380.942         221.614    -380.942              41              41
   67         -20.797    -254.630         -20.798    -254.630              67              67
   47         -44.868    -276.286         -44.872    -276.286              47              47
   19         451.090     130.793         451.092     130.789              19              19
   20        -213.000      -0.003        -213.000       0.000              20              20
  228         451.093    -130.783         451.092    -130.788             228             228
  153         -44.876     276.287         -44.872     276.286             153             153
  203         -20.801     254.628         -20.798     254.629             203             203
   53         221.610     380.941         221.614     380.942              53              53
  157         223.174    -368.917         223.170    -368.916             157             157
  107          86.400    -228.201          86.398    -228.203             107             107
   48         219.937     293.204         219.944     293.199              48              48
   26        -376.011     588.990        -376.000     589.000              26              26
  242        -250.225    -195.415        -250.230    -195.406             242             242
  182        -231.063      47.444        -231.067      47.451             182             182
   19         172.654    -118.418         172.646    -118.421              19              19
  103         -79.618     502.938         -79.614     502.942             103             103
  126        -226.014    -142.598        -226.027    -142.591             126             126
  158          -6.455     687.935          -6.460     687.940             158             158
   19         486.228      84.891         486.203      84.892              19              19
