SINAL     NFT                         FFT                         NFT INVERSA     FFT INVERSA
-----     -----------------------     -----------------------     -----------     -----------
   50        4380.000       0.000        4380.000       0.000              50              50
   65         121.165     331.243         121.166     331.243              65              65
  232          65.880    -371.759          65.881    -371.759             232             232
  237        -492.593    -286.153        -492.593    -286.153             237             237
  232         310.227    -137.207         310.227    -137.208             232             232
    5        -179.377    -132.744        -179.376    -132.744               5               5
  157        -475.154     246.928        -475.152     246.929             157             157
  125        -306.660     357.083        -306.658     357.084             125             125
  216        -148.001     273.999        -148.000     274.000             216             216
   41         387.412     282.331         387.413     282.330              41              41
   57           4.542    -237.264           4.542    -237.264              57              57
   97         141.194     785.370         141.201     785.369              97              97
    1        -292.229    -103.212        -292.227    -103.208               1               1
   60        -277.214     139.576        -277.212     139.579              60              60
  255        -375.274     432.041        -375.271     432.047             255             255
  102        -217.939      36.102        -217.942      36.107             102             102
  153         688.000       0.004         688.000       0.000             153             153
  230        -217.945     -36.114        -217.942     -36.108             230             230
  150        -375.266    -432.054        -375.270    -432.047             150             150
   66        -277.209    -139.583        -277.212    -139.579              66              66
  225        -292.226     103.201        -292.227     103.208             225             225
   34         141.216    -785.368         141.202    -785.369              34              34
  188           4.541     237.265           4.542     237.265             188             188
  140         387.418    -282.326         387.414    -282.329             140             140
  182        -147.998    -274.003        -148.000    -274.000             182             182
  206        -306.652    -357.087        -306.658    -357.084             206             206
  240        -475.143    -246.933        -475.152    -246.929             240             240
   66        -179.370     132.745        -179.376     132.744              66              66
  134         310.231     137.217         310.227     137.208             134             134
  145        -492.589     286.144        -492.593     286.152             145             145
   62          65.891     371.757          65.881     371.759              62              62
  227         121.202    -331.244         121.167    -331.243             227             227
