SINAL     NFT                         FFT                         NFT INVERSA     FFT INVERSA
-----     -----------------------     -----------------------     -----------     -----------
  238        4152.000       0.000        4152.000       0.000             238             238
   68         -54.430    -348.551         -54.429    -348.551              68              68
   99        -157.922     185.892        -157.921     185.892              99              99
  202         539.139    -153.788         539.140    -153.788             202             202
   68         103.882     159.591         103.884     159.591              68              68
  140         251.188    -176.966         251.188    -176.966             140             140
   34        -416.414      65.761        -416.414      65.762              34              34
  161         592.317     424.828         592.319     424.826             161             161
  246         172.998      97.000         173.000      97.000             246             246
  137         181.817     364.912         181.820     364.913             137             137
  247         130.647     163.036         130.649     163.037             247             247
   18         -91.679      24.989         -91.678      24.992              18              18
  218         306.112     455.590         306.116     455.591             218             218
  237         132.311    -167.786         132.311    -167.782             237             237
  232         143.690    -612.834         143.686    -612.833             232             232
   32        -318.671     135.581        -318.670     135.585              32              32
   84         434.000       0.002         434.000       0.000              84              84
   13        -318.669    -135.590        -318.670    -135.586              13              13
  165         143.680     612.832         143.685     612.833             165             165
  115         132.310     167.775         132.311     167.781             115             115
   77         306.123    -455.594         306.116    -455.591              77              77
  164         -91.677     -24.998         -91.678     -24.992             164             164
  108         130.654    -163.041         130.649    -163.037             108             108
  175         181.828    -364.914         181.821    -364.913             175             175
  151         173.005     -97.001         173.000     -97.000             151             151
   78         592.326    -424.818         592.320    -424.825              78              78
   93        -416.411     -65.769        -416.414     -65.763              93              93
   81         251.191     176.968         251.188     176.966              81              81
  151         103.893    -159.592         103.884    -159.591             151             151
   44         539.142     153.796         539.139     153.789              44              44
   82        -157.909    -185.897        -157.921    -185.892              82              82
  194         -54.411     348.546         -54.430     348.550             194             194
