SINAL     NFT                         FFT                         NFT INVERSA     FFT INVERSA
-----     -----------------------     -----------------------     -----------     -----------
  126        4815.000       0.000        4815.000       0.000             126             126
  123         100.756    -199.343         100.757    -199.343             123             123
  155          26.874    -310.600          26.875    -310.600             155             155
  223        -406.461     152.545        -406.460     152.545             223             223
  230         177.781    -123.232         177.782    -123.233             230             230
  176         -19.699    -400.717         -19.699    -400.718             176             176
   59        -270.942     454.266        -270.939     454.266              59              59
  243         128.927     532.002         128.930     532.003             243             243
  235         228.998     147.999         229.000     148.000             235             235
  216        -430.776     104.393        -430.775     104.398             216             216
  116         241.811    -375.315         241.809    -375.315             116             116
   39        -567.494     107.759        -567.493     107.764              39              39
   19          22.222    -281.234          22.218    -281.233              19              19
  244         519.260     -43.183         519.260     -43.187             244             244
  107        -109.749     323.817        -109.745     323.819             107             107
  153          43.483    -443.164          43.480    -443.163             153             153
  205        -153.000      -0.001        -153.000       0.000             205             205
  200          43.475     443.162          43.479     443.163             200             200
   66        -109.740    -323.823        -109.745    -323.819              66              66
  196         519.259      43.194         519.259      43.188             196             196
  248          22.211     281.231          22.218     281.233             248             248
    3        -567.491    -107.775        -567.493    -107.765               3               3
  211         241.806     375.315         241.809     375.315             211             211
   63        -430.771    -104.410        -430.774    -104.398              63              63
  124         229.007    -148.002         229.000    -148.000             124             124
  144         128.940    -532.003         128.930    -532.002             144             144
  149        -270.929    -454.267        -270.939    -454.266             149             149
  244         -19.700     400.720         -19.699     400.718             244             244
   93         177.785     123.233         177.782     123.233              93              93
   62        -406.448    -152.554        -406.460    -152.546              62              62
  188          26.886     310.600          26.875     310.600             188             188
  155         100.785     199.340         100.757     199.343             155             155
