SINAL     NFT                         FFT                         NFT INVERSA     FFT INVERSA
-----     -----------------------     -----------------------     -----------     -----------
   39        3728.000       0.000        3728.000       0.000              39              39
   44        -465.397    -514.963        -465.396    -514.963              44              44
  198        -259.093    -358.948        -259.093    -358.948             198             198
  139         129.490     -36.636         129.491     -36.637             139             139
   11        -250.941     205.870        -250.940     205.871              11              11
  192         177.015     190.088         177.016     190.088             192             192
  230        -162.732    -471.026        -162.733    -471.025             230             230
  242        -269.864    -261.183        -269.864    -261.183             242             242
   38        -293.000     -67.000        -293.000     -67.000              38              38
  105        -249.935     698.026        -249.932     698.027             105             105
  216          19.153     133.422          19.152     133.423             216             216
   99          16.637    -382.387          16.633    -382.387              99              99
  185         154.935     663.872         154.939     663.871             185             185
  247         120.336    -183.255         120.334    -183.254             247             247
   66         310.673     -38.498         310.674     -38.500              66              66
   83        -138.283      -9.897        -138.282      -9.895              83              83
  124        -158.000      -0.002        -158.000       0.000             124             124
   78        -138.280       9.893        -138.282       9.895              78              78
  218         310.674      38.503         310.674      38.500             218             218
   78         120.331     183.252         120.334     183.254              78              78
  152         154.947    -663.869         154.940    -663.871             152             152
  208          16.626     382.388          16.633     382.387             208             208
   37          19.152    -133.426          19.152    -133.423              37              37
  166        -249.923    -698.029        -249.931    -698.027             166             166
  148        -293.001      67.001        -293.000      67.000             148             148
   50        -269.866     261.181        -269.864     261.182              50              50
    2        -162.737     471.020        -162.733     471.025               2               2
   71         177.023    -190.088         177.017    -190.088              71              71
   49        -250.932    -205.875        -250.939    -205.871              49              49
   81         129.495      36.642         129.491      36.637              81              81
   72        -259.092     358.944        -259.093     358.948              72              72
   60        -465.383     514.948        -465.397     514.962              60              60
