SINAL     NFT                         FFT                         NFT INVERSA     FFT INVERSA
-----     -----------------------     -----------------------     -----------     -----------
  106        4005.000       0.000        4005.000       0.000             106             106
  193         -62.545     -91.118         -62.544     -91.118             193             193
   29         121.123     -25.351         121.123     -25.352              29              29
   14         -20.556     709.068         -20.554     709.068              14              14
  153         411.787     437.108         411.789     437.108             153             153
   23         -13.424    -408.221         -13.424    -408.220              23              23
  201         285.577     297.012         285.579     297.012             201             201
  229          20.509     -99.958          20.510     -99.958             229             229
  158        -301.003     211.997        -301.000     212.000             158             158
  149          74.557      32.826          74.558      32.828             149             149
  191        -180.081    -455.034        -180.082    -455.030             191             191
   68        -217.291    -669.362        -217.295    -669.361              68              68
    1         -23.788    -176.891         -23.789    -176.893               1               1
   57          12.978      50.744          12.979      50.742              57              57
  188        -114.629     678.605        -114.621     678.607             188             188
  179        -610.227    -115.527        -610.230    -115.519             179             179
  208         621.000       0.005         621.000       0.000             208             208
   44        -610.232     115.508        -610.230     115.518              44              44
  208        -114.611    -678.609        -114.620    -678.607             208             208
   37          12.981     -50.738          12.979     -50.741              37              37
  232         -23.791     176.895         -23.789     176.892             232             232
  106        -217.303     669.358        -217.296     669.361             106             106
  207        -180.085     455.022        -180.082     455.030             207             207
    8          74.562     -32.833          74.559     -32.828               8               8
  128        -300.992    -212.009        -301.000    -212.000             128             128
   15          20.516      99.954          20.510      99.958              15              15
   72         285.590    -297.009         285.580    -297.012              72              72
  234         -13.426     408.215         -13.425     408.220             234             234
   20         411.803    -437.108         411.789    -437.107              20              20
  153         -20.534    -709.068         -20.553    -709.068             153             153
  211         121.134      25.358         121.123      25.352             211             211
  183         -62.522      91.118         -62.545      91.118             183             183
