SINAL     NFT                         FFT                         NFT INVERSA     FFT INVERSA
-----     -----------------------     -----------------------     -----------     -----------
   59        3677.000       0.000        3677.000       0.000              59              59
  134        -150.424      76.946        -150.423      76.946             134             134
   75          35.007     193.674          35.008     193.674              75              75
  122        -210.072    -334.678        -210.071    -334.677             122             122
  209        -263.809    -225.634        -263.810    -225.633             209             209
   14         383.956     257.179         383.957     257.178              14              14
  154        -304.684    -111.571        -304.683    -111.569             154             154
   70          40.946     301.898          40.947     301.898              70              70
   90         -60.000     -11.001         -60.000     -11.000              90              90
   87         -18.988     -31.207         -18.989     -31.206              87              87
   15         151.716    -537.558         151.713    -537.559              15              15
  205         122.861      84.473         122.862      84.472             205             205
  120         195.811    -437.630         195.810    -437.633             120             120
  231        -521.773     403.486        -521.768     403.488             231             231
  185        -154.039     223.683        -154.038     223.685             185             185
   18         265.477     518.714         265.483     518.713              18              18
   70        -813.000      -0.013        -813.000       0.000              70              70
  221         265.491    -518.713         265.484    -518.713             221             221
   53        -154.036    -223.686        -154.037    -223.684              53              53
  239        -521.760    -403.492        -521.767    -403.489             239             239
   28         195.808     437.638         195.810     437.633              28              28
  109         122.865     -84.470         122.862     -84.472             109             109
   21         151.706     537.561         151.713     537.559              21              21
  165         -18.989      31.202         -18.988      31.206             165             165
  107         -59.999      10.996         -60.000      11.000             107             107
  158          40.954    -301.899          40.948    -301.898             158             158
  177        -304.682     111.563        -304.684     111.569             177             177
  191         383.965    -257.171         383.958    -257.178             191             191
    3        -263.812     225.630        -263.810     225.633               3               3
  174        -210.070     334.670        -210.072     334.677             174             174
   66          35.024    -193.678          35.008    -193.674              66              66
  107        -150.398     -76.950        -150.423     -76.946             107             107
