SINAL     NFT                         FFT                         NFT INVERSA     FFT INVERSA
-----     -----------------------     -----------------------     -----------     -----------
   45        3328.000       0.000        3328.000       0.000              45              45
   56        -217.345    -240.684        -217.344    -240.684              56              56
  186         117.516     205.611         117.517     205.611             186             186
  188          87.049     130.034          87.050     130.034             188             188
   21        -147.275    -479.102        -147.275    -479.101              21              21
   17        -227.851    -128.413        -227.851    -128.413              17              17
  132          18.248     -13.790          18.249     -13.790             132             132
   52        -507.740      36.151        -507.739      36.153              52              52
  144        -289.001     232.999        -289.000     233.000             144             144
  112          25.449     118.495          25.448     118.496             112             112
  154         -14.752     174.192         -14.752     174.193             154             154
  226         205.082     420.131         205.085     420.132             226             226
  133         -32.722    -317.103         -32.724    -317.101             133             133
   47          81.436    -104.916          81.436    -104.917              47              47
  122        -213.016     133.591        -213.015     133.593             122             122
  112         -54.082    -149.837         -54.085    -149.836             112             112
  121         450.000       0.005         450.000       0.000             121             121
  160         -54.088     149.834         -54.085     149.836             160             160
  108        -213.013    -133.597        -213.014    -133.593             108             108
   82          81.435     104.917          81.435     104.917              82              82
  169         -32.728     317.097         -32.724     317.101             169             169
   30         205.091    -420.132         205.085    -420.131              30              30
  139         -14.751    -174.193         -14.752    -174.193             139             139
    2          25.448    -118.495          25.448    -118.495               2               2
   45        -288.998    -233.004        -289.000    -233.000              45              45
   94        -507.736     -36.159        -507.739     -36.153              94              94
  137          18.253      13.793          18.249      13.790             137             137
   83        -227.849     128.411        -227.851     128.413              83              83
  122        -147.277     479.096        -147.276     479.101             122             122
   87          87.061    -130.037          87.050    -130.034              87              87
  111         117.530    -205.608         117.517    -205.610             111             111
   91        -217.328     240.679        -217.344     240.683              91              91
