SINAL     NFT                         FFT                         NFT INVERSA     FFT INVERSA
-----     -----------------------     -----------------------     -----------     -----------
  248        4096.000       0.000        4096.000       0.000             248             248
  113         239.072    -414.127         239.072    -414.127             113             113
   33          66.482    -404.508          66.483    -404.508              33              33
  177         -33.037     230.575         -33.036     230.575             177             177
  217          79.101     220.650          79.102     220.650             217             217
  220          -3.565      85.977          -3.565      85.977             220             220
  209         212.226     396.728         212.227     396.729             209             209
  100         827.213     103.825         827.214     103.824             100             100
  117         -37.002      26.998         -37.000      27.000             117             117
  251           6.056      -6.746           6.057      -6.744             251             251
  156         216.948     356.013         216.951     356.015             156             156
   31         217.631    -757.215         217.627    -757.215              31              31
   48         436.893     326.653         436.898     326.650              48              48
  165        -173.458     -93.965        -173.456     -93.961             165             165
   64          88.336     170.777          88.339     170.778              64              64
  189         -23.916     121.958         -23.913     121.962             189             189
  116        -398.000      -0.008        -398.000       0.000             116             116
    6         -23.910    -121.966         -23.913    -121.962               6               6
  239          88.342    -170.780          88.339    -170.779             239             239
  153        -173.454      93.956        -173.456      93.961             153             153
   22         436.906    -326.646         436.898    -326.650              22              22
  201         217.617     757.214         217.626     757.215             201             201
   85         216.957    -356.019         216.951    -356.015              85              85
  128           6.059       6.740           6.057       6.744             128             128
  101         -36.994     -27.006         -37.000     -27.000             101             101
   25         827.220    -103.816         827.214    -103.823              25              25
   70         212.233    -396.729         212.228    -396.728              70              70
  174          -3.562     -85.980          -3.565     -85.977             174             174
   37          79.110    -220.651          79.102    -220.650              37              37
  129         -33.024    -230.574         -33.036    -230.575             129             129
   87          66.488     404.509          66.482     404.508              87              87
  185         239.090     414.125         239.072     414.127             185             185
