SINAL     NFT                         FFT                         NFT INVERSA     FFT INVERSA
-----     -----------------------     -----------------------     -----------     -----------
  143        4813.000       0.000        4813.000       0.000             143             143
  226          26.953     127.237          26.954     127.237             226             226
  252         151.143    -453.879         151.143    -453.878             252             252
   34         389.803     113.802         389.804     113.802              34              34
  238         326.975    -218.236         326.976    -218.237             238             238
   99         120.485     140.128         120.488     140.128              99              99
   67        -231.492    -103.599        -231.491    -103.598              67              67
  228         225.038     123.945         225.040     123.945             228             228
  108        -244.001    -103.002        -244.000    -103.000             108             108
  163          36.700    -233.680          36.700    -233.680             163             163
  210          30.963     -90.512          30.964     -90.512             210             210
   31        -259.936    -386.417        -259.937    -386.417              31              31
  152        -324.983     827.762        -324.977     827.763             152             152
  151         -25.357     691.012         -25.351     691.015             151             151
   58        -286.617     107.200        -286.616     107.207              58              58
  167         134.298     289.368         134.301     289.371             167             167
   62        -377.000      -0.010        -377.000       0.000              62              62
  192         134.305    -289.374         134.301    -289.371             192             192
  243        -286.615    -107.215        -286.616    -107.207             243             243
  248         -25.341    -691.019         -25.350    -691.015             248             248
   77        -324.964    -827.764        -324.976    -827.763              77              77
  214        -259.938     386.418        -259.937     386.417             214             214
  155          30.967      90.513          30.964      90.513             155             155
  196          36.699     233.679          36.699     233.680             196             196
  181        -243.996     102.993        -244.000     103.000             181             181
  101         225.048    -123.944         225.040    -123.945             101             101
  172        -231.486     103.592        -231.491     103.598             172             172
   87         120.501    -140.127         120.488    -140.128              87              87
   26         326.983     218.241         326.976     218.237              26              26
  203         389.816    -113.796         389.805    -113.801             203             203
   74         151.147     453.878         151.143     453.879              74              74
  255          26.986    -127.243          26.954    -127.237             255             255
