SINAL     NFT                         FFT                         NFT INVERSA     FFT INVERSA
-----     -----------------------     -----------------------     -----------     -----------
   13        4199.000       0.000        4199.000       0.000              13              13
  183        -121.758    -462.876        -121.757    -462.876             183             183
  206        -230.487    -691.203        -230.487    -691.203             206             206
  197         228.330     -49.699         228.331     -49.699             197             197
  183          86.796    -104.764          86.797    -104.765             183             183
  139        -443.771     -23.081        -443.771     -23.080             139             139
  173         154.466     -17.764         154.468     -17.765             173             173
  180        -442.170      15.940        -442.169      15.942             180             180
  209        -375.001     169.998        -375.000     170.000             209             209
   70         -51.951      11.966         -51.951      11.968              70              70
  236         -16.978    -510.718         -16.980    -510.718             236             236
  239        -576.628     247.280        -576.627     247.283             239             239
    3         525.204    -166.760         525.203    -166.764               3               3
   92        -539.028     113.242        -539.026     113.246              92              92
  134        -126.995    -348.156        -126.999    -348.156             134             134
   22         138.967     313.735         138.969     313.733              22              22
  239        -201.000      -0.003        -201.000       0.000             239             239
  163         138.973    -313.730         138.970    -313.732             163             163
   26        -127.006     348.155        -127.000     348.156              26              26
  232        -539.023    -113.253        -539.026    -113.247             232             232
   48         525.201     166.771         525.203     166.765              48              48
  249        -576.624    -247.290        -576.626    -247.283             249             249
  162         -16.986     510.719         -16.980     510.718             162             162
  168         -51.951     -11.971         -51.951     -11.967             168             168
   98        -374.997    -170.007        -375.000    -170.000              98              98
   62        -442.164     -15.949        -442.169     -15.942              62              62
  110         154.472      17.768         154.467      17.765             110             110
   50        -443.765      23.074        -443.770      23.080              50              50
   19          86.805     104.768          86.797     104.764              19              19
   57         228.337      49.707         228.331      49.700              57              57
  140        -230.490     691.198        -230.488     691.202             140             140
   97        -121.739     462.865        -121.758     462.876              97              97
