SINAL     NFT                         FFT                         NFT INVERSA     FFT INVERSA
-----     -----------------------     -----------------------     -----------     -----------
   93        4564.000       0.000        4564.000       0.000              93              93
   41         374.000     690.455         374.002     690.455              41              41
  222         -48.792     -26.165         -48.791     -26.164             222             222
  247        -188.654    -163.277        -188.653    -163.276             247             247
  231        -252.391    -431.526        -252.390    -431.526             231             231
   96        -643.118     172.373        -643.116     172.375              96              96
   29        -361.497     181.622        -361.497     181.623              29              29
    4        -120.600     499.428        -120.599     499.429               4               4
  163         205.002    -259.000         205.000    -259.000             163             163
  103         -70.177     452.697         -70.174     452.698             103             103
  140         -57.096     -97.918         -57.096     -97.916             140             140
   96        -309.037     124.574        -309.037     124.577              96              96
   32         402.391      28.476         402.391      28.475              32              32
  192         -61.579    -111.776         -61.580    -111.775             192             192
   46         -92.616     106.295         -92.616     106.297              46              46
   13         283.158       7.024         283.157       7.023              13              13
  185         294.000       0.001         294.000       0.000             185             185
  213         283.155      -7.022         283.157      -7.023             213             213
  125         -92.616    -106.299         -92.616    -106.297             125             125
  113         -61.581     111.772         -61.580     111.775             113             113
  131         402.389     -28.472         402.390     -28.474             131             131
  183        -309.037    -124.583        -309.037    -124.577             183             183
  154         -57.097      97.912         -57.096      97.916             154             154
  133         -70.166    -452.701         -70.174    -452.698             133             133
  255         204.995     259.001         205.000     259.000             255             255
  197        -120.593    -499.434        -120.599    -499.429             197             197
  184        -361.494    -181.627        -361.496    -181.623             184             184
  200        -643.108    -172.383        -643.116    -172.375             200             200
  227        -252.388     431.522        -252.391     431.525             227             227
  172        -188.643     163.269        -188.653     163.276             172             172
  212         -48.772      26.157         -48.791      26.164             212             212
  132         374.048    -690.448         374.003    -690.455             132             132
