SINAL     NFT                         FFT                         NFT INVERSA     FFT INVERSA
-----     -----------------------     -----------------------     -----------     -----------
  156        3777.000       0.000        3777.000       0.000             156             156
   86         176.594     119.845         176.595     119.845              86              86
  174         -55.341     -65.483         -55.340     -65.483             174             174
   71         169.094     256.316         169.095     256.316              71              71
   88        -107.544    -260.319        -107.544    -260.319              88              88
  143         571.490     -58.218         571.491     -58.219             143             143
   81          20.995     191.705          20.997     191.705              81              81
  141        -127.103     137.981        -127.102     137.982             141             141
  182         207.000    -217.999         207.000    -218.000             182             182
    7          35.728     486.765          35.732     486.765               7               7
  249         147.417      50.010         147.419      50.010             249             249
    1        -583.257     498.148        -583.252     498.153               1               1
  137        -158.458     435.676        -158.456     435.681             137             137
  169         228.240     -44.180         228.239     -44.178             169             169
   57        -257.069    -659.182        -257.076    -659.178              57              57
   23         385.195     595.762         385.200     595.760              23              23
   49         -91.000      -0.006         -91.000       0.000              49              49
  196         385.206    -595.757         385.201    -595.760             196             196
   10        -257.085     659.173        -257.076     659.178              10              10
  243         228.238      44.173         228.239      44.177             243             243
  145        -158.452    -435.689        -158.456    -435.681             145             145
  208        -583.243    -498.164        -583.252    -498.154             208             208
   14         147.425     -50.009         147.419     -50.010              14              14
   83          35.743    -486.764          35.733    -486.765              83              83
   59         206.999     218.003         207.000     218.000              59              59
  227        -127.096    -137.987        -127.101    -137.982             227             227
  150          21.007    -191.705          20.997    -191.705             150             150
   74         571.494      58.230         571.491      58.220              74              74
  209        -107.545     260.314        -107.544     260.319             209             209
   40         169.108    -256.316         169.096    -256.316              40              40
   83         -55.330      65.480         -55.340      65.483              83              83
  222         176.622    -119.843         176.595    -119.845             222             222
