SINAL     NFT                         FFT                         NFT INVERSA     FFT INVERSA
-----     -----------------------     -----------------------     -----------     -----------
  231        3700.000       0.000        3700.000       0.000             231             231
  205         174.276     405.528         174.277     405.528             205             205
  102         256.850     401.067         256.851     401.068             102             102
    1         554.721    -228.142         554.722    -228.143               1               1
  124        -165.328     192.673        -165.326     192.674             124             124
   50         229.380      76.439         229.381      76.439              50              50
   97         163.217    -351.757         163.217    -351.756              97              97
    8         417.526     -29.712         417.527     -29.713               8               8
   55         -42.001    -152.002         -42.000    -152.000              55              55
   69         195.367    -164.316         195.368    -164.316              69              69
   64        -198.780      81.288        -198.777      81.291              64              64
  183        -268.836     -90.610        -268.836     -90.606             183             183
  157         -60.672    -297.329         -60.674    -297.326             157             157
  160        -543.005    -390.222        -543.010    -390.217             160             160
  196         694.715    -181.879         694.710    -181.885             196             196
   11         248.569     299.898         248.571     299.896              11              11
  105         380.000       0.002         380.000       0.000             105             105
    9         248.574    -299.894         248.572    -299.896               9               9
  171         694.704     181.895         694.710     181.886             171             171
  105        -543.019     390.209        -543.011     390.216             105             105
   27         -60.678     297.321         -60.674     297.326              27              27
  201        -268.836      90.597        -268.836      90.605             201             201
  124        -198.772     -81.297        -198.777     -81.291             124             124
  216         195.370     164.316         195.368     164.316             216             216
   52         -41.997     151.995         -42.000     152.000              52              52
  170         417.532      29.716         417.528      29.713             170             170
   61         163.214     351.752         163.216     351.756              61              61
  125         229.386     -76.444         229.381     -76.439             125             125
  248        -165.315    -192.683        -165.326    -192.674             248             248
   42         554.728     228.146         554.722     228.143              42              42
  226         256.869    -401.070         256.851    -401.068             226             226
  105         174.307    -405.526         174.277    -405.528             105             105
