SINAL     NFT                         FFT                         NFT INVERSA     FFT INVERSA
-----     -----------------------     -----------------------     -----------     -----------
  248        4036.000       0.000        4036.000       0.000             248             248
   60          73.337    -518.560          73.338    -518.559              60              60
  164         234.191     -10.848         234.192     -10.848             164             164
  247        -167.124    -224.353        -167.123    -224.353             247             247
   68         407.994     -70.621         407.995     -70.622              68              68
  162        -353.282     183.788        -353.281     183.789             162             162
  209         783.457     -34.790         783.458     -34.792             209             209
  125        -581.814     318.256        -581.811     318.259             125             125
  113        -294.000     119.997        -294.000     120.000             113             113
  103          86.355     -18.012          86.353     -18.010             103             103
  167         341.393      51.177         341.392      51.176             167             167
  207         525.114     357.950         525.116     357.950             207             207
  166         210.006    -172.624         210.005    -172.622             166             166
    8         102.082       5.500         102.082       5.503               8               8
  128          44.964    -540.882          44.959    -540.880             128             128
  161         291.329    -175.132         291.327    -175.134             161             161
  251         492.000       0.005         492.000       0.000             251             251
  253         291.323     175.137         291.326     175.134             253             253
   29          44.951     540.877          44.958     540.880              29              29
   16         102.083      -5.507         102.082      -5.503              16              16
   24         210.004     172.619         210.005     172.622              24              24
  112         525.121    -357.947         525.117    -357.949             112             112
  159         341.389     -51.175         341.392     -51.176             159             159
   89          86.349      18.007          86.353      18.011              89              89
   35        -294.000    -120.010        -294.000    -120.000              35              35
   75        -581.800    -318.272        -581.811    -318.260              75              75
  254         783.462      34.803         783.458      34.792             254             254
   11        -353.275    -183.797        -353.281    -183.789              11              11
   80         408.000      70.629         407.995      70.622              80              80
   53        -167.121     224.346        -167.124     224.352              53              53
  169         234.204      10.849         234.191      10.848             169             169
   90          73.352     518.554          73.337     518.559              90              90
