SINAL     NFT                         FFT                         NFT INVERSA     FFT INVERSA
-----     -----------------------     -----------------------     -----------     -----------
  148        4307.000       0.000        4307.000       0.000             148             148
  213         177.983     110.006         177.984     110.006             213             213
  222         438.463     170.813         438.464     170.812             222             222
   15        -114.131     -99.901        -114.130     -99.901              15              15
   39         109.395     508.328         109.397     508.328              39              39
  169         644.957    -205.632         644.958    -205.632             169             169
  155          22.776    -595.430          22.776    -595.429             155             155
  246        -308.908     -58.972        -308.907     -58.970             246             246
   73         358.999    -173.998         359.000    -174.000              73              73
   47        -544.550     482.282        -544.544     482.285              47              47
    1        -410.337    -116.338        -410.337    -116.334               1               1
   30        -210.960    -179.209        -210.961    -179.207              30              30
  253          -9.397      74.328          -9.397      74.328             253             253
  209         195.153     523.578         195.157     523.578             209             209
  173         161.096    -130.093         161.096    -130.092             173             173
   92        -127.560     184.311        -127.556     184.315              92              92
  184        -337.000      -0.007        -337.000       0.000             184             184
  191        -127.552    -184.319        -127.556    -184.315             191             191
   30         161.096     130.091         161.096     130.092              30              30
  116         195.164    -523.578         195.158    -523.578             116             116
  144          -9.398     -74.327          -9.397     -74.328             144             144
  182        -210.965     179.204        -210.962     179.207             182             182
   31        -410.337     116.324        -410.337     116.333              31              31
  112        -544.531    -482.294        -544.544    -482.286             112             112
  206         359.004     174.007         359.000     174.000             206             206
   91        -308.902      58.966        -308.907      58.970              91              91
   45          22.777     595.427          22.776     595.429              45              45
  252         644.962     205.635         644.958     205.633             252             252
  125         109.411    -508.331         109.397    -508.328             125             125
  146        -114.121      99.896        -114.130      99.901             146             146
  156         438.483    -170.807         438.465    -170.812             156             156
  211         178.012    -110.003         177.984    -110.005             211             211
