SINAL     NFT                         FFT                         NFT INVERSA     FFT INVERSA
-----     -----------------------     -----------------------     -----------     -----------
   72        4843.000       0.000        4843.000       0.000              72              72
  251         152.146     188.332         152.147     188.332             251             251
  109         238.239    -138.170         238.240    -138.170             109             109
  249        -434.749     128.894        -434.747     128.895             249             249
  140         -10.737    -406.692         -10.736    -406.692             140             140
  240        -372.964      85.782        -372.963      85.784             240             240
   61        -132.415      75.013        -132.414      75.014              61              61
   66        -267.091    -277.318        -267.092    -277.316              66              66
  242         587.998     133.002         588.000     133.000             242             242
  116        -399.388    -602.747        -399.389    -602.744             116             116
   69        -356.980      45.255        -356.980      45.257              69              69
  155         152.312     -28.855         152.312     -28.855             155             155
  176         -43.262    -188.694         -43.263    -188.692             176             176
   15         215.133    -681.873         215.128    -681.875              15              15
   36          67.152     -99.924          67.154     -99.928              36              36
  247        -429.399     134.769        -429.395     134.772             247             247
  245        -471.000      -0.004        -471.000       0.000             245             245
  148        -429.391    -134.774        -429.395    -134.772             148             148
  189          67.157      99.932          67.154      99.928             189             189
  165         215.121     681.879         215.127     681.876             165             165
  222         -43.265     188.689         -43.264     188.692             222             222
   71         152.311      28.856         152.311      28.856              71              71
   42        -356.979     -45.261        -356.980     -45.257              42              42
  200        -399.393     602.736        -399.390     602.743             200             200
  121         588.005    -132.994         588.000    -133.000             121             121
  227        -267.097     277.309        -267.093     277.316             227             227
   87        -132.410     -75.020        -132.414     -75.014              87              87
  228        -372.955     -85.791        -372.962     -85.784             228             228
  169         -10.736     406.689         -10.737     406.692             169             169
  194        -434.732    -128.908        -434.747    -128.896             194             194
  206         238.257     138.171         238.240     138.171             206             206
   85         152.183    -188.332         152.147    -188.331              85              85
