SINAL     NFT                         FFT                         NFT INVERSA     FFT INVERSA
-----     -----------------------     -----------------------     -----------     -----------
  108        4282.000       0.000        4282.000       0.000             108             108
  135         318.934    -337.833         318.935    -337.833             135             135
  164          21.941    -121.097          21.942    -121.097             164             164
  124           5.994     264.798           5.995     264.798             124             124
  216        -453.293      94.288        -453.291      94.289             216             216
  234        -557.629     339.706        -557.628     339.708             234             234
  238         350.387      42.469         350.388      42.470             238             238
   11        -443.657    -199.269        -443.657    -199.266              11              11
  129         198.004    -736.000         198.000    -736.000             129             129
  188        -222.655     -88.380        -222.655     -88.379             188             188
  163        -129.268     159.932        -129.268     159.932             163             163
  141         369.247     -32.117         369.247     -32.118             141             141
  243        -116.707    -235.712        -116.708    -235.711             243             243
    8         103.001     139.933         103.002     139.932               8               8
   68        -143.063      92.364        -143.062      92.366              68              68
   72        -173.236     -43.990        -173.239     -43.987              72              72
  183         918.000       0.009         918.000       0.000             183             183
  170        -173.243      43.984        -173.239      43.987             170             170
   94        -143.061     -92.369        -143.062     -92.366              94              94
    2         103.004    -139.930         103.003    -139.931               2               2
  217        -116.711     235.709        -116.709     235.711             217             217
  146         369.246      32.122         369.247      32.119             146             146
  163        -129.268    -159.934        -129.268    -159.933             163             163
    1        -222.656      88.378        -222.656      88.379               1               1
  137         197.989     736.001         198.000     736.000             137             137
   77        -443.659     199.251        -443.657     199.265              77              77
   97         350.390     -42.471         350.388     -42.469              97              97
   54        -557.620    -339.722        -557.627    -339.709              54              54
  166        -453.280     -94.300        -453.291     -94.289             166             166
  251           6.014    -264.798           5.996    -264.798             251             251
  214          21.957     121.099          21.942     121.097             214             214
   68         318.957     337.837         318.935     337.834              68              68
