SINAL     NFT                         FFT                         NFT INVERSA     FFT INVERSA
-----     -----------------------     -----------------------     -----------     -----------
    7        3790.000       0.000        3790.000       0.000               7               7
  123        -429.373    -161.524        -429.373    -161.524             123             123
  248         363.615     218.264         363.616     218.264             248             248
   93        -137.476    -103.061        -137.476    -103.060              93              93
   12         272.031     -64.720         272.032     -64.721              12              12
    0         162.574    -491.174         162.574    -491.174              -0               0
  196        -114.091      93.603        -114.089      93.602             196             196
  114        -314.866     266.816        -314.862     266.817             114             114
   63        -846.001     -70.004        -846.000     -70.000              63              63
  204        -691.923     285.029        -691.922     285.033             204             204
  139         124.360      51.387         124.359      51.387             139             139
    7         183.914    -333.542         183.912    -333.543               7               7
  149        -172.035     319.278        -172.032     319.279             149             149
  212        -494.319     114.580        -494.319     114.585             212             212
  201         150.119    -259.950         150.114    -259.952             201             201
  186         217.463     356.709         217.466     356.707             186             186
  195        -114.000      -0.003        -114.000       0.000             195             195
  145         217.470    -356.704         217.467    -356.707             145             145
  134         150.108     259.953         150.114     259.952             134             134
  130        -494.319    -114.593        -494.319    -114.586             130             130
   45        -172.026    -319.280        -172.031    -319.279              45              45
  210         183.907     333.546         183.911     333.544             210             210
    1         124.355     -51.388         124.359     -51.387               1               1
  155        -691.921    -285.044        -691.922    -285.034             155             155
    8        -845.997      69.987        -846.000      70.000               8               8
   67        -314.849    -266.821        -314.862    -266.817              67              67
  246        -114.078     -93.600        -114.089     -93.603             246             246
  117         162.574     491.179         162.574     491.175             117             117
   17         272.036      64.724         272.032      64.721              17              17
   50        -137.470     103.055        -137.476     103.060              50              50
  177         363.630    -218.257         363.616    -218.263             177             177
  139        -429.354     161.515        -429.373     161.524             139             139
