SINAL     NFT                         FFT                         NFT INVERSA     FFT INVERSA
-----     -----------------------     -----------------------     -----------     -----------
    3        3175.000       0.000        3175.000       0.000               3               3
  166         106.491     -19.363         106.492     -19.363             166             166
   11        -283.036     -30.954        -283.035     -30.954              11              11
  179         179.904      51.618         179.905      51.618             179             179
   96         -88.077     -17.760         -88.076     -17.759              96              96
   73        -137.399     160.085        -137.398     160.085              73              73
  189        -193.405     596.759        -193.402     596.761             189             189
   48        -300.451    -482.672        -300.452    -482.669              48              48
   16        -102.998    -382.000        -103.000    -382.000              16              16
  220          -6.836     343.695          -6.834     343.695             220             220
  194         -55.740     211.589         -55.739     211.592             194             194
   32         212.120    -770.665         212.116    -770.664              32              32
  134        -271.922    -451.760        -271.924    -451.759             134             134
   27          31.046      52.551          31.048      52.549              27              27
   80        -415.823    -316.125        -415.824    -316.123              80              80
  146         -84.877      50.684         -84.877      50.682             146             146
    3        -257.000      -0.001        -257.000       0.000               3               3
   86         -84.876     -50.681         -84.877     -50.682              86              86
   31        -415.827     316.120        -415.825     316.122              31              31
  114          31.051     -52.546          31.048     -52.549             114             114
  131        -271.928     451.759        -271.924     451.759             131             131
  188         212.107     770.664         212.115     770.665             188             188
   41         -55.735    -211.598         -55.738    -211.592              41              41
    8          -6.828    -343.694          -6.834    -343.695               8               8
  227        -103.006     382.000        -103.000     382.000             227             227
  168        -300.459     482.659        -300.452     482.669             168             168
   46        -193.387    -596.769        -193.401    -596.761              46              46
   59        -137.390    -160.087        -137.398    -160.086              59              59
   68         -88.070      17.759         -88.076      17.759              68              68
  121         179.913     -51.614         179.905     -51.618             121             121
  189        -283.026      30.949        -283.035      30.954             189             189
   81         106.513      19.365         106.492      19.363              81              81
