SINAL     NFT                         FFT                         NFT INVERSA     FFT INVERSA
-----     -----------------------     -----------------------     -----------     -----------
    1        4533.000       0.000        4533.000       0.000               1               1
  232         -72.425    -273.822         -72.424    -273.822             232             232
  218        -233.617    -662.374        -233.617    -662.373             218             218
  251         121.134    -574.500         121.134    -574.500             251             251
  249          26.863    -381.243          26.864    -381.244             249             249
  140          11.730    -193.242          11.731    -193.243             140             140
   64        -253.118     236.613        -253.116     236.613              64              64
  203        -153.128      70.169        -153.127      70.169             203             203
  216         -64.003     484.999         -64.000     485.000             216             216
   69         224.042    -256.432         224.043    -256.432              69              69
  165        -398.423    -243.399        -398.423    -243.398             165             165
  189          58.942     113.389          58.945     113.387             189             189
  101        -562.871     710.751        -562.864     710.756             101             101
  123        -230.184    -504.996        -230.187    -504.993             123             123
  104        -270.847     213.615        -270.844     213.617             104             104
  250        -280.115     -29.549        -280.114     -29.546             250             250
   41        -349.000      -0.004        -349.000       0.000              41              41
   69        -280.114      29.542        -280.114      29.546              69              69
  236        -270.841    -213.620        -270.844    -213.617             236             236
   70        -230.193     504.988        -230.188     504.993              70              70
  241        -562.851    -710.765        -562.863    -710.756             241             241
  148          58.951    -113.383          58.945    -113.387             148             148
   91        -398.422     243.394        -398.423     243.398              91              91
  255         224.043     256.433         224.042     256.432             255             255
  115         -63.990    -485.002         -64.000    -485.000             115             115
  165        -153.123     -70.169        -153.127     -70.169             165             165
  193        -253.106    -236.612        -253.116    -236.613             193             193
   59          11.735     193.249          11.731     193.243              59              59
   50          26.864     381.249          26.864     381.244              50              50
   32         121.131     574.503         121.133     574.500              32              32
    7        -233.617     662.363        -233.617     662.373               7               7
  186         -72.399     273.810         -72.424     273.821             186             186
