SINAL     NFT                         FFT                         NFT INVERSA     FFT INVERSA
-----     -----------------------     -----------------------     -----------     -----------
    4        3683.000       0.000        3683.000       0.000               4               4
    7         -29.147      70.591         -29.146      70.591               7               7
   10          -8.074     282.818          -8.073     282.818              10              10
  125        -693.082     141.721        -693.081     141.722             125             125
  252        -540.354     -47.561        -540.354     -47.560             252             252
  142        -233.116     281.548        -233.116     281.548             142             142
  157         456.417     479.029         456.418     479.027             157             157
   51         160.812     244.634         160.814     244.634              51              51
   34        -202.003     380.998        -202.000     381.000              34              34
  126         119.492     -58.270         119.492     -58.269             126             126
  101        -265.995     284.715        -265.992     284.718             101             101
  192        -158.534    -330.989        -158.536    -330.986             192             192
   83        -131.646    -123.561        -131.646    -123.560              83              83
   68        -440.479    -183.051        -440.481    -183.048              68              68
  122         113.646     256.510         113.646     256.509             122             122
  175        -101.943    -248.549        -101.946    -248.547             175             175
  176         353.000       0.004         353.000       0.000             176             176
   39        -101.950     248.545        -101.946     248.547              39              39
  231         113.648    -256.508         113.647    -256.509             231             231
   67        -440.485     183.043        -440.482     183.047              67              67
   80        -131.647     123.557        -131.646     123.560              80              80
  103        -158.540     330.981        -158.536     330.986             103             103
  118        -265.985    -284.726        -265.992    -284.719             118             118
   19         119.494      58.268         119.492      58.269              19              19
   72        -201.991    -381.006        -202.000    -381.000              72              72
  107         160.822    -244.632         160.815    -244.633             107             107
  194         456.425    -479.019         456.419    -479.027             194             194
  230        -233.115    -281.548        -233.116    -281.548             230             230
  207        -540.354      47.553        -540.354      47.560             207             207
   50        -693.069    -141.734        -693.081    -141.722              50              50
  177          -8.052    -282.814          -8.073    -282.817             177             177
  164         -29.119     -70.586         -29.146     -70.591             164             164
