SINAL     NFT                         FFT                         NFT INVERSA     FFT INVERSA
-----     -----------------------     -----------------------     -----------     -----------
  206        4754.000       0.000        4754.000       0.000             206             206
  209         187.447       7.064         187.448       7.064             209             209
   22         562.676     -12.707         562.677     -12.708              22              22
   80        -294.530     516.042        -294.528     516.042              80              80
  200         -55.609     427.868         -55.607     427.869             200             200
  208        -107.245     372.718        -107.243     372.720             208             208
  207         765.185    -184.742         765.186    -184.743             207             207
  206          -8.545     -98.670          -8.544     -98.668             206             206
   39         -97.001      42.998         -97.000      43.000              39              39
   41         134.786    -139.172         134.787    -139.170              41              41
  158         225.208    -507.111         225.207    -507.111             158             158
  200        -241.361    -122.415        -241.360    -122.412             200             200
   46         -34.394     -36.133         -34.393     -36.131              46              46
  144         -52.126    -268.027         -52.128    -268.026             144             144
   82         110.929     156.925         110.931     156.925              82              82
  177          37.567     -10.375          37.569     -10.373             177             177
  249        -428.000      -0.006        -428.000       0.000             249             249
  224          37.570      10.372          37.569      10.374             224             224
  161         110.934    -156.924         110.931    -156.925             161             161
  126         -52.131     268.025         -52.128     268.026             126             126
  131         -34.393      36.129         -34.393      36.131             131             131
  138        -241.358     122.408        -241.360     122.412             138             138
  148         225.203     507.110         225.206     507.110             148             148
  151         134.787     139.165         134.786     139.170             151             151
    0         -96.996     -43.007         -97.000     -43.000              -0               0
   90          -8.538      98.663          -8.544      98.668              90              90
  108         765.186     184.747         765.185     184.743             108             108
  187        -107.235    -372.731        -107.243    -372.720             187             187
  162         -55.593    -427.875         -55.606    -427.869             162             162
  220        -294.505    -516.048        -294.527    -516.042             220             220
  244         562.695      12.720         562.677      12.708             244             244
  190         187.477      -7.061         187.448      -7.064             190             190
