SINAL     NFT                         FFT                         NFT INVERSA     FFT INVERSA
-----     -----------------------     -----------------------     -----------     -----------
  211        3572.000       0.000        3572.000       0.000             211             211
   47        -172.639    -370.590        -172.638    -370.589              47              47
   25         -82.160    -298.990         -82.160    -298.990              25              25
  160          53.342     377.885          53.343     377.885             160             160
    1         164.030     153.624         164.031     153.624               1               1
  232         440.149     384.756         440.151     384.756             232             232
  194        -246.595    -258.622        -246.596    -258.620             194             194
  114         607.411     268.058         607.413     268.056             114             114
  207        -195.000     -83.002        -195.000     -83.000             207             207
  158         106.616    -137.779         106.615    -137.779             158             158
   78         439.936     701.050         439.941     701.049              78              78
   98        -176.151     269.078        -176.149     269.083              98              98
   81         535.971    -248.376         535.969    -248.376              81              81
  237         264.028    -365.552         264.028    -365.552             237             237
   55        -191.187     -11.325        -191.185     -11.322              55              55
   63          85.242    -420.189          85.238    -420.189              63              63
   60         -86.000      -0.000         -86.000       0.000              60              60
  111          85.234     420.188          85.238     420.189             111             111
  236        -191.184      11.316        -191.185      11.321             236             236
  241         264.026     365.551         264.027     365.552             241             241
   21         535.966     248.376         535.969     248.376              21              21
    4        -176.145    -269.094        -176.149    -269.084               4               4
  250         439.953    -701.045         439.942    -701.048             250             250
   47         106.612     137.780         106.615     137.779              47              47
   84        -194.999      82.993        -195.000      83.000              84              84
  113         607.419    -268.049         607.413    -268.056             113             113
   45        -246.599     258.611        -246.596     258.620              45              45
   20         440.161    -384.753         440.151    -384.755              20              20
  109         164.035    -153.623         164.031    -153.624             109             109
   54          53.354    -377.883          53.343    -377.885              54              54
   86         -82.158     298.989         -82.160     298.990              86              86
  130        -172.624     370.581        -172.639     370.589             130             130
