SINAL     NFT                         FFT                         NFT INVERSA     FFT INVERSA
-----     -----------------------     -----------------------     -----------     -----------
   60        3932.000       0.000        3932.000       0.000              60              60
  162         394.133     664.623         394.134     664.623             162             162
   92        -189.528    -100.391        -189.527    -100.391              92              92
   72         -12.297      33.622         -12.296      33.622              72              72
  172        -213.112     384.254        -213.111     384.255             172             172
  158          68.290    -120.405          68.290    -120.405             158             158
   38        -132.096     -24.597        -132.095     -24.596              38              38
  166         203.795     105.041         203.796     105.041             166             166
  102         253.997     254.000         254.000     254.000             102             102
   82        -233.198    -128.880        -233.197    -128.878              82              82
    6        -456.021     -17.730        -456.019     -17.726               6               6
   42        -457.786     -68.470        -457.786     -68.466              42              42
  127        -628.885    -293.751        -628.889    -293.745             127             127
   76         283.522    -197.612         283.518    -197.615              76              76
   95         141.643     -53.519         141.642     -53.521              95              95
  121         -30.457    -236.470         -30.459    -236.471             121             121
   33           4.000       0.002           4.000       0.000              33              33
   70         -30.462     236.471         -30.460     236.471              70              70
   90         141.641      53.523         141.642      53.521              90              90
  123         283.512     197.618         283.518     197.615             123             123
  216        -628.896     293.735        -628.889     293.745             216             216
   96        -457.786      68.457        -457.786      68.465              96              96
  218        -456.016      17.717        -456.020      17.726             218             218
  191        -233.191     128.871        -233.197     128.877             191             191
  150         254.010    -253.999         254.000    -254.000             150             150
  171         203.800    -105.038         203.796    -105.040             171             171
   71        -132.093      24.593        -132.095      24.596              71              71
  228          68.292     120.402          68.290     120.405             228             228
  251        -213.098    -384.261        -213.110    -384.255             251             251
   40         -12.286     -33.622         -12.296     -33.622              40              40
  247        -189.513     100.385        -189.527     100.391             247             247
  166         394.175    -664.614         394.135    -664.623             166             166
