SINAL     NFT                         FFT                         NFT INVERSA     FFT INVERSA
-----     -----------------------     -----------------------     -----------     -----------
  202        3811.000       0.000        3811.000       0.000             202             202
  203         -95.956    -307.792         -95.955    -307.792             203             203
   17        -195.318    -223.108        -195.318    -223.108              17              17
  185         518.926     197.117         518.927     197.117             185             185
   38        -424.294       2.743        -424.293       2.745              38              38
  217         143.146    -206.611         143.146    -206.610             217             217
  131         252.238    -388.435         252.237    -388.435             131             131
   62         244.085     214.635         244.087     214.635              62              62
  221         367.001    -408.000         367.000    -408.000             221             221
  151        -389.016     -35.723        -389.016     -35.720             151             151
  119         102.409    -459.524         102.405    -459.523             119             119
  159         590.622      37.066         590.622      37.062             159             159
  170         390.293     -93.254         390.294     -93.255             170             170
  236         290.547    -640.028         290.544    -640.030             236             236
   17         -55.326     -50.195         -55.324     -50.196              17              17
   30         -54.358     121.035         -54.354     121.035              30              30
   46        -717.000      -0.008        -717.000       0.000              46              46
  169         -54.350    -121.035         -54.354    -121.035             169             169
   74         -55.320      50.197         -55.324      50.196              74              74
   94         290.540     640.033         290.544     640.030              94              94
  236         390.295      93.257         390.293      93.255             236             236
  196         590.622     -37.055         590.622     -37.062             196             196
   91         102.395     459.523         102.405     459.523              91              91
  210        -389.015      35.710        -389.016      35.719             210             210
    1         366.998     408.001         367.000     408.000               1               1
   17         244.092    -214.635         244.087    -214.635              17              17
   61         252.231     388.436         252.236     388.435              61              61
  186         143.141     206.606         143.146     206.610             186             186
   43        -424.289      -2.760        -424.294      -2.745              43              43
  147         518.938    -197.111         518.927    -197.116             147             147
   80        -195.314     223.100        -195.318     223.107              80              80
    2         -95.937     307.782         -95.955     307.792               2               2
