SINAL     NFT                         FFT                         NFT INVERSA     FFT INVERSA
-----     -----------------------     -----------------------     -----------     -----------
  158        3828.000       0.000        3828.000       0.000             158             158
   92         648.439     166.657         648.440     166.656              92              92
  251         463.732    -277.674         463.733    -277.674             251             251
  155          20.076      87.141          20.077      87.141             155             155
  231         211.530     152.952         211.532     152.952             231             231
   14        -251.523     267.083        -251.520     267.084              14              14
  123        -435.151    -178.782        -435.150    -178.781             123             123
  198        -160.675     276.490        -160.674     276.491             198             198
   19           8.999     122.999           9.000     123.000              19              19
  132        -101.354     254.414        -101.353     254.415             132             132
   36         571.270     -74.899         571.271     -74.901              36              36
   30        -132.352      85.059        -132.349      85.061              30              30
   47        -471.536     334.947        -471.533     334.952              47              47
  155        -269.976     108.677        -269.977     108.681             155             155
   21         484.144     430.207         484.146     430.205              21              21
   54         207.351     252.141         207.355     252.144              54              54
  163        -358.000      -0.010        -358.000       0.000             163             163
  143         207.360    -252.148         207.355    -252.144             143             143
  131         484.150    -430.203         484.146    -430.205             131             131
  104        -269.979    -108.687        -269.977    -108.681             104             104
   95        -471.527    -334.960        -471.532    -334.952              95              95
   70        -132.343     -85.064        -132.349     -85.061              70              70
   70         571.272      74.907         571.271      74.901              70              70
  255        -101.349    -254.420        -101.352    -254.416             255             255
   31           9.003    -123.002           9.000    -123.000              31              31
  160        -160.668    -276.494        -160.673    -276.491             160             160
   59        -435.148     178.771        -435.150     178.780              59              59
   58        -251.505    -267.091        -251.520    -267.084              58              58
  128         211.547    -152.948         211.533    -152.952             128             128
  219          20.093     -87.139          20.078     -87.141             219             219
  172         463.746     277.682         463.733     277.674             172             172
  254         648.468    -166.646         648.440    -166.655             254             254
