SINAL     NFT                         FFT                         NFT INVERSA     FFT INVERSA
-----     -----------------------     -----------------------     -----------     -----------
  224        4611.000       0.000        4611.000       0.000             224             224
  155         -12.232    -449.355         -12.231    -449.355             155             155
  237        -109.897      72.193        -109.897      72.194             237             237
   38         447.393       3.525         447.394       3.524              38              38
   83         374.088      -8.712         374.089      -8.712              83              83
  203         422.553     -17.684         422.554     -17.685             203             203
   84         -74.199     -29.383         -74.197     -29.382              84              84
  236        -120.033    -117.389        -120.032    -117.388             236             236
  204         281.998       5.001         282.000       5.000             204             204
  230        -245.246     -94.293        -245.245     -94.290             230             230
   96        -463.196     -61.583        -463.196     -61.580              96              96
  212         272.932     412.083         272.935     412.082             212             212
  246        -340.090     205.283        -340.089     205.288             246             246
   93         -33.281     295.429         -33.281     295.433              93              93
  187         367.298    -532.005         367.291    -532.004             187             187
  134         451.909    -260.112         451.906    -260.115             134             134
   76         117.000       0.001         117.000       0.000              76              76
  167         451.903     260.119         451.906     260.115             167             167
   64         367.281     532.004         367.290     532.005              64              64
  144         -33.281    -295.440         -33.281    -295.434             144             144
  172        -340.087    -205.297        -340.089    -205.288             172             172
  148         272.940    -412.080         272.935    -412.082             148             148
   23        -463.197      61.573        -463.197      61.580              23              23
  195        -245.241      94.284        -245.245      94.290             195             195
  166         282.005      -4.998         282.000      -5.000             166             166
  100        -120.030     117.383        -120.032     117.388             100             100
  177         -74.190      29.377         -74.197      29.382             177             177
    8         422.563      17.688         422.555      17.685               8               8
  152         374.096       8.715         374.089       8.712             152             152
   25         447.400      -3.520         447.394      -3.524              25              25
  173        -109.885     -72.198        -109.897     -72.194             173             173
  159         -12.211     449.349         -12.232     449.354             159             159
