SINAL     NFT                         FFT                         NFT INVERSA     FFT INVERSA
-----     -----------------------     -----------------------     -----------     -----------
  128        4123.000       0.000        4123.000       0.000             128             128
  213          -3.363    -205.679          -3.362    -205.679             213             213
  180         283.748      98.178         283.749      98.178             180             180
   94        -568.477    -292.238        -568.477    -292.237              94              94
   50         408.902     -61.058         408.902     -61.059              50              50
  153         586.601    -212.552         586.601    -212.553             153             153
  207         508.403    -288.578         508.405    -288.579             207             207
  246        -455.240     181.709        -455.237     181.711             246             246
   75        -299.000    -208.002        -299.000    -208.000              75              75
   15        -178.964     370.212        -178.961     370.214              15              15
  152         116.917    -229.083         116.916    -229.082             152             152
   51        -384.328     -95.587        -384.328     -95.584              51              51
  129         -88.902     128.940         -88.902     128.941             129             129
  227         306.955    -215.751         306.954    -215.752             227             227
  130          38.927     137.675          38.930     137.675             130             130
  140        -287.190       6.334        -287.190       6.338             140             140
  251           3.000      -0.001           3.000       0.000             251             251
  204        -287.189      -6.343        -287.190      -6.338             204             204
  121          38.934    -137.675          38.930    -137.675             121             121
    2         306.951     215.755         306.954     215.753               2               2
  128         -88.901    -128.944         -88.902    -128.941             128             128
   74        -384.328      95.578        -384.328      95.584              74              74
  100         116.915     229.081         116.916     229.082             100             100
   37        -178.954    -370.218        -178.961    -370.214              37              37
   67        -299.000     207.995        -299.000     208.000              67              67
  211        -455.224    -181.719        -455.236    -181.712             211             211
  185         508.411     288.588         508.405     288.580             185             185
  216         586.602     212.561         586.601     212.554             216             216
   54         408.901      61.063         408.902      61.059              54              54
   37        -568.477     292.222        -568.478     292.236              37              37
  106         283.766     -98.177         283.749     -98.178             106             106
  140          -3.341     205.674          -3.362     205.679             140             140
