SINAL     NFT                         FFT                         NFT INVERSA     FFT INVERSA
-----     -----------------------     -----------------------     -----------     -----------
  244        3736.000       0.000        3736.000       0.000             244             244
  230         243.248    -230.587         243.249    -230.587             230             230
   37         266.865       2.903         266.866       2.903              37              37
  228        -144.419    -611.567        -144.419    -611.566             228             228
  249         238.276    -381.452         238.276    -381.452             249             249
  175        -650.971     141.056        -650.970     141.058             175             175
   32         438.226     408.486         438.226     408.486              32              32
   18         366.850    -572.985         366.848    -572.985              18              18
   57         546.999      -8.998         547.000      -9.000              57              57
  112         298.922    -200.237         298.923    -200.237             112             112
  244         322.131    -308.145         322.131    -308.146             244             244
  154         166.997    -321.150         166.996    -321.150             154             154
   22         123.718     470.547         123.724     470.548              22              22
   93        -330.239    -569.781        -330.242    -569.775              93              93
   57         -55.220    -281.730         -55.223    -281.729              57              57
  252          89.621    -361.837          89.617    -361.839             252             252
  239         230.000       0.005         230.000       0.000             239             239
   37          89.612     361.842          89.617     361.840              37              37
  112         -55.228     281.727         -55.224     281.729             112             112
   11        -330.248     569.767        -330.243     569.775              11              11
   76         123.735    -470.549         123.725    -470.548              76              76
   78         166.996     321.153         166.996     321.151              78              78
    1         322.130     308.147         322.131     308.146               1               1
  177         298.923     200.237         298.922     200.237             177             177
  183         547.002       9.005         547.000       9.000             183             183
   66         366.838     572.984         366.847     572.985              66              66
  179         438.230    -408.486         438.227    -408.486             179             179
    7        -650.967    -141.071        -650.970    -141.059               7               7
  195         238.275     381.455         238.276     381.452             195             195
   90        -144.422     611.555        -144.420     611.566              90              90
   56         266.880      -2.908         266.866      -2.903              56              56
   25         243.267     230.582         243.248     230.587              25              25
