SINAL     NFT                         FFT                         NFT INVERSA     FFT INVERSA
-----     -----------------------     -----------------------     -----------     -----------
  233        4205.000       0.000        4205.000       0.000             233             233
  241         192.852       6.002         192.853       6.002             241             241
  112         168.763      30.179         168.764      30.179             112             112
   22         -78.023     -22.572         -78.023     -22.572              22              22
  131        1049.145    -159.280        1049.145    -159.283             131             131
   54         650.777     241.418         650.780     241.417              54              54
  188         231.204      92.863         231.207      92.863             188             188
  226           0.725     294.525           0.728     294.526             226             226
   72        -460.000    -345.004        -460.000    -345.000              72              72
  187         366.925      72.971         366.926      72.970             187             187
  110          61.310     -20.879          61.313     -20.877             110             110
   70        -248.184    -230.327        -248.183    -230.324              70              70
   88        -273.144    -235.286        -273.145    -235.283              88              88
   74        -398.967     294.350        -398.966     294.354              74              74
  230         338.717      36.439         338.716      36.439             230             230
   25        -318.112    -234.894        -318.115    -234.889              25              25
  212         683.000       0.006         683.000       0.000             212             212
  151        -318.120     234.882        -318.116     234.888             151             151
  251         338.716     -36.439         338.716     -36.439             251             251
   41        -398.964    -294.361        -398.966    -294.355              41              41
   35        -273.146     235.278        -273.145     235.283              35              35
   81        -248.182     230.316        -248.183     230.323              81              81
  156          61.318      20.873          61.313      20.877             156             156
   33         366.930     -72.968         366.926     -72.970              33              33
  173        -460.001     344.987        -460.000     345.000             173             173
  251           0.744    -294.533           0.729    -294.527             251             251
  234         231.220     -92.863         231.207     -92.863             234             234
   57         650.795    -241.408         650.780    -241.416              57              57
   48        1049.145     159.299        1049.145     159.283              48              48
   14         -78.020      22.565         -78.023      22.572              14              14
  171         168.777     -30.181         168.764     -30.179             171             171
  234         192.878      -6.002         192.852      -6.001             234             234
