SINAL     NFT                         FFT                         NFT INVERSA     FFT INVERSA
-----     -----------------------     -----------------------     -----------     -----------
  239        4285.000       0.000        4285.000       0.000             239             239
  208         229.391     -37.052         229.392     -37.051             208             208
  162          53.931      86.849          53.932      86.849             162             162
   18        -450.221     -73.279        -450.221     -73.277              18              18
  141         237.167    -172.468         237.167    -172.468             141             141
  169         465.747    -281.258         465.747    -281.258             169             169
  250         573.059      -5.862         573.060      -5.863             250             250
   97         137.019    -264.902         137.020    -264.902              97              97
  143        -275.000    -218.003        -275.000    -218.000             143             143
   98          -1.790    -481.357          -1.792    -481.356              98              98
  148         110.812      25.936         110.812      25.935             148             148
   62         289.389     -85.696         289.389     -85.697              62              62
  158          44.832      39.532          44.833      39.532             158             158
   37         122.279     175.803         122.281     175.803              37              37
  184          98.194      94.648          98.196      94.648             184             184
  184         -95.821     632.008         -95.815     632.012             184             184
  152         285.000      -0.004         285.000       0.000             152             152
  104         -95.808    -632.017         -95.815    -632.013             104             104
  141          98.198     -94.648          98.196     -94.648             141             141
  124         122.284    -175.802         122.281    -175.803             124             124
   72          44.835     -39.532          44.834     -39.532              72              72
  115         289.389      85.701         289.389      85.698             115             115
   94         110.813     -25.934         110.812     -25.936              94              94
  103          -1.799     481.355          -1.793     481.356             103             103
   39        -274.999     217.992        -275.000     218.000              39              39
  202         137.023     264.899         137.020     264.902             202             202
  242         573.065       5.868         573.060       5.864             242             242
  231         465.743     281.261         465.746     281.258             231             231
   61         237.163     172.465         237.166     172.468              61              61
  176        -450.216      73.260        -450.221      73.276             176             176
   59          53.949     -86.855          53.932     -86.849              59              59
   72         229.419      37.049         229.392      37.051              72              72
