SINAL     NFT                         FFT                         NFT INVERSA     FFT INVERSA
-----     -----------------------     -----------------------     -----------     -----------
  112        3250.000       0.000        3250.000       0.000             112             112
  137        -105.929     -83.795        -105.928     -83.794             137             137
  115         -10.657    -526.678         -10.657    -526.678             115             115
  250        -184.076    -285.565        -184.076    -285.564             250             250
    9         473.183    -501.955         473.182    -501.957               9               9
  169         -23.539     114.006         -23.538     114.006             169             169
  165         102.902     115.887         102.903     115.886             165             165
   32         230.378      77.303         230.380      77.302              32              32
   74        -395.000    -163.002        -395.000    -163.000              74              74
  153        -463.158     486.202        -463.157     486.205             153             153
  182         477.784    -314.035         477.781    -314.037             182             182
   10         554.958     361.961         554.961     361.958              10              10
    5          58.813     212.041          58.818     212.043               5               5
  109        -155.969    -427.337        -155.970    -427.333             109             109
  113         -62.026    -280.603         -62.026    -280.602             113             113
   22        -380.670    -184.614        -380.672    -184.612              22              22
  178         100.000       0.002         100.000       0.000             178             178
  192        -380.674     184.608        -380.672     184.611             192             192
  159         -62.028     280.600         -62.027     280.602             159             159
   45        -155.973     427.327        -155.971     427.332              45              45
  169          58.825    -212.047          58.818    -212.043             169             169
   24         554.969    -361.951         554.962    -361.957              24              24
   46         477.773     314.042         477.780     314.038              46              46
  229        -463.152    -486.214        -463.156    -486.205             229             229
   89        -394.999     162.994        -395.000     163.000              89              89
   77         230.386     -77.299         230.380     -77.302              77              77
  240         102.908    -115.885         102.903    -115.887             240             240
   26         -23.531    -114.003         -23.538    -114.006              26              26
    4         473.176     501.967         473.182     501.957               4               4
    8        -184.079     285.559        -184.077     285.564               8               8
   15         -10.658     526.672         -10.657     526.678              15              15
   92        -105.910      83.783        -105.928      83.794              92              92
