SINAL     NFT                         FFT                         NFT INVERSA     FFT INVERSA
-----     -----------------------     -----------------------     -----------     -----------
   73        3636.000       0.000        3636.000       0.000              73              73
   86        -521.712      75.689        -521.711      75.689              86              86
   19        -342.266    -206.178        -342.265    -206.178              19              19
    0        -297.332    -113.269        -297.332    -113.269               0              -0
  239        -162.026     323.625        -162.026     323.626             239             239
   58         249.867     -49.334         249.866     -49.334              58              58
  243         151.813      95.353         151.814      95.353             243             243
  129         151.765    -231.971         151.764    -231.971             129             129
   87         117.001    -200.999         117.000    -201.000              87              87
   60         290.110     444.135         290.114     444.135              60              60
  150        -223.421    -412.400        -223.422    -412.397             150             150
   92           2.372    -513.508           2.370    -513.509              92              92
   46        -335.975      59.624        -335.974      59.626              46              46
  226          11.396    -416.353          11.391    -416.355             226             226
  119         -46.131     590.074         -46.127     590.072             119             119
  206         385.534     488.885         385.538     488.884             206             206
   39        -162.000      -0.006        -162.000       0.000              39              39
  160         385.544    -488.881         385.539    -488.883             160             160
  148         -46.121    -590.070         -46.126    -590.072             148             148
   46          11.384     416.358          11.391     416.355              46              46
  218        -335.973     -59.629        -335.974     -59.626             218             218
  221           2.364     513.509           2.369     513.509             221             221
   46        -223.425     412.389        -223.422     412.397              46              46
  167         290.124    -444.133         290.114    -444.135             167             167
  140         116.998     201.002         117.000     201.000             140             140
  182         151.761     231.971         151.764     231.971             182             182
   22         151.816     -95.354         151.814     -95.353              22              22
  188         249.864      49.335         249.866      49.334             188             188
   85        -162.022    -323.630        -162.026    -323.626              85              85
   57        -297.332     113.264        -297.332     113.268              57              57
   63        -342.262     206.168        -342.265     206.177              63              63
   21        -521.686     -75.703        -521.711     -75.690              21              21
