SINAL     NFT                         FFT                         NFT INVERSA     FFT INVERSA
-----     -----------------------     -----------------------     -----------     -----------
   51        3925.000       0.000        3925.000       0.000              51              51
  208        -454.798    -390.205        -454.797    -390.205             208             208
  177         291.815     216.317         291.816     216.317             177             177
    2         220.867     -85.684         220.868     -85.684               2               2
  254        -139.198     -86.671        -139.197     -86.670             254             254
    0        -296.595    -380.631        -296.595    -380.630              -0               0
   88          -3.810      75.882          -3.810      75.882              88              88
   55        -164.277    -127.201        -164.276    -127.199              55              55
  195         130.000    -181.000         130.000    -181.000             195             195
  140        -136.202    -531.554        -136.204    -531.552             140             140
  163         -78.279    -386.252         -78.281    -386.253             163             163
  201         -69.464    -190.234         -69.464    -190.236             201             201
  141        -318.806     331.328        -318.803     331.329             141             141
  217        -286.472    -358.104        -286.476    -358.104             217             217
  113           2.268     930.183           2.274     930.181             113             113
  238         -61.055     222.624         -61.055     222.628             238             238
  207         435.000       0.001         435.000       0.000             207             207
   45         -61.054    -222.632         -61.055    -222.628              45              45
  187           2.284    -930.180           2.275    -930.182             187             187
   14        -286.482     358.104        -286.476     358.104              14              14
  239        -318.797    -331.331        -318.802    -331.330             239             239
   94         -69.465     190.239         -69.464     190.236              94              94
  105         -78.285     386.255         -78.281     386.253             105             105
  122        -136.209     531.550        -136.204     531.553             122             122
   10         129.999     180.999         130.000     181.000              10              10
   77        -164.277     127.194        -164.277     127.199              77              77
   90          -3.806     -75.883          -3.810     -75.882              90              90
   99        -296.597     380.623        -296.595     380.630              99              99
   58        -139.190      86.664        -139.197      86.671              58              58
  182         220.876      85.684         220.868      85.685             182             182
  102         291.829    -216.313         291.816    -216.316             102             102
   51        -454.783     390.192        -454.798     390.204              51              51
