SINAL     NFT                         FFT                         NFT INVERSA     FFT INVERSA
-----     -----------------------     -----------------------     -----------     -----------
   54        3984.000       0.000        3984.000       0.000              54              54
   54         -63.212      74.154         -63.211      74.154              54              54
  113         190.830     215.704         190.832     215.704             113             113
   94        -332.171      47.004        -332.169      47.005              94              94
  203        -441.000     213.880        -440.999     213.881             203             203
  228        -438.019     171.472        -438.018     171.473             228             228
   10         -63.515     198.520         -63.515     198.520              10              10
  102         -25.482     187.802         -25.482     187.804             102             102
   63          85.002    -421.001          85.000    -421.000              63              63
  148        -144.556    -349.497        -144.558    -349.496             148             148
  125         112.251     179.093         112.253     179.092             125             125
   36        -325.651     -86.883        -325.652     -86.880              36              36
  217        -103.002     259.880        -103.002     259.881             217             217
  123          20.511     250.438          20.512     250.440             123             123
  153         228.434    -327.725         228.430    -327.725             153             153
   99        -259.415    -489.359        -259.421    -489.357              99              99
  250         862.000       0.012         862.000       0.000             250             250
   71        -259.429     489.355        -259.422     489.357              71              71
  168         228.426     327.724         228.430     327.725             168             168
   86          20.513    -250.443          20.512    -250.440              86              86
  113        -103.000    -259.882        -103.001    -259.881             113             113
  104        -325.653      86.876        -325.652      86.880             104             104
  194         112.256    -179.089         112.253    -179.092             194             194
   27        -144.563     349.495        -144.558     349.496              27              27
  124          84.994     420.997          85.000     421.000             124             124
   79         -25.479    -187.810         -25.481    -187.804              79              79
  190         -63.513    -198.525         -63.515    -198.521             190             190
   45        -438.014    -171.483        -438.018    -171.474              45              45
  230        -440.988    -213.889        -440.998    -213.881             230             230
  184        -332.156     -47.011        -332.169     -47.005             184             184
  216         190.851    -215.699         190.832    -215.704             216             216
   81         -63.184     -74.152         -63.211     -74.153              81              81
