SINAL     NFT                         FFT                         NFT INVERSA     FFT INVERSA
-----     -----------------------     -----------------------     -----------     -----------
  223        4411.000       0.000        4411.000       0.000             223             223
  213         -49.577     -31.347         -49.576     -31.347             213             213
  172         181.209      -4.772         181.210      -4.772             172             172
   27        -174.507     102.717        -174.506     102.718              27              27
   19         502.923     231.713         502.924     231.713              19              19
  163         321.175    -399.152         321.175    -399.151             163             163
  241         198.465    -317.382         198.465    -317.381             241             241
  146         248.811    -366.442         248.812    -366.442             146             146
  168        -389.000    -240.002        -389.000    -240.000             168             168
  131          -7.575    -304.078          -7.576    -304.078             131             131
  113         330.989     301.890         330.991     301.888             113             113
   93        -116.136      65.823        -116.135      65.824              93              93
   24         319.072     387.713         319.076     387.713              24              24
  215        -454.024    -419.689        -454.028    -419.683             215             215
  150         297.335      26.499         297.334      26.497             150             150
  197         159.835     107.640         159.836     107.641             197             197
  232         -13.000      -0.003         -13.000       0.000             232             232
   36         159.838    -107.641         159.836    -107.640              36              36
  224         297.333     -26.494         297.334     -26.497             224             224
  155        -454.033     419.674        -454.028     419.683             155             155
   31         319.083    -387.713         319.076    -387.713              31              31
  169        -116.132     -65.828        -116.135     -65.824             169             169
  125         330.997    -301.883         330.991    -301.888             125             125
  192          -7.581     304.079          -7.577     304.078             192             192
   35        -389.000     239.993        -389.000     240.000              35              35
  156         248.812     366.443         248.811     366.442             156             156
  177         198.465     317.379         198.465     317.381             177             177
   76         321.174     399.148         321.174     399.152              76              76
  173         502.931    -231.713         502.924    -231.713             173             173
  143        -174.499    -102.727        -174.507    -102.718             143             143
   92         181.223       4.771         181.210       4.772              92              92
  100         -49.550      31.340         -49.576      31.347             100             100
