SINAL     NFT                         FFT                         NFT INVERSA     FFT INVERSA
-----     -----------------------     -----------------------     -----------     -----------
  156        4017.000       0.000        4017.000       0.000             156             156
   14        -192.432     123.429        -192.431     123.429              14              14
  216          22.017     151.763          22.018     151.763             216             216
  117        -144.771      73.818        -144.770      73.819             117             117
  177        -456.535    -794.058        -456.536    -794.056             177             177
   77         106.298     156.381         106.299     156.381              77              77
   59        -522.519     163.781        -522.519     163.783              59              59
   60          39.899    -252.464          39.897    -252.463              60              60
   78         217.000      76.000         217.000      76.000              78              78
  229        -226.715    -263.285        -226.717    -263.283             229             229
   60         163.051     -44.451         163.049     -44.452              60              60
  220         498.202     -75.617         498.201     -75.620             220             220
  141         366.534     185.948         366.536     185.944             141             141
  156          27.109     488.612          27.113     488.612             156             156
   70         229.447     631.526         229.452     631.528              70              70
  120         300.411    -296.598         300.408    -296.596             120             120
  105         121.000      -0.001         121.000       0.000             105             105
   93         300.405     296.595         300.408     296.597              93              93
  216         229.459    -631.530         229.453    -631.528             216             216
  247          27.120    -488.612          27.114    -488.612             247             247
  206         366.539    -185.938         366.536    -185.944             206             206
   22         498.197      75.629         498.200      75.621              22              22
   20         163.044      44.455         163.049      44.452              20              20
   72        -226.723     263.278        -226.718     263.283              72              72
  210         217.000     -75.999         217.000     -76.000             210             210
   94          39.889     252.461          39.897     252.463              94              94
  216        -522.516    -163.795        -522.519    -163.784             216             216
  175         106.304    -156.377         106.299    -156.381             175             175
   70        -456.547     794.045        -456.537     794.056              70              70
  251        -144.760     -73.831        -144.770     -73.819             251             251
   69          22.033    -151.768          22.018    -151.763              69              69
    1        -192.403    -123.436        -192.431    -123.429               1               1
