SINAL     NFT                         FFT                         NFT INVERSA     FFT INVERSA
-----     -----------------------     -----------------------     -----------     -----------
  229        4554.000       0.000        4554.000       0.000             229             229
  116         155.907    -584.413         155.908    -584.413             116             116
   38         109.482      89.001         109.483      89.001              38              38
  229         202.945     190.898         202.946     190.898             229             229
  152         346.045      81.420         346.047      81.419             152             152
  193          87.459     531.697          87.462     531.697             193             193
   89         -40.413     589.831         -40.409     589.832              89              89
  236        -379.475     -31.164        -379.475     -31.161             236             236
  195         363.999     276.000         364.000     276.000             195             195
  134         252.694      72.352         252.696      72.354             134             134
  203         -46.082    -347.295         -46.083    -347.292             203             203
  243         -92.737      29.225         -92.737      29.228             243             243
  145         495.955    -276.579         495.953    -276.581             145             145
   60          94.021     172.642          94.024     172.644              60              60
  205         101.010    -272.126         101.010    -272.124             205             205
   67        -472.820    -444.689        -472.824    -444.684              67              67
  248         418.000       0.005         418.000       0.000             248             248
   94        -472.829     444.678        -472.824     444.684              94              94
   94         101.009     272.121         101.009     272.124              94              94
  127          94.029    -172.646          94.024    -172.644             127             127
  171         495.950     276.584         495.953     276.581             171             171
   60         -92.737     -29.233         -92.737     -29.228              60              60
   80         -46.086     347.285         -46.084     347.292              80              80
    6         252.700     -72.358         252.696     -72.354               6               6
  251         364.004    -276.001         364.000    -276.000             251             251
  112        -379.474      31.147        -379.475      31.160             112             112
  106         -40.392    -589.840         -40.409    -589.832             106             106
   48          87.480    -531.696          87.463    -531.697              48              48
   34         346.056     -81.413         346.047     -81.419              34              34
  127         202.958    -190.894         202.946    -190.897             127             127
  246         109.498     -88.996         109.483     -89.000             246             246
  216         155.925     584.414         155.907     584.414             216             216
