SINAL     NFT                         FFT                         NFT INVERSA     FFT INVERSA
-----     -----------------------     -----------------------     -----------     -----------
  161        3698.000       0.000        3698.000       0.000             161             161
   84         200.006     190.180         200.007     190.180              84              84
   36        -212.357     -26.017        -212.356     -26.017              36              36
   37        -181.507    -209.326        -181.506    -209.326              37              37
  168          15.192     732.462          15.194     732.462             168             168
  211          39.141     693.911          39.143     693.912             211             211
  250           9.838     -94.751           9.838     -94.749             250             250
   72          89.330    -302.633          89.330    -302.631              72              72
   33         -42.998    -369.002         -43.000    -369.000              33              33
   87         -87.033    -426.285         -87.036    -426.285              87              87
   81         359.831     341.694         359.833     341.692              81              81
   19         191.888    -268.281         191.888    -268.280              19              19
  203        -481.193     -63.543        -481.195     -63.539             203             203
  133         499.250    -366.481         499.246    -366.484             133             133
   20          10.683     182.424          10.684     182.424              20              20
  219         272.929     183.561         272.930     183.560             219             219
   33          88.000      -0.001          88.000       0.000              33              33
   94         272.932    -183.558         272.931    -183.559              94              94
  113          10.687    -182.423          10.685    -182.424             113             113
   63         499.239     366.491         499.245     366.485              63              63
   93        -481.196      63.530        -481.194      63.538              93              93
   40         191.886     268.280         191.887     268.280              40              40
  199         359.838    -341.688         359.834    -341.692             199             199
  217         -87.044     426.283         -87.037     426.284             217             217
  119         -43.005     368.995         -43.000     369.000             119             119
  248          89.326     302.625          89.329     302.631             248             248
   55           9.838      94.738           9.838      94.749              55              55
   34          39.158    -693.921          39.144    -693.913              34              34
  115          15.211    -732.461          15.195    -732.461             115             115
  190        -181.505     209.324        -181.507     209.325             190             190
  214        -212.343      26.010        -212.356      26.017             214             214
   57         200.036    -190.177         200.007    -190.180              57              57
