SINAL     NFT                         FFT                         NFT INVERSA     FFT INVERSA
-----     -----------------------     -----------------------     -----------     -----------
   20        7370.000       0.000        7370.000       0.000              20              20
  105         118.969     244.416         118.971     244.416             105             105
   51        -289.225    -102.064        -289.223    -102.063              51              51
  232        -269.540     132.982        -269.538     132.983             232             232
  111        -887.063    -213.650        -887.062    -213.647             111             111
  181        -207.811    -503.812        -207.812    -503.811             181             181
   19        -105.239    -220.453        -105.239    -220.452              19              19
  201        -305.440     125.632        -305.439     125.633             201             201
  154         345.956    -537.560         345.955    -537.562             154             154
   51        -560.639     323.194        -560.636     323.197              51              51
  172        -623.284    -808.177        -623.289    -808.174             172             172
  195         219.448     493.561         219.450     493.557             195             195
   53         238.243     270.554         238.246     270.553              53              53
   68         -79.085    -746.345         -79.089    -746.345              68              68
  111        -389.012     705.655        -389.006     705.656             111             111
   26        -446.564     484.076        -446.563     484.084              26              26
  250         463.007    -448.998         463.000    -449.000             250             250
  208        -294.641    -326.813        -294.648    -326.811             208             208
    3        1114.235     305.635        1114.237     305.622               3               3
   22         231.788      74.465         231.795      74.465              22              22
  113          76.981    -473.423          76.982    -473.424             113             113
  211        -661.347     164.139        -661.342     164.145             211             211
   75        -345.458     260.447        -345.456     260.452              75              75
   45        -112.175     214.712        -112.176     214.717              45              45
  132         534.047    -111.558         534.045    -111.562             132             132
  128        -108.646    -102.619        -108.644    -102.614             128             128
  171        -278.006    -218.928        -278.009    -218.919             171             171
   84           6.007    -433.614           5.998    -433.611              84              84
  146         599.848    -937.609         599.835    -937.623             146             146
   39        -207.279     219.486        -207.267     219.484              39              39
   45        -436.014    -289.197        -436.015    -289.191              45              45
    3        -571.052    -412.171        -571.062    -412.167               3               3
  223         368.000       0.018         368.000       0.000             223             223
   96        -571.074     412.162        -571.063     412.166              96              96
   75        -436.017     289.184        -436.015     289.191              75              75
  187        -207.252    -219.481        -207.266    -219.484             187             187
  128         599.817     937.643         599.834     937.624             128             128
   22           5.984     433.606           5.997     433.611              22              22
    1        -278.014     218.906        -278.009     218.919               1               1
  180        -108.640     102.605        -108.644     102.614             180             180
  250         534.043     111.569         534.045     111.562             250             250
  218        -112.176    -214.726        -112.175    -214.717             218             218
  168        -345.451    -260.462        -345.456    -260.452             168             168
   60        -661.329    -164.159        -661.341    -164.146              60              60
   64          76.982     473.426          76.981     473.424              64              64
   77         231.810     -74.463         231.795     -74.465              77              77
  231        1114.245    -305.586        1114.238    -305.620             231             231
    3        -294.666     326.805        -294.648     326.811               3               3
  162         462.979     449.005         463.000     449.000             162             162
   40        -446.556    -484.108        -446.562    -484.084              40              40
  167        -388.980    -705.661        -389.005    -705.656             167             167
   48         -79.108     746.348         -79.090     746.345              48              48
   82         238.258    -270.550         238.246    -270.553              82              82
  252         219.460    -493.539         219.450    -493.557             252             252
  201        -623.323     808.157        -623.291     808.173             201             201
  124        -560.612    -323.218        -560.635    -323.198             124             124
  112         345.944     537.576         345.955     537.562             112             112
  223        -305.430    -125.646        -305.439    -125.633             223             223
  151        -105.240     220.452        -105.240     220.453             151             151
   83        -207.826     503.798        -207.813     503.810              83              83
  166        -887.050     213.599        -887.062     213.646             166             166
   56        -269.493    -133.004        -269.537    -132.983              56              56
   62        -289.171     102.043        -289.223     102.063              62              62
   33         119.084    -244.417         118.971    -244.415              33              33
