SINAL     NFT                         FFT                         NFT INVERSA     FFT INVERSA
-----     -----------------------     -----------------------     -----------     -----------
   63        8773.000       0.000        8773.000       0.000              63              63
  211        -328.976     870.835        -328.974     870.835             211             211
   40        -388.911    -972.547        -388.910    -972.547              40              40
  121         498.922     729.885         498.924     729.884             121             121
   20         442.228     280.176         442.231     280.175              20              20
  189         129.071    -188.215         129.073    -188.214             189             189
  140         217.514    -369.731         217.516    -369.733             140             140
  159        -566.646     823.158        -566.641     823.159             159             159
   70         201.668     594.380         201.671     594.380              70              70
   84         616.748     146.786         616.751     146.785              84              84
    8         523.859     203.661         523.864     203.659               8               8
   94         -94.273     456.532         -94.264     456.535              94              94
  155        -502.083    -112.295        -502.080    -112.287             155             155
  194        -200.238    -260.888        -200.239    -260.884             194             194
  197         226.689    -426.156         226.688    -426.157             197             197
  242        -434.612    -106.401        -434.610    -106.397             242             242
  232         302.997     150.003         303.000     150.000             232             232
   60         164.216     223.859         164.224     223.860              60              60
   22        -349.965    -636.846        -349.967    -636.842              22              22
  232        -689.593     670.730        -689.585     670.737             232             232
   43         548.649      84.347         548.652      84.344              43              43
   11        -120.052    -297.911        -120.051    -297.909              11              11
  165        -316.755     408.530        -316.746     408.536             165             165
  201          -9.012     247.130          -9.004     247.136             201             201
    2        -369.670    -359.632        -369.671    -359.620               2               2
  145        -361.482    -127.950        -361.483    -127.941             145             145
   68         -66.878    -237.734         -66.880    -237.730              68              68
   21        -465.775     -44.264        -465.775     -44.252              21              21
  107         167.205    -547.195         167.198    -547.194             107             107
   70        -772.351    -457.728        -772.359    -457.715              70              70
  117         202.446    -488.096         202.437    -488.104             117             117
   20        -341.987    -339.984        -341.990    -339.985              20              20
  249        -467.000       0.001        -467.000       0.000             249             249
  169        -341.994     339.987        -341.990     339.985             169             169
  159         202.425     488.114         202.436     488.105             159             159
  143        -772.368     457.697        -772.359     457.713             143             143
  203         167.188     547.194         167.197     547.194             203             203
  183        -465.775      44.235        -465.775      44.252             183             183
  117         -66.883     237.723         -66.880     237.730             117             117
  207        -361.483     127.926        -361.482     127.940             207             207
  205        -369.673     359.601        -369.671     359.620             205             205
  244          -8.990    -247.147          -9.004    -247.136             244             244
  182        -316.727    -408.547        -316.745    -408.536             182             182
  242        -120.048     297.903        -120.051     297.908             242             242
  255         548.656     -84.336         548.651     -84.343             255             255
  254        -689.564    -670.756        -689.584    -670.738             254             254
  187        -349.972     636.833        -349.968     636.842             187             187
  132         164.245    -223.861         164.224    -223.859             132             132
   74         303.010    -149.990         303.000    -150.000              74              74
  146        -434.606     106.386        -434.610     106.397             146             146
  135         226.684     426.162         226.687     426.157             135             135
  193        -200.241     260.866        -200.239     260.884             193             193
  184        -502.068     112.253        -502.080     112.286             184             184
   41         -94.221    -456.552         -94.263    -456.536              41              41
   73         523.895    -203.647         523.865    -203.658              73              73
  135         616.767    -146.771         616.751    -146.783             135             135
  177         201.695    -594.379         201.671    -594.380             177             177
  118        -566.595    -823.170        -566.640    -823.160             118             118
  110         217.528     369.754         217.515     369.734             110             110
    4         129.092     188.216         129.073     188.215               4               4
  189         442.270    -280.163         442.231    -280.175             189             189
  116         498.977    -729.851         498.925    -729.882             116             116
  205        -388.908     972.534        -388.912     972.546             205             205
  239        -328.824    -870.851        -328.973    -870.835             239             239
