SINAL     NFT                         FFT                         NFT INVERSA     FFT INVERSA
-----     -----------------------     -----------------------     -----------     -----------
  240        9338.000       0.000        9338.000       0.000             240             240
  222        -248.994     465.565        -248.992     465.565             222             222
  183        1284.149    -169.790        1284.151    -169.790             183             183
  241        -231.352    -105.351        -231.350    -105.350             241             241
   74         339.107    -574.183         339.108    -574.182              74              74
  191         -61.995    -568.715         -61.995    -568.715             191             191
  229        -179.003    -126.828        -179.003    -126.827             229             229
  155         140.385    -419.058         140.384    -419.058             155             155
  129         894.171    -187.315         894.171    -187.321             129             129
  130         929.448     431.282         929.454     431.276             130             130
    0        -140.484     347.091        -140.478     347.094              -0               0
   69         239.051    -181.523         239.053    -181.522              69              69
  191         359.334     -30.190         359.338     -30.190             191             191
   18         -42.077    -378.566         -42.074    -378.565              18              18
  122        -779.196     285.683        -779.191     285.689             122             122
   16         227.092     282.765         227.094     282.766              16              16
  250         503.999    -239.997         504.000    -240.000             250             250
  156        -567.059     -73.796        -567.057     -73.790             156             156
   27         334.261       7.917         334.262       7.913              27              27
  106        -102.859     709.144        -102.848     709.147             106             106
   42        -172.595     163.577        -172.593     163.584              42              42
  253         566.192     352.325         566.198     352.323             253             253
   48         117.440     179.610         117.447     179.616              48              48
   56         267.086     312.907         267.096     312.912              56              56
  121        -254.176    -115.337        -254.171    -115.321             121             121
  160        -690.519    -861.857        -690.532    -861.839             160             160
  139         -30.793    -172.768         -30.799    -172.766             139             139
  109         512.248     568.019         512.259     568.019             109             109
  189         -61.841    -892.418         -61.852    -892.408             189             189
  206        -549.626    -463.858        -549.635    -463.847             206             206
  234        -110.375    -422.029        -110.389    -422.030             234             234
  196         588.946      23.512         588.945      23.498             196             196
  179        -138.000      -0.001        -138.000       0.000             179             179
  244         588.943     -23.482         588.945     -23.497             244             244
  140        -110.406     422.029        -110.390     422.029             140             140
  246        -549.646     463.832        -549.636     463.846             246             246
  222         -61.867     892.394         -61.853     892.408             222             222
  218         512.274    -568.017         512.259    -568.018             218             218
   37         -30.810     172.764         -30.800     172.766              37              37
  238        -690.553     861.810        -690.533     861.838             238             238
  195        -254.162     115.294        -254.171     115.321             195             195
  111         267.116    -312.922         267.097    -312.912             111             111
  187         117.460    -179.626         117.447    -179.616             187             187
  168         566.210    -352.317         566.199    -352.322             168             168
   84        -172.589    -163.599        -172.593    -163.584              84              84
   39        -102.820    -709.154        -102.847    -709.147              39              39
   25         334.265      -7.900         334.262      -7.912              25              25
  228        -567.051      73.770        -567.057      73.788             228             228
  107         504.004     240.008         504.000     240.000             107             107
  255         227.103    -282.767         227.095    -282.765             255             255
  168        -779.172    -285.716        -779.190    -285.690             168             168
   28         -42.064     378.562         -42.074     378.565              28              28
  156         359.358      30.194         359.338      30.191             156             156
   50         239.062     181.520         239.053     181.523              50              50
  170        -140.440    -347.109        -140.477    -347.094             170             170
  171         929.495    -431.241         929.455    -431.275             171             171
  215         894.171     187.360         894.171     187.321             215             215
  223         140.370     419.063         140.383     419.059             223             223
  198        -178.994     126.817        -179.002     126.827             198             198
    8         -61.989     568.706         -61.996     568.714               8               8
  158         339.117     574.177         339.107     574.182             158             158
   13        -231.304     105.317        -231.350     105.349              13              13
  141        1284.203     169.818        1284.151     169.792             141             141
  214        -248.864    -465.594        -248.991    -465.566             214             214
