SINAL     NFT                         FFT                         NFT INVERSA     FFT INVERSA
-----     -----------------------     -----------------------     -----------     -----------
  114        7639.000       0.000        7639.000       0.000             114             114
  137        -125.478     636.038        -125.476     636.038             137             137
  150         400.606     483.296         400.608     483.295             150             150
   58        -402.154     747.431        -402.151     747.432              58              58
  133          56.692    -376.358          56.693    -376.357             133             133
   43        -544.503     387.168        -544.501     387.171              43              43
    7           2.327    -173.151           2.327    -173.149               7               7
   92         770.371    -709.683         770.370    -709.684              92              92
  118         228.503      33.624         228.506      33.623             118             118
   79        -520.366    -100.490        -520.364    -100.486              79              79
  193         -75.912    -410.077         -75.913    -410.076             193             193
  129        -392.936    -145.257        -392.937    -145.254             129             129
    2         140.982    -168.483         140.980    -168.485               2               2
   33         414.717     464.639         414.722     464.637              33              33
  147         191.563    -584.532         191.560    -584.533             147             147
   20        -175.879    -123.539        -175.878    -123.540              20              20
  153         295.992     615.003         296.000     615.000             153             153
   30        -128.322     347.900        -128.315     347.907              30              30
  119        -553.421    -808.456        -553.431    -808.447             119             119
  202         715.531      36.254         715.531      36.246             202             202
  235         310.051    -577.285         310.050    -577.289             235             235
   50        -918.681    -234.665        -918.682    -234.657              50              50
   23         252.402     236.727         252.403     236.720              23              23
  237         235.332     -23.426         235.333     -23.433             237             237
   26         187.474    1025.625         187.493    1025.623              26              26
   33        -261.758    -357.406        -261.761    -357.399              33              33
  108         117.957     533.413         117.968     533.412             108             108
  124        -595.107     249.404        -595.103     249.419             124             124
   18         428.275     190.841         428.278     190.840              18              18
  229        -202.256    -379.147        -202.260    -379.141             229             229
   63        -375.527     471.136        -375.521     471.146              63              63
  101         147.479     -83.117         147.472     -83.113             101             101
  238         409.000       0.003         409.000       0.000             238             238
  137         147.466      83.109         147.473      83.113             137             137
  247        -375.512    -471.158        -375.520    -471.146             247             247
   62        -202.266     379.132        -202.261     379.140              62              62
  156         428.281    -190.838         428.278    -190.839             156             156
  234        -595.097    -249.440        -595.103    -249.419             234             234
  136         117.985    -533.409         117.969    -533.411             136             136
  194        -261.766     357.388        -261.761     357.399             194             194
  129         187.527   -1025.620         187.494   -1025.623             129             129
   40         235.334      23.448         235.333      23.434              40              40
   35         252.404    -236.706         252.403    -236.719              35              35
    8        -918.685     234.639        -918.682     234.656               8               8
  221         310.046     577.298         310.049     577.289             221             221
   46         715.530     -36.226         715.531     -36.245              46              46
   70        -553.459     808.421        -553.433     808.446              70              70
  251        -128.295    -347.926        -128.314    -347.907             251             251
  204         296.025    -614.991         296.000    -615.000             204             204
   25        -175.876     123.541        -175.878     123.540              25              25
   91         191.550     584.535         191.560     584.533              91              91
   97         414.740    -464.627         414.722    -464.636              97              97
   86         140.970     168.493         140.980     168.485              86              86
  122        -392.942     145.242        -392.938     145.254             122             122
  187         -75.922     410.069         -75.914     410.075             187             187
  249        -520.352     100.459        -520.364     100.485             249             249
  202         228.531     -33.617         228.506     -33.623             202             202
   89         770.352     709.705         770.369     709.686              89              89
  237           2.319     173.127           2.326     173.148             237             237
  183        -544.472    -387.207        -544.500    -387.172             183             183
  125          56.702     376.341          56.692     376.356             125             125
  173        -402.084    -747.466        -402.150    -747.433             173             173
   51         400.680    -483.282         400.609    -483.295              51              51
  108        -125.352    -636.033        -125.475    -636.038             108             108
