SINAL     NFT                         FFT                         NFT INVERSA     FFT INVERSA
-----     -----------------------     -----------------------     -----------     -----------
  201        8210.000       0.000        8210.000       0.000             201             201
  235        -138.123    -246.936        -138.122    -246.936             235             235
  128         279.938     452.188         279.940     452.188             128             128
   15        -205.468      68.429        -205.466      68.430              15              15
  230         962.618       5.265         962.620       5.264             230             230
  167       -1247.521      -6.852       -1247.518      -6.847             167             167
    9          58.238    -314.913          58.237    -314.911               9               9
   77         387.209    -446.194         387.208    -446.194              77              77
  127         258.470    -289.920         258.470    -289.920             127             127
  178           7.513    -298.154           7.513    -298.152             178             178
  176        -174.075    -824.497        -174.080    -824.496             176             176
   40         641.313     -50.387         641.313     -50.394              40              40
   38         147.711     917.177         147.718     917.176              38              38
  101         840.578     171.256         840.581     171.254             101             101
  112          42.083     -68.338          42.086     -68.333             112             112
  199         523.502    -328.747         523.503    -328.747             199             199
  116          66.999    -379.003          67.000    -379.000             116             116
  206         164.562    -690.906         164.559    -690.907             206             206
  112          96.566     209.273          96.574     209.273             112             112
  203        -217.407    -286.874        -217.404    -286.868             203             203
  200        -464.904    -346.400        -464.905    -346.392             200             200
  191        -382.225    -430.429        -382.230    -430.423             191             191
   97        -238.145    -449.638        -238.153    -449.636              97              97
   47        -154.753    -446.259        -154.763    -446.261              47              47
  145         463.528     246.093         463.530     246.080             145             145
   74         -19.232     425.146         -19.224     425.144              74              74
   91         128.337     518.207         128.346     518.210              91              91
  112         153.967    -120.244         153.968    -120.241             112             112
   90        -725.432       1.678        -725.434       1.695              90              90
  224         312.344    -441.778         312.328    -441.782             224             224
  189         719.049     164.069         719.051     164.055             189             189
  249         165.755      27.628         165.760      27.627             249             249
  149        -252.000      -0.008        -252.000       0.000             149             149
  139         165.765     -27.626         165.760     -27.627             139             139
  252         719.054    -164.038         719.051    -164.054             252             252
  220         312.307     441.788         312.327     441.783             220             220
  112        -725.438      -1.719        -725.434      -1.696             112             112
    6         153.969     120.237         153.968     120.241               6               6
   78         128.359    -518.212         128.346    -518.209              78              78
   30         -19.211    -425.142         -19.223    -425.144              30              30
  112         463.534    -246.058         463.531    -246.080             112             112
   39        -154.782     446.266        -154.764     446.261              39              39
  118        -238.169     449.631        -238.154     449.635             118             118
   89        -382.241     430.409        -382.231     430.422              89              89
   26        -464.907     346.372        -464.905     346.391              26              26
  199        -217.399     286.853        -217.405     286.868             199             199
  185          96.595    -209.273          96.574    -209.273             185             185
  248         164.550     690.909         164.558     690.907             248             248
  120          67.002     378.990          67.000     379.000             120             120
  140         523.503     328.748         523.502     328.747             140             140
    1          42.096      68.316          42.086      68.333               1               1
  102         840.595    -171.244         840.582    -171.253             102             102
   31         147.753    -917.174         147.720    -917.176              31              31
  243         641.311      50.429         641.312      50.395             243             243
   77        -174.110     824.490        -174.081     824.496              77              77
   15           7.511     298.142           7.512     298.152              15              15
  222         258.469     289.920         258.469     289.920             222             222
  113         387.195     446.195         387.207     446.195             113             113
  234          58.223     314.892          58.237     314.911             234             234
  226       -1247.493       6.777       -1247.519       6.845             226             226
  104         962.656      -5.246         962.620      -5.263             104             104
   50        -205.434     -68.459        -205.466     -68.431              50              50
   97         280.009    -452.188         279.941    -452.188              97              97
   54        -138.028     246.921        -138.122     246.935              54              54
