SINAL     NFT                         FFT                         NFT INVERSA     FFT INVERSA
-----     -----------------------     -----------------------     -----------     -----------
  163        8170.000       0.000        8170.000       0.000             163             163
  245        -653.461     235.448        -653.459     235.448             245             245
  203         247.202      74.693         247.203      74.693             203             203
    0         160.966    -232.067         160.967    -232.067               0               0
  102         432.274     151.241         432.276     151.241             102             102
   55          86.600     197.428          86.602     197.429              55              55
  134         375.021     152.639         375.023     152.640             134             134
   58         628.996    -603.944         628.997    -603.944              58              58
   36         -49.469    -734.540         -49.469    -734.540              36              36
  100         139.374     413.583         139.378     413.582             100             100
  213         -68.372     455.577         -68.367     455.581             213             213
  126         237.548    -813.556         237.545    -813.554             126             126
  199        -185.528     128.233        -185.525     128.237             199             199
   16         555.798    -971.531         555.793    -971.533              16              16
  106         196.875    -269.219         196.877    -269.221             106             106
   49        -182.006    -752.131        -182.009    -752.130              49              49
   89           8.995     193.003           9.000     193.000              89              89
    6           6.846     301.873           6.852     301.875               6               6
  215        -231.501    -719.703        -231.507    -719.700             215             215
  238         -20.787     -27.908         -20.787     -27.911             238             238
  166         499.376     470.050         499.386     470.043             166             166
   75        -315.450    -114.460        -315.446    -114.454              75              75
  100          41.368      47.738          41.373      47.738             100             100
  130        -566.063      -4.534        -566.061      -4.525             130             130
   39        -254.526    -228.543        -254.530    -228.540              39              39
  211         -17.208     355.311         -17.203     355.309             211             211
  192        -133.490     274.963        -133.485     274.967             192             192
  125        -341.248     107.927        -341.250     107.936             125             125
  118         585.861     129.053         585.863     129.047             118             118
  168        -699.253    -168.591        -699.256    -168.576             168             168
  252          52.885     242.384          52.883     242.384             252             252
  128         115.339     303.273         115.337     303.277             128             128
  217         956.000       0.011         956.000       0.000             217             217
    9         115.337    -303.281         115.338    -303.277               9               9
  161          52.881    -242.385          52.883    -242.384             161             161
  206        -699.260     168.556        -699.256     168.575             206             206
  233         585.866    -129.038         585.863    -129.047             233             233
  109        -341.251    -107.949        -341.249    -107.936             109             109
   85        -133.478    -274.974        -133.485    -274.968              85              85
   56         -17.194    -355.308         -17.202    -355.309              56              56
  153        -254.538     228.535        -254.531     228.540             153             153
  252        -566.055       4.507        -566.060       4.524             252             252
   56          41.383     -47.738          41.373     -47.738              56              56
  158        -315.439     114.441        -315.446     114.454             158             158
  177         499.408    -470.028         499.386    -470.043             177             177
   93         -20.786      27.919         -20.786      27.911              93              93
  115        -231.523     719.692        -231.508     719.700             115             115
  147           6.871    -301.879           6.853    -301.874             147             147
  231           9.014    -192.991           9.000    -193.000             231             231
  137        -182.022     752.130        -182.010     752.131             137             137
  144         196.884     269.227         196.877     269.221             144             144
  166         555.767     971.542         555.791     971.534             166             166
   63        -185.514    -128.256        -185.525    -128.237              63              63
    9         237.527     813.546         237.544     813.554               9               9
  153         -68.339    -455.603         -68.366    -455.581             153             153
  132         139.409    -413.577         139.379    -413.582             132             132
  139         -49.476     734.537         -49.470     734.540             139             139
  100         628.994     603.948         628.996     603.945             100             100
   81         375.041    -152.649         375.023    -152.640              81              81
   65          86.626    -197.441          86.602    -197.429              65              65
  161         432.303    -151.232         432.276    -151.241             161             161
  122         160.982     232.062         160.966     232.067             122             122
   67         247.243     -74.699         247.203     -74.693              67              67
  116        -653.351    -235.486        -653.459    -235.450             116             116
