SINAL     NFT                         FFT                         NFT INVERSA     FFT INVERSA
-----     -----------------------     -----------------------     -----------     -----------
  189        7984.000       0.000        7984.000       0.000             189             189
   73        -346.980     126.136        -346.978     126.136              73              73
  164        -169.973     416.137        -169.971     416.138             164             164
  151         541.457     159.122         541.459     159.122             151             151
  207         446.392     -73.233         446.393     -73.233             207             207
   41         971.726    -381.713         971.727    -381.715              41              41
   26        -575.307      16.887        -575.303      16.889              26              26
   14           0.972      14.737           0.974      14.737              14              14
  133        -213.137    -210.778        -213.135    -210.776             133             133
   40        -407.290    -148.443        -407.290    -148.440              40              40
   11         115.551    -137.786         115.550    -137.787              11              11
   26         559.173    -128.267         559.174    -128.272              26              26
  202        -192.727     480.685        -192.720     480.685             202             202
  212        -538.313     284.718        -538.311     284.722             212             212
   47         -32.567     541.419         -32.564     541.420              47              47
  101         591.894     986.413         591.903     986.413             101             101
  246          18.997      -5.008          19.000      -5.000             246             246
  173         156.567    -363.330         156.567    -363.327             173             173
  167        -864.203      95.471        -864.200      95.486             167             167
  111        -406.082    -333.069        -406.092    -333.060             111             111
  140         811.992    -346.507         811.985    -346.515             140             140
  101        -190.906      60.970        -190.904      60.974             101             101
   38          83.643     -16.324          83.642     -16.321              38              38
  193        -207.234    -584.426        -207.244    -584.423             193             193
  125         351.128     673.227         351.135     673.224             125             125
  162          88.918    -447.650          88.911    -447.647             162             162
  252         240.291      52.049         240.292      52.047             252             252
  133        -544.323      92.378        -544.325      92.391             133             133
  104         478.354    -360.426         478.342    -360.433             104             104
  204         122.817     305.121         122.819     305.121             204             204
   92         178.564    -164.104         178.554    -164.104              92              92
   85         887.606     284.930         887.609     284.917              85              85
  109         198.000      -0.003         198.000       0.000             109             109
   13         887.613    -284.900         887.609    -284.916              13              13
  134         178.542     164.105         178.554     164.105             134             134
  165         122.822    -305.120         122.819    -305.121             165             165
   32         478.325     360.442         478.341     360.433              32              32
  255        -544.327     -92.411        -544.325     -92.392             255             255
  100         240.295     -52.043         240.292     -52.046             100             100
  229          88.898     447.642          88.910     447.647             229             229
   33         351.149    -673.218         351.136    -673.224              33              33
  208        -207.265     584.416        -207.245     584.423             208             208
  219          83.641      16.315          83.642      16.321             219             219
    9        -190.899     -60.984        -190.904     -60.975               9               9
   36         811.970     346.533         811.985     346.515              36              36
  167        -406.114     333.035        -406.092     333.059             167             167
  160        -864.193     -95.525        -864.200     -95.487             160             160
  125         156.568     363.316         156.566     363.326             125             125
  180          19.009       4.976          19.000       5.000             180             180
   91         591.938    -986.410         591.904    -986.412              91              91
   83         -32.552    -541.423         -32.563    -541.420              83              83
  239        -538.297    -284.741        -538.310    -284.723             239             239
  185        -192.688    -480.687        -192.720    -480.685             185             185
  123         559.180     128.298         559.175     128.273             123             123
  109         115.544     137.792         115.550     137.787             109             109
   98        -407.290     148.423        -407.290     148.439              98              98
   47        -213.127     210.763        -213.136     210.776              47              47
   33           0.992     -14.744           0.974     -14.737              33              33
  209        -575.270     -16.915        -575.303     -16.890             209             209
  156         971.748     381.745         971.727     381.716             156             156
   87         446.412      73.235         446.393      73.233              87              87
   53         541.486    -159.115         541.459    -159.121              53              53
  225        -169.918    -416.152        -169.971    -416.138             225             225
  109        -346.872    -126.150        -346.978    -126.137             109             109
