SINAL     NFT                         FFT                         NFT INVERSA     FFT INVERSA
-----     -----------------------     -----------------------     -----------     -----------
  232        7546.000       0.000        7546.000       0.000             232             232
   64        -201.118    -354.490        -201.116    -354.490              64              64
   15        -315.267    -248.516        -315.266    -248.517              15              15
   42           9.423     577.116           9.425     577.116              42              42
   62         471.506     578.229         471.509     578.228              62              62
   27        -903.492     184.320        -903.491     184.324              27              27
  255         588.417    -472.751         588.415    -472.752             255             255
   76         570.440     -80.984         570.440     -80.987              76              76
   45         292.828     516.389         292.830     516.387              45              45
  148        1091.289     129.256        1091.291     129.250             148             148
  154         380.961     403.272         380.967     403.270             154             154
  248        -202.120     859.801        -202.112     859.805             248             248
   16         776.418     259.410         776.422     259.409              16              16
  138         202.370    -191.538         202.373    -191.535             138             138
  226          -8.983    -284.708          -8.982    -284.706             226             226
  164         320.374    -220.777         320.376    -220.780             164             164
  218        -308.006     281.998        -308.000     282.000             218             218
   34        -134.955     871.634        -134.946     871.637              34              34
  232         528.925     564.753         528.933     564.755             232             232
   25        -215.093    -473.551        -215.098    -473.543              25              25
  164         586.031     341.549         586.035     341.544             164             164
  226         673.118     271.155         673.128     271.152             226             226
  249        -480.923     408.691        -480.912     408.706             249             249
   22         320.459    -193.455         320.461    -193.450              22              22
    3        -190.836      -1.624        -190.831      -1.613               3               3
  100        -100.923    -302.405        -100.922    -302.395             100             100
   75       -1035.016    -717.139       -1035.028    -717.120              75              75
   11        -195.696     227.798        -195.701     227.801              11              11
  207         362.037     244.366         362.033     244.363             207             207
   74         837.571     148.875         837.575     148.867              74              74
   95        -242.127    -144.869        -242.126    -144.859              95              95
  225          -7.691     508.841          -7.683     508.848             225             225
  103         362.000      -0.005         362.000       0.000             103             103
  188          -7.673    -508.856          -7.682    -508.849             188             188
  123        -242.125     144.849        -242.126     144.859             123             123
  148         837.580    -148.855         837.575    -148.866             148             148
  112         362.029    -244.359         362.033    -244.363             112             112
  112        -195.707    -227.804        -195.701    -227.801             112             112
  111       -1035.047     717.090       -1035.029     717.118             111             111
  103        -100.921     302.379        -100.923     302.394             103             103
   21        -190.821       1.594        -190.830       1.613              21              21
   18         320.462     193.442         320.460     193.450              18              18
  181        -480.889    -408.736        -480.911    -408.707             181             181
  186         673.150    -271.143         673.128    -271.151             186             186
  165         586.046    -341.533         586.036    -341.544             165             165
  244        -215.110     473.523        -215.099     473.542             244             244
  140         528.953    -564.758         528.934    -564.754             140             140
   71        -134.919    -871.647        -134.944    -871.638              71              71
  190        -307.981    -282.005        -308.000    -282.000             190             190
   38         320.381     220.792         320.376     220.780              38              38
   29          -8.980     284.697          -8.982     284.706              29              29
   98         202.383     191.525         202.372     191.535              98              98
   53         776.440    -259.404         776.423    -259.409              53              53
    2        -202.073    -859.823        -202.111    -859.805               2               2
    7         381.002    -403.256         380.968    -403.269               7               7
  241        1091.304    -129.212        1091.291    -129.249             241             241
  125         292.850    -516.374         292.831    -516.387             125             125
  232         570.439      81.016         570.440      80.988             232             232
  127         588.387     472.768         588.414     472.754             127             127
   34        -903.478    -184.375        -903.491    -184.326              34              34
  107         471.553    -578.217         471.509    -578.228             107             107
   10           9.467    -577.106           9.426    -577.116              10              10
  112        -315.236     248.515        -315.267     248.516             112             112
  243        -201.032     354.480        -201.117     354.490             243             243
