SINAL     NFT                         FFT                         NFT INVERSA     FFT INVERSA
-----     -----------------------     -----------------------     -----------     -----------
   28        8400.000       0.000        8400.000       0.000              28              28
  255         -71.294    -121.069         -71.292    -121.069             255             255
   88          82.311     582.458          82.313     582.458              88              88
  164         564.418     248.724         564.420     248.725             164             164
  179         194.282    -459.588         194.283    -459.588             179             179
  125         137.071    -158.385         137.073    -158.385             125             125
  211        -153.518    -432.808        -153.517    -432.808             211             211
   32        -149.943     170.819        -149.940     170.819              32              32
    4          25.449     166.184          25.453     166.184               4               4
   21        -161.457     -98.960        -161.454     -98.959              21              21
   94        -830.734     683.334        -830.729     683.339              94              94
  213         401.739     503.088         401.742     503.089             213             213
   86         604.177    -204.437         604.179    -204.438              86              86
   52          85.273    -443.637          85.275    -443.636              52              52
   22        -819.864     -90.887        -819.860     -90.880              22              22
  212           1.866     202.493           1.870     202.494             212             212
  212        -624.004      63.990        -624.000      64.000             212             212
  246        -619.164      24.175        -619.165      24.187             246             246
  154        -374.055    -967.622        -374.070    -967.614             154             154
   19         419.935   -1004.615         419.919   -1004.624              19              19
  162         789.173     175.582         789.178     175.566             162             162
  148        -134.630     133.016        -134.623     133.016             148             148
  246         260.320    -122.052         260.323    -122.056             246             246
  210         307.576      63.791         307.586      63.786             210             210
   96        -701.460     -89.827        -701.453     -89.816              96              96
  240        -469.092      49.332        -469.089      49.341             240             240
  113         211.092    -823.457         211.085    -823.464             113             113
   61        -961.690     579.448        -961.675     579.458              61              61
  153        -503.640     116.407        -503.639     116.416             153             153
   83        -117.797     -97.132        -117.801     -97.132              83              83
  239         208.441     552.465         208.456     552.463             239             239
    9       -1136.842    -324.408       -1136.848    -324.384               9               9
  147         464.000       0.011         464.000       0.000             147             147
   59       -1136.855     324.355       -1136.848     324.382              59              59
  189         208.475    -552.459         208.457    -552.462             189             189
  155        -117.806      97.132        -117.801      97.132             155             155
  152        -503.639    -116.428        -503.639    -116.417             152             152
   91        -961.653    -579.474        -961.674    -579.460              91              91
  214         211.072     823.477         211.084     823.465             214             214
   44        -469.084     -49.355        -469.089     -49.341              44              44
  151        -701.441      89.798        -701.453      89.816             151             151
   57         307.605     -63.776         307.587     -63.786              57              57
  216         260.328     122.066         260.323     122.057             216             216
    3        -134.609    -133.017        -134.623    -133.016               3               3
  255         789.189    -175.531         789.178    -175.566             255             255
   67         419.879    1004.646         419.918    1004.625              67              67
    1        -374.111     967.592        -374.072     967.613               1               1
  237        -619.165     -24.223        -619.164     -24.188             237             237
  140        -623.989     -64.029        -624.000     -64.000             140             140
   77           1.887    -202.498           1.871    -202.494              77              77
  103        -819.848      90.852        -819.861      90.879             103             103
  188          85.286     443.632          85.275     443.636             188             188
   92         604.186     204.442         604.179     204.438              92              92
   50         401.758    -503.089         401.743    -503.088              50              50
  228        -830.699    -683.368        -830.728    -683.341             228             228
  237        -161.438      98.959        -161.454      98.959             237             237
    5          25.478    -166.181          25.453    -166.184               5               5
  136        -149.914    -170.816        -149.940    -170.819             136             136
  243        -153.506     432.807        -153.518     432.808             243             243
   63         137.099     158.388         137.073     158.386              63              63
   42         194.301     459.585         194.282     459.588              42              42
  245         564.467    -248.717         564.421    -248.724             245             245
  167          82.384    -582.455          82.314    -582.458             167             167
  169         -71.190     121.072         -71.293     121.070             169             169
