SINAL     NFT                         FFT                         NFT INVERSA     FFT INVERSA
-----     -----------------------     -----------------------     -----------     -----------
  121        8751.000       0.000        8751.000       0.000             121             121
  249         -38.958    -161.941         -38.957    -161.941             249             249
   48        -299.390      13.460        -299.388      13.460              48              48
  141        -140.396     646.095        -140.394     646.095             141             141
   65         161.318      85.132         161.321      85.133              65              65
  116        -917.130     -69.749        -917.129     -69.745             116             116
   59         222.893    -495.700         222.892    -495.700              59              59
  206        -423.099     530.440        -423.097     530.443             206             206
  252         282.956    -345.442         282.953    -345.441             252             252
   88        1125.755    -241.077        1125.756    -241.080              88              88
  171        -597.561   -1193.126        -597.565   -1193.121             171             171
    7         175.148    -200.028         175.147    -200.030               7               7
   70        -142.946    -322.972        -142.948    -322.972              70              70
  189         320.337    -213.462         320.334    -213.466             189             189
  239         543.125     259.536         543.129     259.530             239             239
  220         275.240     271.553         275.246     271.552             220             220
  196         -11.003     -90.003         -11.000     -90.000             196             196
  194        -402.229    -245.382        -402.232    -245.376             194             194
  106         742.039    -277.502         742.036    -277.509             106             106
  114         604.484     -63.738         604.491     -63.745             114             114
  108        -258.692     153.114        -258.682     153.119             108             108
  242        -338.208      55.544        -338.202      55.552             242             242
  223        -582.942    -541.111        -582.947    -541.102             223             223
   69        -269.259     449.364        -269.254     449.370              69              69
  173         133.052    -299.444         133.047    -299.441             173             173
   55        -265.205    -268.967        -265.210    -268.959              55              55
   22         406.593    -527.205         406.585    -527.209              22              22
  132         297.734    -661.952         297.728    -661.959             132             132
  152         -39.700     -14.773         -39.691     -14.777             152             152
   87        -993.103     -86.520        -993.103     -86.504              87              87
  174         341.270    -383.096         341.261    -383.107             174             174
    9        -371.136     388.754        -371.127     388.757               9               9
  206         -89.000      -0.002         -89.000       0.000             206             206
  170        -371.116    -388.760        -371.126    -388.757             170             170
  251         341.251     383.121         341.261     383.108             251             251
  214        -993.103      86.484        -993.103      86.503             214             214
  202         -39.680      14.782         -39.691      14.777             202             202
   29         297.719     661.972         297.727     661.960              29              29
    0         406.570     527.217         406.584     527.210              -0               0
   76        -265.219     268.946        -265.210     268.959              76              76
  113         133.038     299.435         133.047     299.441             113             113
  226        -269.244    -449.381        -269.253    -449.370             226             226
  129        -582.958     541.083        -582.948     541.101             129             129
  243        -338.188     -55.569        -338.201     -55.552             243             243
  103        -258.658    -153.128        -258.681    -153.119             103             103
  183         604.506      63.764         604.491      63.746             183             183
   78         742.029     277.531         742.036     277.510              78              78
  218        -402.238     245.357        -402.231     245.375             218             218
   34         -10.991      89.991         -11.000      90.000              34              34
   66         275.268    -271.548         275.247    -271.551              66              66
  223         543.144    -259.508         543.129    -259.530             223             223
   96         320.326     213.484         320.334     213.467              96              96
   41        -142.958     322.970        -142.948     322.972              41              41
   94         175.143     200.041         175.147     200.030              94              94
  242        -597.592    1193.093        -597.567    1193.120             242             242
  134        1125.760     241.101        1125.755     241.082             134             134
   89         282.933     345.429         282.953     345.441              89              89
  220        -423.076    -530.473        -423.097    -530.444             220             220
  147         222.877     495.699         222.891     495.700             147             147
  223        -917.116      69.689        -917.129      69.743             223             223
  235         161.355     -85.147         161.321     -85.132             235             235
   47        -140.335    -646.111        -140.393    -646.095              47              47
   59        -299.331     -13.473        -299.388     -13.462              59              59
   63         -38.846     161.933         -38.957     161.942              63              63
