SINAL     NFT                         FFT                         NFT INVERSA     FFT INVERSA
-----     -----------------------     -----------------------     -----------     -----------
  213        8038.000       0.000        8038.000       0.000             213             213
  231         151.700     354.899         151.702     354.899             231             231
   78         752.744    -109.235         752.745    -109.236              78              78
    8        -157.440     777.986        -157.437     777.986               8               8
   41         422.060     882.077         422.063     882.077              41              41
   60         421.414     575.792         421.418     575.792              60              60
   77        -110.200     449.937        -110.197     449.940              77              77
   18         409.579     842.773         409.583     842.776              18              18
  194         787.357   -1040.869         787.355   -1040.869             194             194
  212         356.889     346.529         356.896     346.529             212             212
  255       -1178.905    -266.871       -1178.904    -266.861             255             255
   23         188.817     -88.388         188.816     -88.387              23              23
  112         187.993    -416.522         187.989    -416.521             112             112
  121         617.068    -123.972         617.068    -123.976             121             121
   41         313.343     321.305         313.349     321.306              41              41
  169         206.799    -607.524         206.797    -607.522             169             169
  167         519.999    -463.995         520.000    -464.000             167             167
  212         -35.064     -97.239         -35.057     -97.239             212             212
  125        -854.471     388.492        -854.464     388.504             125             125
    3         215.968    -465.632         215.962    -465.631               3               3
   52          -5.095     -86.852          -5.095     -86.852              52              52
   16         538.161     216.754         538.167     216.749              16              16
   65        -168.973    -484.229        -168.974    -484.226              65              65
   44          87.908     500.753          87.919     500.753              44              44
  158        -437.354    -166.879        -437.354    -166.869             158             158
   93         366.202     342.801         366.208     342.798              93              93
   89         224.619     -25.605         224.626     -25.602              89              89
  227        -682.806    -162.998        -682.803    -162.982             227             227
  201        -456.946    -508.262        -456.958    -508.254             201             201
    5         248.627     345.665         248.631     345.658               5               5
  188         -42.191     419.780         -42.182     419.785             188             188
   72        -357.875     140.200        -357.874     140.214              72              72
   52         534.000       0.003         534.000       0.000              52              52
  203        -357.874    -140.231        -357.874    -140.215             203             203
  237         -42.170    -419.791         -42.181    -419.785             237             237
  249         248.637    -345.650         248.632    -345.658             249             249
  201        -456.973     508.243        -456.958     508.253             201             201
   57        -682.800     162.957        -682.803     162.980              57              57
   63         224.636      25.599         224.625      25.603              63              63
   88         366.219    -342.794         366.209    -342.798              88              88
  164        -437.356     166.853        -437.354     166.869             164             164
  224          87.941    -500.752          87.921    -500.753             224             224
  197        -168.978     484.220        -168.975     484.226             197             197
   17         538.180    -216.738         538.168    -216.748              17              17
  221          -5.096      86.851          -5.095      86.851             221             221
   21         215.947     465.631         215.961     465.631              21              21
   44        -854.444    -388.536        -854.463    -388.505              44              44
   39         -35.039      97.240         -35.057      97.239              39              39
  231         520.002     464.014         520.000     464.000             231             231
  247         206.788     607.515         206.796     607.522             247             247
   27         313.372    -321.309         313.350    -321.306              27              27
  102         617.070     123.992         617.068     123.976             102             102
   48         187.976     416.517         187.989     416.521              48              48
   92         188.810      88.378         188.816      88.386              92              92
   82       -1178.898     266.801       -1178.904     266.860              82              82
  192         356.944    -346.529         356.897    -346.529             192             192
  110         787.337    1040.873         787.354    1040.869             110             110
   62         409.626    -842.795         409.585    -842.776              62              62
  152        -110.161    -449.963        -110.196    -449.940             152             152
  190         421.466    -575.792         421.419    -575.791             190             190
  238         422.121    -882.066         422.064    -882.076             238             238
  252        -157.368    -777.981        -157.436    -777.986             252             252
  163         752.795     109.278         752.746     109.238             163             163
  203         151.815    -354.884         151.703    -354.898             203             203
