SINAL     NFT                         FFT                         NFT INVERSA     FFT INVERSA
-----     -----------------------     -----------------------     -----------     -----------
  192        7670.000       0.000        7670.000       0.000             192             192
  155         467.586    -136.260         467.588    -136.260             155             155
   84          -4.956     -88.111          -4.954     -88.111              84              84
   94          91.523     375.640          91.525     375.640              94              94
  122         207.983     253.662         207.985     253.662             122             122
   14         398.531     319.165         398.533     319.165              14              14
   98         718.326    -137.074         718.328    -137.076              98              98
  154         284.219     607.013         284.224     607.013             154             154
  146         453.757    -315.945         453.758    -315.947             146             146
  135         265.604     539.798         265.611     539.796             135             135
   83          -8.197     551.920          -8.190     551.923              83              83
  197          73.433     336.191          73.439     336.195             197             197
  192           6.804    -657.392           6.804    -657.390             192             192
  212        -589.421     254.439        -589.416     254.443             212             212
   68          84.412     482.180          84.417     482.181              68              68
   15        -519.538     729.756        -519.531     729.767              15              15
  219         495.005    -483.002         495.000    -483.000             219             219
  181          27.468    -380.533          27.467    -380.531             181             181
  134        -218.579     337.049        -218.574     337.055             134             134
   36         237.028     -66.254         237.027     -66.251              36              36
  132         583.875    -983.732         583.866    -983.740             132             132
  115         193.151    1191.078         193.175    1191.077             115             115
   22        -725.102    -241.910        -725.100    -241.891              22              22
  205        -301.004    -133.031        -301.005    -133.021             205             205
  175        -353.750    -369.958        -353.758    -369.947             175             175
   52         321.819    -775.441         321.805    -775.446              52              52
   65          -1.609      33.593          -1.607      33.589              65              65
  178        -139.740     364.109        -139.735     364.110             178             178
   89         289.341     311.312         289.346     311.312              89              89
   65         123.570    -195.642         123.567    -195.641              65              65
   38         235.672     171.245         235.679     171.242              38              38
   20         -22.294     539.142         -22.277     539.149              20              20
  135        -732.000      -0.027        -732.000       0.000             135             135
  254         -22.258    -539.158         -22.276    -539.150             254             254
  105         235.686    -171.238         235.679    -171.242             105             105
   59         123.564     195.639         123.567     195.640              59              59
  209         289.352    -311.310         289.346    -311.311             209             209
   69        -139.728    -364.113        -139.735    -364.111              69              69
   30          -1.605     -33.583          -1.608     -33.589              30              30
  163         321.782     775.454         321.804     775.446             163             163
    5        -353.772     369.928        -353.758     369.947               5               5
  159        -301.009     133.001        -301.006     133.020             159             159
  212        -725.096     241.854        -725.100     241.890             212             212
   86         193.226   -1191.074         193.177   -1191.077              86              86
   81         583.845     983.757         583.865     983.740              81              81
  236         237.025      66.243         237.027      66.251             236             236
   40        -218.561    -337.069        -218.573    -337.055              40              40
    8          27.463     380.525          27.466     380.531               8               8
   98         494.985     482.994         495.000     483.000              98              98
  253        -519.506    -729.804        -519.530    -729.768             253             253
   10          84.440    -482.184          84.418    -482.181              10              10
  184        -589.396    -254.462        -589.415    -254.444             184             184
   68           6.801     657.380           6.803     657.389              68              68
   49          73.470    -336.212          73.440    -336.195              49              49
  213          -8.148    -551.934          -8.189    -551.922             213             213
  153         265.655    -539.786         265.612    -539.796             153             153
   46         453.768     315.959         453.758     315.947              46              46
  246         284.269    -607.007         284.225    -607.012             246             246
   37         718.341     137.102         718.328     137.078              37              37
   74         398.559    -319.155         398.534    -319.163              74              74
   73         208.013    -253.655         207.985    -253.662              73              73
  147          91.569    -375.631          91.526    -375.639             147             147
  248          -4.905      88.118          -4.954      88.111             248             248
  233         467.684     136.281         467.588     136.262             233             233
