SINAL     NFT                         FFT                         NFT INVERSA     FFT INVERSA
-----     -----------------------     -----------------------     -----------     -----------
  218        7898.000       0.000        7898.000       0.000             218             218
  209         282.077       6.884         282.078       6.884             209             209
  206          35.130     773.446          35.132     773.446             206             206
    5         221.997     288.696         221.999     288.697               5               5
  185         -20.522    -528.177         -20.521    -528.176             185             185
   87         275.063      16.507         275.064      16.507              87              87
   15        -261.141    -461.843        -261.141    -461.841              15              15
  145         873.194     -52.250         873.195     -52.252             145             145
  126         360.732     210.621         360.736     210.621             126             126
  112        -461.008    -360.709        -461.008    -360.704             112             112
   51         239.835    -463.029         239.833    -463.028              51              51
   97          55.957    -366.483          55.955    -366.482              97              97
   85         275.385    -377.832         275.383    -377.834              85              85
  103         232.456    -284.915         232.455    -284.917             103             103
  116          87.904     177.361          87.905     177.360             116             116
   66         897.096     -99.357         897.097     -99.363              66              66
  178         316.996    -108.997         317.000    -109.000             178             178
  188         498.376     -80.569         498.381     -80.575             188             188
  167         -39.100     376.274         -39.088     376.276             167             167
  104          -2.326    -167.895          -2.321    -167.892             104             104
  140        -491.819     -73.318        -491.814     -73.310             140             140
  155        -443.399       4.880        -443.396       4.887             155             155
  156        -445.652      31.765        -445.651      31.773             156             156
   75        -383.972    -216.748        -383.978    -216.743              75              75
  217         393.258     370.627         393.263     370.621             217             217
  100        -642.208     105.734        -642.207     105.746             100             100
  232         -17.905     222.502         -17.908     222.506             232             232
  117          77.627      22.099          77.620      22.102             117             117
   91         844.956     -91.637         844.952     -91.651              91              91
   38         268.094     879.338         268.114     879.340              38              38
  147         160.921    -422.097         160.917    -422.093             147             147
   65        -197.064     671.092        -197.049     671.102              65              65
  121          72.000      -0.013          72.000       0.000             121             121
   22        -197.032    -671.115        -197.048    -671.103              22              22
  163         160.913     422.088         160.917     422.093             163             163
  155         268.139    -879.340         268.115    -879.339             155             155
   24         844.947      91.670         844.952      91.652              24              24
  246          77.610     -22.105          77.620     -22.101             246             246
  113         -17.911    -222.511         -17.908    -222.506             113             113
  212        -642.206    -105.767        -642.207    -105.747             212             212
   53         393.272    -370.611         393.264    -370.621              53              53
   56        -383.989     216.732        -383.978     216.742              56              56
   16        -445.649     -31.789        -445.651     -31.773              16              16
   70        -443.390      -4.902        -443.396      -4.888              70              70
   43        -491.802      73.293        -491.814      73.310              43              43
  172          -2.308     167.884          -2.321     167.891             172             172
  154         -39.057    -376.281         -39.087    -376.276             154             154
  111         498.396      80.591         498.382      80.575             111             111
  191         317.011     109.008         317.000     109.000             191             191
   48         897.100      99.389         897.097      99.365              48              48
  100          87.912    -177.357          87.906    -177.360             100             100
   83         232.451     284.928         232.454     284.918              83              83
  111         275.374     377.841         275.383     377.834             111             111
  249          55.948     366.478          55.955     366.482             249             249
  128         239.821     463.026         239.833     463.029             128             128
  237        -461.007     360.669        -461.008     360.703             237             237
  160         360.768    -210.623         360.737    -210.621             160             160
  162         873.202      52.278         873.195      52.254             162             162
   22        -261.150     461.818        -261.142     461.841              22              22
  223         275.084     -16.512         275.064     -16.507             223             223
  208         -20.519     528.152         -20.522     528.175             208             208
   64         222.044    -288.718         222.000    -288.697              64              64
   48          35.215    -773.456          35.133    -773.446              48              48
  137         282.182      -6.874         282.079      -6.884             137             137
