SINAL     NFT                         FFT                         NFT INVERSA     FFT INVERSA
-----     -----------------------     -----------------------     -----------     -----------
  246        8401.000       0.000        8401.000       0.000             246             246
  182        -815.775    -424.667        -815.774    -424.667             182             182
    9        -224.301     418.438        -224.299     418.438               9               9
   30        -918.680    -718.133        -918.680    -718.132              30              30
  106         358.490     472.758         358.491     472.757             106             106
  164         901.344    -363.589         901.344    -363.590             164             164
   29         545.279    -231.581         545.280    -231.583              29              29
   76         -31.443     150.270         -31.441     150.271              76              76
  165         202.861       3.714         202.861       3.714             165             165
   41         515.682    -131.581         515.682    -131.584              41              41
  174         169.508     798.474         169.514     798.474             174             174
  234          71.413      13.435          71.413      13.440             234             234
  135         381.385    -883.720         381.378    -883.721             135             135
  242         614.265     624.702         614.271     624.699             242             242
  149         533.382    -340.770         533.382    -340.770             149             149
  241         495.398     264.573         495.405     264.572             241             241
   32        -446.000    -223.010        -446.000    -223.000              32              32
  140         520.831    -458.052         520.826    -458.054             140             140
  202         638.868     -83.463         638.871     -83.467             202             202
   42         447.314   -1106.006         447.308   -1106.012              42              42
    2        -434.970     467.018        -434.959     467.021               2               2
  138         183.453     -11.337         183.455     -11.339             138             138
  118         -45.259      45.537         -45.255      45.539             118             118
  179        -121.905     359.057        -121.899     359.061             179             179
  230          91.134     277.710          91.138     277.714             230             230
  235         447.615     -73.618         447.616     -73.618             235             235
   63         352.031    -279.602         352.034    -279.603              63              63
  236        -593.861    -180.329        -593.858    -180.316             236             236
  250        -216.902    -292.505        -216.910    -292.501             250             250
  223         741.237     -15.381         741.239     -15.397             223             223
  199         158.443    1028.656         158.472    1028.658             199             199
  211        -536.906    -308.459        -536.904    -308.439             211             211
  126        -625.000      -0.019        -625.000       0.000             126             126
  154        -536.903     308.415        -536.905     308.438             154             154
  235         158.507   -1028.661         158.474   -1028.658             235             235
   84         741.239      15.419         741.239      15.399              84              84
    9        -216.921     292.495        -216.910     292.500               9               9
  122        -593.856     180.296        -593.859     180.315             122             122
  237         352.038     279.604         352.034     279.603             237             237
   33         447.617      73.618         447.616      73.619              33              33
   41          91.145    -277.722          91.139    -277.714              41              41
   19        -121.886    -359.068        -121.898    -359.061              19              19
  223         -45.247     -45.541         -45.255     -45.539             223             223
   96         183.460      11.341         183.455      11.339              96              96
  237        -434.933    -467.027        -434.958    -467.021             237             237
   29         447.292    1106.026         447.306    1106.012              29              29
  115         638.877      83.476         638.870      83.467             115             115
   67         520.811     458.060         520.825     458.055              67              67
   74        -446.000     222.970        -446.000     223.000              74              74
  246         495.429    -264.568         495.405    -264.572             246             246
  199         533.380     340.776         533.381     340.771             199             199
  238         614.296    -624.684         614.272    -624.698             238             238
   12         381.347     883.726         381.378     883.722              12              12
  209          71.416     -13.462          71.413     -13.440             209             209
  158         169.552    -798.480         169.515    -798.475             158             158
  217         515.683     131.600         515.682     131.585             217             217
   20         202.865      -3.715         202.861      -3.714              20              20
  137         -31.424    -150.277         -31.441    -150.271             137             137
   47         545.287     231.599         545.279     231.583              47              47
   43         901.332     363.611         901.342     363.591              43              43
   36         358.500    -472.752         358.491    -472.757              36              36
   87        -918.699     718.083        -918.681     718.129              87              87
   10        -224.239    -418.463        -224.298    -418.439              10              10
  118        -815.685     424.620        -815.775     424.665             118             118
