SINAL     NFT                         FFT                         NFT INVERSA     FFT INVERSA
-----     -----------------------     -----------------------     -----------     -----------
   52        8795.000       0.000        8795.000       0.000              52              52
  167         186.974    -229.899         186.976    -229.899             167             167
   78        -743.055     590.531        -743.053     590.532              78              78
  213         290.811     329.467         290.813     329.467             213             213
   88        -343.078    -227.159        -343.077    -227.157              88              88
   65         178.679    -190.504         178.679    -190.504              65              65
  154         161.558    -118.736         161.560    -118.736             154             154
   39          64.685    -567.335          64.684    -567.336              39              39
  233         683.185     290.051         683.189     290.045             233             233
   46        -211.288     635.549        -211.281     635.550              46              46
  140        -329.373     -49.382        -329.371     -49.379             140             140
   64         481.468    -231.554         481.469    -231.557              64              64
  252        -411.658     100.981        -411.652     100.982             252             252
  148        -652.220     467.528        -652.214     467.533             148             148
  204        -209.021     290.726        -209.019     290.730             204             204
   86        -173.816     195.568        -173.815     195.573              86              86
  115         126.005    -585.001         126.000    -585.000             115             115
  220        -443.183      77.842        -443.183      77.847             220             220
  233         505.078    -163.873         505.075    -163.878             233             233
  146         244.083    -252.038         244.082    -252.043             146             146
  137         169.968     331.013         169.975     331.007             137             137
  236         230.254     823.647         230.270     823.646             236             236
  194        -150.084    -135.693        -150.081    -135.686             194             194
  129         133.138      80.863         133.143      80.864             129             129
  251         -11.194    -101.959         -11.189    -101.955             251             251
  160         -21.044     -99.171         -21.038     -99.168             160             160
   66        -501.902     174.188        -501.892     174.201              66              66
  108        -237.891    -692.960        -237.897    -692.953             108             108
  110        -679.245    -293.141        -679.246    -293.133             110             110
  186        -491.894     201.781        -491.889     201.785             186             186
   38        -893.218     243.152        -893.220     243.167              38              38
  127         485.192     584.782         485.199     584.777             127             127
   48        -343.000      -0.017        -343.000       0.000              48              48
  189         485.207    -584.770         485.199    -584.776             189             189
   11        -893.220    -243.186        -893.219    -243.168              11              11
   91        -491.883    -201.791        -491.889    -201.786              91              91
  122        -679.247     293.122        -679.246     293.132             122             122
   99        -237.907     692.943        -237.898     692.953              99              99
   63        -501.877    -174.220        -501.892    -174.201              63              63
  204         -21.028      99.164         -21.038      99.168             204             204
  143         -11.182     101.949         -11.189     101.955             143             143
  252         133.154     -80.867         133.144     -80.864             252             252
  122        -150.076     135.672        -150.081     135.686             122             122
   79         230.303    -823.644         230.271    -823.646              79              79
   41         169.991    -330.995         169.976    -331.007              41              41
   94         244.080     252.056         244.082     252.043              94              94
  136         505.067     163.893         505.075     163.879             136             136
  181        -443.183     -77.860        -443.183     -77.848             181             181
  255         125.984     584.998         126.000     585.000             255             255
   99        -173.809    -195.591        -173.814    -195.573              99              99
   87        -209.008    -290.744        -209.018    -290.730              87              87
  134        -652.191    -467.555        -652.213    -467.534             134             134
   76        -411.628    -100.991        -411.652    -100.983              76              76
  197         481.477     231.575         481.470     231.558             197             197
  234        -329.362      49.359        -329.371      49.378             234             234
  168        -211.233    -635.559        -211.279    -635.550             168             168
  159         683.219    -290.006         683.190    -290.045             159             159
  245          64.674     567.347          64.683     567.336             245             245
  190         161.570     118.741         161.559     118.737             190             190
    5         178.685     190.507         178.679     190.504               5               5
   94        -343.063     227.133        -343.077     227.157              94              94
  174         290.857    -329.467         290.814    -329.467             174             174
  100        -742.974    -590.558        -743.052    -590.532             100             100
  218         187.089     229.915         186.976     229.900             218             218
