SINAL     NFT                         FFT                         NFT INVERSA     FFT INVERSA
-----     -----------------------     -----------------------     -----------     -----------
   71        7222.000       0.000        7222.000       0.000              71              71
    2        -390.754     511.449        -390.753     511.449               2               2
  247         359.170    -386.740         359.171    -386.740             247             247
  237         453.416    -498.038         453.417    -498.038             237             237
   68        -155.372    -329.094        -155.371    -329.094              68              68
  194         494.457    -120.618         494.459    -120.620             194             194
   53        -279.710    -207.670        -279.708    -207.670              53              53
  143        -340.792    -669.840        -340.794    -669.841             143             143
  128         345.849     548.991         345.853     548.987             128             128
   57          96.108     578.332          96.114     578.331              57              57
   25         327.493    -721.035         327.493    -721.038              25              25
   88        -645.014     438.039        -645.007     438.040              88              88
    2        -430.865     569.363        -430.859     569.365               2               2
  125        -672.597      55.783        -672.597      55.788             125             125
  226         410.214     219.023         410.216     219.019             226             226
   88        -424.149     194.123        -424.144     194.126              88              88
    9        -426.008     747.994        -426.000     748.000               9               9
    3        -562.871    -308.984        -562.877    -308.976               3               3
   22         593.799     570.705         593.803     570.698              22              22
   84          -9.648     137.703          -9.643     137.706              84              84
   76        -772.301     100.142        -772.300     100.152              76              76
  243         -23.895     527.048         -23.892     527.049             243             243
   59         -83.486      78.302         -83.491      78.304              59              59
  139         721.657     684.226         721.664     684.217             139             139
  113         176.137     522.983         176.147     522.987             113             113
   93         396.992     115.200         396.998     115.201              93              93
   92        -475.170     217.432        -475.165     217.446              92              92
  236         503.057      94.177         503.059      94.176             236             236
  176          18.523      97.684          18.530      97.693             176             176
   16        -228.262    -433.501        -228.266    -433.490              16              16
   35        -188.325     214.703        -188.320     214.713              35              35
  206        -167.718    -911.659        -167.737    -911.652             206             206
  121          82.000       0.008          82.000       0.000             121             121
  142        -167.758     911.645        -167.738     911.652             142             142
   73        -188.314    -214.726        -188.319    -214.714              73              73
   45        -228.272     433.476        -228.267     433.490              45              45
  226          18.539     -97.705          18.530     -97.693             226             226
   20         503.062     -94.175         503.059     -94.176              20              20
  218        -475.157    -217.469        -475.164    -217.447             218             218
  226         397.007    -115.202         396.998    -115.200             226             226
  229         176.163    -522.993         176.147    -522.987             229             229
  125         721.678    -684.200         721.665    -684.216             125             125
  171         -83.499     -78.308         -83.490     -78.304             171             171
   61         -23.887    -527.052         -23.892    -527.049              61              61
   31        -772.298    -100.174        -772.300    -100.152              31              31
   85          -9.632    -137.710          -9.644    -137.705              85              85
  245         593.816    -570.679         593.805    -570.697             245             245
  199        -562.896     308.956        -562.878     308.976             199             199
  100        -425.975    -748.017        -426.000    -748.000             100             100
   56        -424.129    -194.135        -424.144    -194.126              56              56
  255         410.225    -219.002         410.216    -219.019             255             255
   75        -672.596     -55.811        -672.596     -55.789              75              75
   80        -430.829    -569.377        -430.858    -569.365              80              80
   82        -644.970    -438.048        -645.006    -438.041              82              82
   85         327.490     721.055         327.492     721.038              85              85
   79          96.151    -578.330          96.115    -578.331              79              79
  166         345.883    -548.956         345.853    -548.987             166             166
   68        -340.808     669.844        -340.794     669.841              68              68
  128        -279.691     207.662        -279.708     207.669             128             128
   34         494.479     120.644         494.459     120.620              34              34
   17        -155.358     329.092        -155.372     329.094              17              17
  100         453.431     498.053         453.416     498.039             100             100
  105         359.192     386.738         359.170     386.740             105             105
  219        -390.644    -511.476        -390.752    -511.450             219             219
