SINAL     NFT                         FFT                         NFT INVERSA     FFT INVERSA
-----     -----------------------     -----------------------     -----------     -----------
  121        8363.000       0.000        8363.000       0.000             121             121
  172        -161.064     -56.067        -161.062     -56.067             172             172
   66        -182.596     177.445        -182.594     177.446              66              66
   64          54.892     371.777          54.894     371.777              64              64
   33         -79.483    -478.074         -79.483    -478.074              33              33
  161         238.222     373.189         238.224     373.188             161             161
   68         347.418     347.864         347.421     347.864              68              68
  240         424.084     -55.592         424.086     -55.593             240             240
  144          -4.730     864.790          -4.723     864.791             144             144
    7         117.981    -164.986         117.982    -164.984               7               7
  119         149.411     165.246         149.413     165.247             119             119
  217         923.751     114.641         923.754     114.637             217             217
  106         608.330     -34.645         608.337     -34.648             106             106
  199        -962.041      22.050        -962.034      22.058             199             199
   53        -501.043     344.559        -501.038     344.566              53              53
   32        -219.616      29.371        -219.615      29.377              32              32
  185        -152.999    -140.006        -153.000    -140.000             185             185
  246          37.421    -535.464          37.414    -535.463             246             246
   52         654.776     151.301         654.780     151.294              52              52
  218        -150.284     161.696        -150.276     161.701             218             218
   45        -114.169    -211.379        -114.167    -211.373              45              45
  244        -607.066    -740.328        -607.072    -740.322             244             244
  235        -365.646     490.277        -365.640     490.279             235             235
  176        -155.902     544.307        -155.897     544.313             176             176
  126         218.723      48.787         218.723      48.791             126             126
   32        -130.613    -436.775        -130.619    -436.767              32              32
  156          38.838    -369.891          38.830    -369.892             156             156
    7         567.962     548.659         567.975     548.654               7               7
  223        -574.674   -1002.812        -574.687   -1002.799             223             223
   81         -38.397     507.096         -38.388     507.097              81              81
  123          34.836    -562.619          34.828    -562.616             123             123
  158        -179.357    -586.123        -179.366    -586.124             158             158
  136        -293.000       0.003        -293.000       0.000             136             136
  100        -179.377     586.125        -179.367     586.124             100             100
   15          34.816     562.612          34.827     562.616              15              15
  243         -38.377    -507.099         -38.387    -507.097             243             243
   97        -574.706    1002.782        -574.688    1002.799              97              97
  241         567.995    -548.646         567.976    -548.653             241             241
  178          38.819     369.893          38.830     369.892             178             178
  146        -130.630     436.755        -130.620     436.767             146             146
  153         218.723     -48.798         218.723     -48.791             153             153
   48        -155.886    -544.324        -155.896    -544.313              48              48
  171        -365.628    -490.283        -365.640    -490.280             171             171
   88        -607.087     740.307        -607.073     740.320              88              88
   82        -114.161     211.361        -114.167     211.373              82              82
   60        -150.257    -161.713        -150.276    -161.701              60              60
  198         654.793    -151.274         654.781    -151.293             198             198
  191          37.396     535.460          37.414     535.463             191             191
   50        -153.004     139.983        -153.000     140.000              50              50
  131        -219.612     -29.397        -219.615     -29.377             131             131
  125        -501.020    -344.591        -501.038    -344.567             125             125
   37        -962.006     -22.096        -962.034     -22.060              37              37
  240         608.371      34.661         608.337      34.649             240             240
  232         923.773    -114.613         923.755    -114.635             232             232
  184         149.424    -165.248         149.413    -165.246             184             184
   30         117.986     164.975         117.982     164.984              30              30
  109          -4.675    -864.798          -4.722    -864.791             109             109
  180         424.101      55.610         424.086      55.594             180             180
  139         347.447    -347.853         347.421    -347.863             139             139
   51         238.250    -373.171         238.225    -373.188              51              51
   91         -79.484     478.072         -79.483     478.074              91              91
  100          54.938    -371.780          54.895    -371.777             100             100
  212        -182.538    -177.449        -182.594    -177.445             212             212
  196        -160.955      56.065        -161.062      56.067             196             196
