SINAL     NFT                         FFT                         NFT INVERSA     FFT INVERSA
-----     -----------------------     -----------------------     -----------     -----------
  106        8024.000       0.000        8024.000       0.000             106             106
  136         692.570     344.933         692.572     344.933             136             136
  143         522.410     411.071         522.413     411.071             143             143
   51         -94.197     371.366         -94.194     371.367              51              51
  189        -690.300      -3.954        -690.298      -3.951             189             189
   67        -105.915     -33.951        -105.913     -33.951              67              67
  230        -658.635     690.107        -658.632     690.110             230             230
  111         125.966    -349.391         125.965    -349.390             111             111
  178         416.082     191.662         416.085     191.660             178             178
  195         -32.339     -17.522         -32.337     -17.520             195             195
   98          87.220     -98.973          87.222     -98.972              98              98
   64        -177.824     -49.710        -177.822     -49.708              64              64
   80        -212.812     152.404        -212.810     152.407              80              80
   58          90.370     144.238          90.372     144.240              58              58
  106         201.134    -292.458         201.135    -292.458             106             106
   97        -557.643     241.790        -557.639     241.797              97              97
  142         302.999     -81.001         303.000     -81.000             142             142
   41        -686.033    -667.850        -686.039    -667.842              41              41
  173         201.678     189.071         201.680     189.068             173             173
   53          11.353      -4.135          11.355      -4.133              53              53
  203        -511.508     -57.283        -511.509     -57.275             203             203
  114         124.653      70.188         124.652      70.190             114             114
    7         198.832    -480.985         198.827    -480.985               7               7
   70        -559.511    -589.246        -559.520    -589.239              70              70
  241         657.916     -40.326         657.915     -40.340             241             241
   77        -654.402    -162.926        -654.404    -162.918              77              77
   30         603.669    -129.654         603.668    -129.670              30              30
  184        -744.852    1056.545        -744.833    1056.556             184             184
  156        -209.377      30.357        -209.383      30.368             156             156
  133         320.254    -213.117         320.243    -213.121             133             133
  122         363.689     102.837         363.689     102.828             122             122
   38         167.524     898.757         167.539     898.759              38              38
  236         374.000      -0.007         374.000       0.000             236             236
   15         167.559    -898.761         167.541    -898.759              15              15
   25         363.688    -102.818         363.689    -102.828              25              25
  139         320.230     213.127         320.243     213.122             139             139
   33        -209.392     -30.381        -209.383     -30.368              33              33
  240        -744.805   -1056.573        -744.831   -1056.557             240             240
   98         603.665     129.696         603.667     129.671              98              98
  190        -654.408     162.906        -654.404     162.918             190             190
  250         657.914      40.362         657.915      40.340             250             250
   35        -559.539     589.226        -559.521     589.239              35              35
  154         198.816     480.983         198.826     480.985             154             154
   55         124.650     -70.194         124.653     -70.190              55              55
   18        -511.511      57.255        -511.509      57.274              18              18
   93          11.360       4.129          11.355       4.134              93              93
   67         201.684    -189.061         201.680    -189.068              67              67
  189        -686.056     667.817        -686.039     667.841             189             189
   10         303.003      80.997         303.000      81.000              10              10
  208        -557.624    -241.822        -557.638    -241.797             208             208
   86         201.136     292.458         201.134     292.458              86              86
  177          90.381    -144.246          90.372    -144.240             177             177
   34        -212.799    -152.419        -212.810    -152.407              34              34
  161        -177.812      49.698        -177.822      49.708             161             161
  181          87.231      98.969          87.221      98.972             181             181
  118         -32.323      17.510         -32.337      17.521             118             118
  231         416.102    -191.651         416.085    -191.660             231             231
  200         125.952     349.383         125.964     349.391             200             200
  207        -658.595    -690.145        -658.631    -690.111             207             207
  229        -105.893      33.946        -105.913      33.951             229             229
  144        -690.263       3.916        -690.298       3.951             144             144
  180         -94.121    -371.378         -94.193    -371.367             180             180
  221         522.500    -411.049         522.413    -411.070             221             221
  107         692.693    -344.894         692.573    -344.931             107             107
