SINAL     NFT                         FFT                         NFT INVERSA     FFT INVERSA
-----     -----------------------     -----------------------     -----------     -----------
  145        7940.000       0.000        7940.000       0.000             145             145
   40        -143.740    -203.706        -143.738    -203.706              40              40
  237        -431.755      29.624        -431.753      29.625             237             237
    9          42.152    -862.641          42.152    -862.642               9               9
   34         720.375     790.496         720.379     790.494              34              34
  194        -457.480    -177.065        -457.478    -177.063             194             194
  123          -5.212     229.968          -5.211     229.968             123             123
  159         301.317    -317.936         301.317    -317.937             159             159
  174         341.234      -8.610         341.235      -8.613             174             174
   53         726.271     762.660         726.277     762.657              53              53
  173          13.496    -462.786          13.496    -462.784             173             173
  109         646.548    -150.643         646.549    -150.648             109             109
  119         380.501     488.106         380.509     488.103             119             119
  137        -183.750     211.151        -183.744     211.154             137             137
  184         178.797      16.538         178.802      16.538             184             184
  178        -379.268     375.808        -379.259     375.812             178             178
    7        -506.000    -242.005        -506.000    -242.000               7               7
  245         222.057     451.282         222.065     451.279             245             245
   40        -650.637     722.081        -650.625     722.092              40              40
  197        -161.260    -168.095        -161.260    -168.089             197             197
  113        -652.487    -203.179        -652.490    -203.171             113             113
  219        -267.850     541.494        -267.846     541.496             219             219
   20        -250.546     474.093        -250.544     474.099              20              20
  154         342.711     360.921         342.714     360.919             154             154
   37        -541.239     523.372        -541.235     523.387              37              37
   96         517.422     121.729         517.418     121.728              96              96
  129         151.559     377.778         151.562     377.784             129             129
  217         736.256    -242.614         736.254    -242.618             217             217
  204        -200.401    -124.787        -200.399    -124.780             204             204
  204        -140.698     311.635        -140.694     311.640             204             204
  140         394.257     834.108         394.271     834.112             140             140
  223         471.273    -319.618         471.275    -319.613             223             223
    3       -1088.000      -0.032       -1088.000       0.000               3               3
  202         471.275     319.609         471.274     319.613             202             202
  139         394.289    -834.115         394.272    -834.112             139             139
   12        -140.689    -311.646        -140.694    -311.640              12              12
   98        -200.397     124.771        -200.399     124.780              98              98
   43         736.250     242.625         736.253     242.619              43              43
   33         151.568    -377.793         151.562    -377.784              33              33
    5         517.413    -121.726         517.418    -121.728               5               5
   36        -541.227    -523.411        -541.234    -523.387              36              36
  244         342.720    -360.917         342.714    -360.920             244             244
  215        -250.539    -474.111        -250.543    -474.100             215             215
   61        -267.836    -541.502        -267.845    -541.497              61              61
   78        -652.495     203.153        -652.489     203.170              78              78
  195        -161.261     168.074        -161.260     168.089             195             195
  199        -650.594    -722.120        -650.624    -722.093             199             199
  223         222.088    -451.268         222.065    -451.278             223             223
  216        -506.000     241.984        -506.000     242.000             216             216
  231        -379.229    -375.828        -379.259    -375.813             231             231
   70         178.821     -16.532         178.802     -16.537              70              70
   54        -183.717    -211.163        -183.743    -211.154              54              54
  117         380.549    -488.086         380.510    -488.102             117             117
  118         646.557     150.678         646.550     150.650             118             118
   37          13.492     462.778          13.495     462.785              37              37
  119         726.317    -762.635         726.278    -762.656             119             119
   62         341.239       8.634         341.235       8.613              62              62
  143         301.307     317.948         301.316     317.938             143             143
  113          -5.198    -229.971          -5.210    -229.968             113             113
  162        -457.465     177.041        -457.479     177.062             162             162
   17         720.434    -790.457         720.380    -790.492              17              17
   14          42.135     862.651          42.151     862.642              14              14
  114        -431.708     -29.650        -431.753     -29.625             114             114
  254        -143.642     203.694        -143.739     203.705             254             254
