SINAL     NFT                         FFT                         NFT INVERSA     FFT INVERSA
-----     -----------------------     -----------------------     -----------     -----------
  211        8003.000       0.000        8003.000       0.000             211             211
   51         299.775     814.115         299.777     814.115              51              51
  211         718.002      65.840         718.004      65.840             211             211
  136        -210.655     481.334        -210.652     481.335             136             136
  103          49.774     563.606          49.777     563.607             103             103
  125         265.405      81.869         265.408      81.871             125             125
  182        -295.355    -864.118        -295.355    -864.116             182             182
   13        -323.885    -458.707        -323.886    -458.706              13              13
    5         429.351    -440.696         429.350    -440.701               5               5
   27        -399.360     817.048        -399.354     817.049              27              27
  189         454.444     627.561         454.449     627.561             189             189
   78          -1.941    -221.286          -1.940    -221.283              78              78
  249          51.986     224.936          51.990     224.938             249             249
   92        -212.741      67.604        -212.739      67.609              92              92
  218         225.738    -542.236         225.736    -542.236             218             218
   32        -197.283     323.674        -197.277     323.677              32              32
   61        -774.994    -480.009        -775.000    -480.000              61              61
   44         273.283     307.182         273.284     307.178              44              44
  106         -39.279     317.059         -39.276     317.060             106             106
  100         -74.997     255.452         -74.996     255.455             100             100
   38         310.064     429.585         310.069     429.585              38              38
    0          41.954      13.695          41.955      13.699              -0               0
   37          50.501     572.800          50.509     572.807              37              37
   86        -223.316    -517.250        -223.325    -517.239              86              86
  112         160.655     -96.701         160.650     -96.701             112             112
  204         168.428     153.048         168.429     153.050             204             204
  200        -311.273     208.396        -311.275     208.410             200             200
   63         517.429    -621.458         517.413    -621.459              63              63
   55         380.173    -387.740         380.164    -387.745              55              55
  155         103.908     -45.755         103.906     -45.757             155             155
   13        -434.783      52.406        -434.793      52.415              13              13
  195        1238.007     167.055        1237.999     167.035             195             195
  132        1023.000       0.016        1023.000       0.000             132             132
  227        1237.990    -167.010        1237.999    -167.033             227             227
  169        -434.804     -52.427        -434.793     -52.416             169             169
  112         103.903      45.759         103.905      45.757             112             112
   58         380.153     387.752         380.164     387.745              58              58
  227         517.388     621.462         517.411     621.460             227             227
  182        -311.276    -208.431        -311.274    -208.411             182             182
   79         168.431    -153.053         168.429    -153.050              79              79
   91         160.642      96.699         160.650      96.701              91              91
  220        -223.343     517.218        -223.326     517.238             220             220
  151          50.526    -572.820          50.510    -572.807             151             151
  135          41.956     -13.708          41.954     -13.700             135             135
    6         310.079    -429.586         310.069    -429.585               6               6
  106         -74.993    -255.463         -74.996    -255.456             106             106
  227         -39.267    -317.065         -39.275    -317.060             227             227
   45         273.287    -307.166         273.284    -307.178              45              45
  236        -775.017     479.974        -775.000     480.000             236             236
  111        -197.255    -323.688        -197.277    -323.678             111             111
  158         225.725     542.238         225.735     542.236             158             158
   77        -212.730     -67.630        -212.739     -67.609              77              77
   50          52.008    -224.945          51.990    -224.938              50              50
   70          -1.936     221.270          -1.941     221.283              70              70
  145         454.478    -627.557         454.450    -627.560             145             145
  141        -399.316    -817.056        -399.353    -817.050             141             141
  234         429.345     440.729         429.350     440.701             234             234
  251        -323.894     458.694        -323.886     458.705             251             251
  224        -295.365     864.087        -295.356     864.115             224             224
   99         265.438     -81.890         265.408     -81.871              99              99
  228          49.827    -563.624          49.777    -563.607             228             228
   75        -210.586    -481.349        -210.651    -481.335              75              75
  232         718.067     -65.816         718.004     -65.839             232             232
  114         299.912    -814.099         299.778    -814.115             114             114
