SINAL     NFT                         FFT                         NFT INVERSA     FFT INVERSA
-----     -----------------------     -----------------------     -----------     -----------
  155        8300.000       0.000        8300.000       0.000             155             155
  176        -143.021     661.490        -143.019     661.490             176             176
  120        -442.953    -288.182        -442.951    -288.180             120             120
   24          47.118    -149.078          47.119    -149.078              24              24
  154         799.746    -216.079         799.748    -216.080             154             154
   42        -565.020     100.152        -565.017     100.153              42              42
  198        -259.209     571.212        -259.206     571.214             198             198
  115         416.581     -43.291         416.581     -43.291             115             115
  169          43.993     265.267          43.995     265.270             169             169
  185         359.041    -837.031         359.038    -837.031             185             185
   38         196.446      88.268         196.448      88.268              38              38
  121         346.422    -597.053         346.420    -597.055             121             121
    4        -197.415    -176.343        -197.415    -176.343               4               4
   51         673.991     395.044         673.995     395.039              51              51
  224         359.362      -1.971         359.366      -1.972             224             224
  106         110.353    -233.668         110.356    -233.668             106             106
   80        -310.003     -16.003        -310.000     -16.000              80              80
  181         288.534     388.949         288.540     388.948             181             181
  197         -72.524    -133.172         -72.522    -133.168             197             197
  227         334.421    -298.079         334.422    -298.083             227             227
   98        -752.311     445.705        -752.302     445.717              98              98
   29         244.854    -591.978         244.847    -591.980              29              29
  191         -63.882     526.400         -63.873     526.402             191             191
   16         248.826     -78.808         248.828     -78.806              16              16
  142        -153.988    -768.733        -153.995    -768.730             142             142
   69        -317.110    -158.935        -317.109    -158.937              69              69
    0        -334.471     789.746        -334.458     789.749              -0               0
   54         -35.285     -27.562         -35.287     -27.560              54              54
  121        -174.043     725.975        -174.031     725.979             121             121
  180          78.580     565.149          78.590     565.158             180             180
  191        -406.795    -278.993        -406.803    -278.975             191             191
  253         263.706    -145.619         263.697    -145.618             253             253
    8         452.000       0.005         452.000       0.000               8               8
   95         263.688     145.618         263.697     145.618              95              95
  199        -406.813     278.953        -406.804     278.974             199             199
   90          78.603    -565.169          78.591    -565.158              90              90
  119        -174.015    -725.986        -174.030    -725.980             119             119
  234         -35.288      27.559         -35.287      27.560             234             234
  151        -334.438    -789.755        -334.457    -789.750             151             151
   85        -317.109     158.939        -317.109     158.936              85              85
  121        -154.007     768.725        -153.995     768.730             121             121
  149         248.832      78.802         248.828      78.806             149             149
   14         -63.855    -526.405         -63.872    -526.402              14              14
  204         244.830     591.984         244.846     591.980             204             204
  238        -752.283    -445.744        -752.302    -445.718             238             238
  134         334.425     298.091         334.422     298.083             134             134
  252         -72.518     133.157         -72.522     133.168             252             252
  142         288.559    -388.944         288.541    -388.948             142             142
  211        -309.992      15.991        -310.000      16.000             211             211
  186         110.364     233.668         110.356     233.668             186             186
  218         359.380       1.977         359.366       1.973             218             218
  111         674.013    -395.016         673.995    -395.038             111             111
  191        -197.416     176.342        -197.415     176.343             191             191
   97         346.409     597.063         346.419     597.055              97              97
  174         196.459     -88.266         196.448     -88.268             174             174
   51         359.013     837.032         359.036     837.031              51              51
  103          44.011    -265.288          43.995    -265.270             103             103
   68         416.584      43.291         416.581      43.291              68              68
  127        -259.180    -571.233        -259.206    -571.214             127             127
  200        -564.987    -100.174        -565.017    -100.155             200             200
  119         799.767     216.110         799.748     216.081             119             119
   94          47.133     149.072          47.119     149.078              94              94
   49        -442.917     288.146        -442.952     288.180              49              49
  155        -142.882    -661.505        -143.018    -661.491             155             155
