SINAL     NFT                         FFT                         NFT INVERSA     FFT INVERSA
-----     -----------------------     -----------------------     -----------     -----------
   64        8671.000       0.000        8671.000       0.000              64              64
   35         239.814     214.710         239.816     214.710              35              35
  208        -262.792     -52.300        -262.790     -52.300             208             208
  241         262.552    -247.992         262.554    -247.992             241             241
  205        -649.422     381.485        -649.418     381.487             205             205
   30        -291.563     444.792        -291.560     444.794              30              30
  208        -439.041    -501.997        -439.040    -501.993             208             208
   86        -927.231    -696.208        -927.233    -696.203              86              86
  125         111.178    -294.527         111.177    -294.527             125             125
  154        -290.033    -855.410        -290.036    -855.409             154             154
  237        -531.441      50.975        -531.440      50.976             237             237
  115         -44.897     102.089         -44.896     102.089             115             115
  150        -113.393     192.154        -113.391     192.154             150             150
  121        -169.866    -370.585        -169.869    -370.585             121             121
  154        -139.008     675.331        -139.002     675.331             154             154
   26        -467.603    -105.314        -467.605    -105.308              26              26
  239         107.005    -233.997         107.000    -234.000             239             239
   94        -266.976     486.291        -266.973     486.293              94              94
   32         496.021     133.090         496.021     133.083              32              32
  107        -389.820    1008.060        -389.810    1008.068             107             107
   26         769.765     -95.941         769.763     -95.943              26              26
  165        -474.118    -443.098        -474.123    -443.087             165             165
  231         109.852    -265.660         109.846    -265.660             231             231
  242         325.204     -98.947         325.202     -98.952             242             242
  114         314.816     229.476         314.823     229.473             114             114
  195        -584.160    -488.650        -584.167    -488.639             195             195
  175         -36.976     -65.766         -36.981     -65.768             175             175
   25         211.132     273.963         211.133     273.959              25              25
   46         197.047      13.392         197.047      13.390              46              46
  190        -260.576    -288.569        -260.586    -288.568             190             190
   91         603.377     734.329         603.387     734.315              91              91
   82         248.138     783.846         248.154     783.850              82              82
  244         111.000      -0.013         111.000       0.000             244             244
   25         248.173    -783.854         248.155    -783.850              25              25
   25         603.399    -734.297         603.388    -734.314              25              25
  111        -260.598     288.566        -260.586     288.568             111             111
  207         197.046     -13.386         197.047     -13.389             207             207
   91         211.135    -273.952         211.133    -273.958              91              91
   61         -36.990      65.772         -36.982      65.768              61              61
  165        -584.179     488.623        -584.168     488.639             165             165
  206         314.835    -229.468         314.823    -229.473             206             206
  144         325.197      98.962         325.202      98.953             144             144
  150         109.832     265.662         109.845     265.661             150             150
  116        -474.134     443.065        -474.124     443.086             116             116
  131         769.759      95.948         769.763      95.944             131             131
  253        -389.785   -1008.088        -389.809   -1008.069             253             253
   76         496.021    -133.066         496.021    -133.083              76              76
  237        -266.966    -486.296        -266.972    -486.293             237             237
   94         106.986     234.009         107.000     234.000              94              94
  228        -467.613     105.289        -467.605     105.308             228             228
  180        -138.979    -675.332        -139.002    -675.331             180             180
   91        -169.881     370.586        -169.869     370.585              91              91
   61        -113.384    -192.156        -113.391    -192.154              61              61
  188         -44.896    -102.082         -44.897    -102.088             188             188
   10        -531.438     -50.980        -531.440     -50.976              10              10
   99        -290.059     855.406        -290.038     855.409              99              99
  145         111.167     294.529         111.176     294.527             145             145
  229        -927.253     696.161        -927.234     696.202             229             229
  195        -439.037     501.955        -439.041     501.993             195             195
  253        -291.518    -444.825        -291.559    -444.795             253             253
  192        -649.365    -381.515        -649.418    -381.488             192             192
  115         262.592     248.001         262.553     247.993             115             115
  109        -262.730      52.280        -262.790      52.299             109             109
   27         239.944    -214.706         239.817    -214.710              27              27
