SINAL     NFT                         FFT                         NFT INVERSA     FFT INVERSA
-----     -----------------------     -----------------------     -----------     -----------
  121        9080.000       0.000        9080.000       0.000             121             121
  249        -749.502     -15.074        -749.500     -15.074             249             249
   13        -106.424      61.776        -106.422      61.777              13              13
  224         104.889    -694.391         104.890    -694.391             224             224
   97        -306.895     562.630        -306.892     562.632              97              97
  160        -172.238     256.901        -172.236     256.904             160             160
  141         234.150    -691.423         234.148    -691.421             141             141
    0         274.791    -685.329         274.791    -685.329               0               0
   59        -749.360    -684.722        -749.362    -684.718              59              59
  177         252.802    -652.884         252.798    -652.887             177             177
  254         324.154      90.060         324.155      90.054             254             254
  239         421.916     746.939         421.921     746.936             239             239
  139         496.380     793.267         496.389     793.268             139             139
  150         100.166    -638.795         100.164    -638.792             150             150
   15         117.863     -38.273         117.865     -38.273              15              15
  141           6.040    -390.888           6.040    -390.887             141             141
  140         207.996      30.002         208.000      30.000             140             140
   12        -340.215      79.822        -340.212      79.828              12              12
  163           4.677    -353.780           4.674    -353.778             163             163
   38          -1.216      45.909          -1.215      45.910              38              38
  204         396.064      82.790         396.066      82.788             204             204
  225         314.902    -331.047         314.901    -331.049             225             225
  145         384.864     126.862         384.872     126.860             145             145
  249        -158.722    -434.715        -158.721    -434.710             249             249
   42        -398.644     263.272        -398.638     263.282              42              42
  233         567.872    -686.594         567.865    -686.597             233             233
  240        -194.537    -912.759        -194.542    -912.758             240             240
  163        -648.699     104.414        -648.693     104.420             163             163
  220          -5.563     -95.847          -5.563     -95.848             220             220
  187        -158.992    -387.982        -158.995    -387.982             187             187
  125        -268.751     -23.871        -268.748     -23.871             125             125
  209        -197.801     148.402        -197.793     148.403             209             209
  145        -840.000      -0.016        -840.000       0.000             145             145
   85        -197.785    -148.404        -197.793    -148.403              85              85
  112        -268.745      23.871        -268.748      23.871             112             112
  180        -158.999     387.983        -158.995     387.982             180             180
  203          -5.563      95.849          -5.563      95.848             203             203
  181        -648.685    -104.429        -648.693    -104.420             181             181
   45        -194.552     912.758        -194.543     912.758              45              45
  110         567.854     686.603         567.864     686.599             110             110
  134        -398.627    -263.300        -398.637    -263.282             134             134
  136        -158.720     434.702        -158.722     434.710             136             136
  118         384.887    -126.854         384.872    -126.859             118             118
  186         314.898     331.053         314.900     331.049             186             186
  243         396.070     -82.783         396.066     -82.788             243             243
  219          -1.214     -45.912          -1.215     -45.910             219             219
  202           4.664     353.774           4.674     353.778             202             202
  220        -340.202     -79.845        -340.212     -79.829             220             220
   64         208.011     -29.995         208.000     -30.000              64              64
  123           6.035     390.883           6.039     390.887             123             123
   92         117.874      38.270         117.865      38.273              92              92
  212         100.154     638.778         100.163     638.792             212             212
  187         496.426    -793.268         496.389    -793.267             187             187
   58         421.951    -746.915         421.923    -746.935              58              58
   25         324.158     -90.025         324.155     -90.054              25              25
  103         252.768     652.909         252.796     652.887             103             103
   90        -749.382     684.690        -749.363     684.718              90              90
  230         274.781     685.329         274.789     685.329             230             230
  223         234.130     691.406         234.147     691.421             223             223
  142        -172.216    -256.937        -172.236    -256.904             142             142
   76        -306.847    -562.649        -306.892    -562.632              76              76
   40         104.894     694.388         104.888     694.391              40              40
   43        -106.375     -61.799        -106.422     -61.777              43              43
   79        -749.386      15.028        -749.500      15.072              79              79
