SINAL     NFT                         FFT                         NFT INVERSA     FFT INVERSA
-----     -----------------------     -----------------------     -----------     -----------
   65        8479.000       0.000        8479.000       0.000              65              65
  171         367.311     432.743         367.313     432.743             171             171
  207        -294.560    -557.787        -294.558    -557.786             207             207
  110          64.430     -46.882          64.431     -46.882             110             110
  209         392.149    -567.895         392.150    -567.896             209             209
  236         520.257    -321.750         520.259    -321.752             236             236
  176        -379.211     444.474        -379.207     444.475             176             176
   56         324.517    -211.241         324.519    -211.242              56              56
    8        -434.785     -52.404        -434.782     -52.402               8               8
   93        -631.086    -148.592        -631.085    -148.590              93              93
  254        -505.356     826.776        -505.351     826.778             254             254
  254          46.251     544.265          46.253     544.268             254             254
   63         686.796    -401.662         686.794    -401.664              63              63
   24         370.915     623.104         370.925     623.104              24              24
  101        -325.398    -638.688        -325.396    -638.680             101             101
  229        -779.070    -705.387        -779.073    -705.380             229             229
   32        -275.001       3.999        -275.000       4.000              32              32
  254        -677.658     397.032        -677.655     397.042             254             254
  220         222.097    -592.037         222.088    -592.038             220             220
  101         217.508    -240.477         217.508    -240.481             101             101
  109        -620.359     -62.446        -620.358     -62.440             109             109
   45        -306.032     249.134        -306.031     249.138              45              45
   76          79.264     -46.476          79.263     -46.476              76              76
  118         -96.430    -251.885         -96.433    -251.884             118             118
   86        -279.219     131.595        -279.218     131.598              86              86
   87        -132.553     181.443        -132.554     181.445              87              87
    3         549.124     170.805         549.128     170.799               3               3
  155        -623.772    -285.462        -623.776    -285.451             155             155
  130         -14.590     371.327         -14.586     371.328             130             130
  183        -303.027     -11.740        -303.032     -11.730             183             183
   92         334.045    -239.563         334.035    -239.566              92              92
   18         310.440    -425.541         310.431    -425.548              18              18
  148          67.000       0.007          67.000       0.000             148             148
   77         310.421     425.557         310.431     425.549              77              77
  124         334.023     239.570         334.034     239.567             124             124
   41        -303.038      11.717        -303.033      11.729              41              41
  170         -14.581    -371.330         -14.586    -371.328             170             170
  227        -623.781     285.435        -623.776     285.450             227             227
  157         549.134    -170.789         549.128    -170.798             157             157
  247        -132.555    -181.449        -132.554    -181.445             247             247
  149        -279.216    -131.602        -279.218    -131.598             149             149
   84         -96.439     251.883         -96.433     251.884              84              84
   51          79.259      46.476          79.262      46.476              51              51
  203        -306.028    -249.146        -306.031    -249.138             203             203
  224        -620.354      62.427        -620.358      62.440             224             224
   66         217.508     240.491         217.508     240.481              66              66
   49         222.066     592.039         222.087     592.038              49              49
  191        -677.645    -397.068        -677.655    -397.043             191             191
  221        -274.996      -4.003        -275.000      -4.000             221             221
  175        -779.085     705.354        -779.074     705.379             175             175
  181        -325.395     638.652        -325.398     638.680             181             181
  150         370.968    -623.105         370.926    -623.104             150             150
  176         686.786     401.677         686.794     401.665             176             176
  170          46.268    -544.281          46.255    -544.268             170             170
  222        -505.321    -826.793        -505.350    -826.779             222             222
   52        -631.077     148.577        -631.085     148.590              52              52
  112        -434.756      52.389        -434.782      52.402             112             112
   68         324.537     211.252         324.519     211.243              68              68
  143        -379.161    -444.486        -379.206    -444.476             143             143
   52         520.280     321.783         520.259     321.753              52              52
   97         392.153     567.909         392.149     567.896              97              97
  141          64.460      46.878          64.431      46.882             141             141
  218        -294.523     557.761        -294.559     557.786             218             218
  128         367.446    -432.742         367.313    -432.742             128             128
