SINAL     NFT                         FFT                         NFT INVERSA     FFT INVERSA
-----     -----------------------     -----------------------     -----------     -----------
  105        8669.000       0.000        8669.000       0.000             105             105
  159         -15.957    -363.948         -15.956    -363.948             159             159
    7          39.548    -234.969          39.550    -234.969               7               7
  253         504.567     484.856         504.570     484.855             253             253
  223         -62.641     126.878         -62.639     126.878             223             223
   28         262.198     600.738         262.202     600.737              28              28
   73         -72.168     724.942         -72.162     724.945              73              73
   85        -480.134    -720.826        -480.134    -720.821              85              85
  199        -223.471    -447.585        -223.471    -447.584             199             199
  113        -152.728    -298.675        -152.727    -298.675             113             113
  153        -327.855     403.733        -327.852     403.733             153             153
  244         282.690     700.509         282.696     700.508             244             244
  238        -752.337     166.356        -752.334     166.364             238             238
   65         -27.226     -72.380         -27.227     -72.378              65              65
   63        -206.204     -48.128        -206.205     -48.128              63              63
  147         -37.841    1363.967         -37.830    1363.971             147             147
  134         -37.994    -275.009         -38.000    -275.000             134             134
  226         917.839    -109.311         917.838    -109.314             226             226
   53        -181.685    -657.249        -181.690    -657.243              53              53
  211         604.983     253.933         604.989     253.929             211             211
  205        -244.833    -469.228        -244.834    -469.220             205             205
  139        -109.440      27.243        -109.438      27.248             139             139
  139          29.710    -240.308          29.708    -240.302             139             139
  207         -73.375    -575.205         -73.382    -575.199             207             207
  151          49.487   -1041.582          49.472   -1041.583             151             151
  121         -88.718    -315.404         -88.723    -315.408             121             121
   65         655.940    -123.566         655.942    -123.581              65              65
  106        -268.244      62.953        -268.236      62.954             106             106
   49        -264.189    -388.706        -264.192    -388.707              49              49
  216          16.566     500.685          16.577     500.677             216             216
  253        -169.309     695.418        -169.292     695.423             253             253
    3        -183.227      14.730        -183.222      14.740               3               3
   33        -717.000      -0.020        -717.000       0.000              33              33
  199        -183.217     -14.751        -183.222     -14.740             199             199
  143        -169.272    -695.429        -169.291    -695.423             143             143
   94          16.593    -500.669          16.578    -500.677              94              94
   65        -264.198     388.708        -264.193     388.707              65              65
  252        -268.224     -62.957        -268.235     -62.955             252             252
  144         655.944     123.606         655.942     123.583             144             144
  137         -88.731     315.416         -88.723     315.408             137             137
  228          49.446    1041.586          49.471    1041.584             228             228
  206         -73.396     575.187         -73.383     575.199             206             206
  181          29.704     240.291          29.708     240.302             181             181
   25        -109.433     -27.259        -109.437     -27.249              25              25
  106        -244.838     469.204        -244.835     469.221             106             106
   84         605.004    -253.918         604.990    -253.929              84              84
  191        -181.704     657.229        -181.691     657.243             191             191
   73         917.836     109.325         917.838     109.316              73              73
   33         -38.017     274.974         -38.000     275.000              33              33
  191         -37.790   -1363.985         -37.828   -1363.972             191             191
  182        -206.208      48.123        -206.205      48.127             182             182
  234         -27.232      72.371         -27.227      72.378             234             234
   36        -752.322    -166.401        -752.334    -166.365              36              36
   42         282.731    -700.502         282.697    -700.508              42              42
   59        -327.831    -403.735        -327.851    -403.733              59              59
   16        -152.727     298.680        -152.728     298.675              16              16
   58        -223.476     447.575        -223.472     447.583              58              58
  242        -480.140     720.783        -480.135     720.820             242             242
   71         -72.104    -724.969         -72.161    -724.945              71              71
  249         262.255    -600.729         262.204    -600.737             249             249
  106         -62.599    -126.879         -62.639    -126.878             106             106
  201         504.629    -484.827         504.570    -484.854             201             201
  230          39.592     234.982          39.550     234.970             230             230
  125         -15.859     363.946         -15.956     363.948             125             125
