SINAL     NFT                         FFT                         NFT INVERSA     FFT INVERSA
-----     -----------------------     -----------------------     -----------     -----------
   81        8315.000       0.000        8315.000       0.000              81              81
  100         269.852    -206.750         269.854    -206.750             100             100
  194          55.908     -87.755          55.910     -87.755             194             194
   55         112.256     446.842         112.259     446.842              55              55
  129         152.586     352.580         152.589     352.581             129             129
  244        -807.101    -461.960        -807.100    -461.957             244             244
  138         -95.075    -308.213         -95.074    -308.214             138             138
  232        -848.184     391.793        -848.182     391.796             232             232
   38         392.407    -204.363         392.405    -204.365              38              38
   90         431.899     319.200         431.902     319.198              90              90
  165         237.366     -54.552         237.368     -54.554             165             165
   17         562.211     735.599         562.220     735.596              17              17
  117        -803.881     -90.108        -803.878     -90.099             117             117
  185        -190.344    -221.553        -190.346    -221.550             185             185
  215         730.196     -26.872         730.199     -26.878             215             215
  209        -527.237       8.679        -527.231       8.685             209             209
   67        -291.999    -475.002        -292.000    -475.000              67              67
  215        -853.333     607.813        -853.325     607.822             215             215
  253        -234.651     175.986        -234.652     175.993             253             253
   22         361.915    -634.567         361.910    -634.570              22              22
   75        -676.497     330.077        -676.491     330.085              75              75
  203        -318.762     -65.355        -318.765     -65.348             203             203
   26        -193.893    -430.161        -193.902    -430.158              26              26
  208           0.303    -369.991           0.298    -369.997             208             208
  121        -822.421    1345.622        -822.405    1345.635             121             121
  113          87.800     -40.637          87.790     -40.628             113             113
   38         227.729    -522.479         227.713    -522.479              38              38
   65         778.290      68.721         778.288      68.710              65              65
  204         151.777       8.762         151.779       8.765             204             204
  114         -79.582    -590.209         -79.594    -590.206             114             114
   37         320.438     140.461         320.439     140.455              37              37
  179         172.035    -506.475         172.025    -506.479             179             179
  134         265.000       0.012         265.000       0.000             134             134
  197         172.013     506.485         172.024     506.480             197             197
  243         320.440    -140.447         320.439    -140.454             243             243
   48         -79.610     590.203         -79.595     590.206              48              48
  139         151.782      -8.767         151.779      -8.764             139             139
   50         778.286     -68.692         778.288     -68.708              50              50
    7         227.687     522.479         227.712     522.479               7               7
   18          87.773      40.615          87.789      40.629              18              18
  250        -822.377   -1345.657        -822.404   -1345.635             250             250
  221           0.286     370.008           0.297     369.997             221             221
  183        -193.919     430.151        -193.902     430.157             183             183
   15        -318.771      65.332        -318.765      65.347              15              15
  185        -676.477    -330.105        -676.491    -330.086             185             185
  248         361.893     634.577         361.908     634.570             248             248
   31        -234.653    -176.012        -234.651    -175.994              31              31
  187        -853.304    -607.848        -853.324    -607.823             187             187
   17        -292.003     474.993        -292.000     475.000              17              17
    6        -527.212      -8.708        -527.231      -8.686               6               6
  241         730.210      26.899         730.199      26.879             241             241
   95        -190.353     221.536        -190.346     221.549              95              95
  115        -803.864      90.057        -803.878      90.098             115             115
   14         562.268    -735.582         562.221    -735.595              14              14
   57         237.377      54.563         237.367      54.554              57              57
  155         431.920    -319.181         431.902    -319.197             155             155
  184         392.391     204.379         392.405     204.365             184             184
  196        -848.165    -391.826        -848.181    -391.797             196             196
  216         -95.071     308.215         -95.075     308.213             216             216
  154        -807.090     461.916        -807.100     461.955             154             154
  143         152.644    -352.587         152.590    -352.580             143             143
   54         112.319    -446.836         112.260    -446.842              54              54
  247          55.966      87.764          55.910      87.755             247             247
  116         269.956     206.760         269.853     206.751             116             116
