SINAL     NFT                         FFT                         NFT INVERSA     FFT INVERSA
-----     -----------------------     -----------------------     -----------     -----------
  231        8023.000       0.000        8023.000       0.000             231             231
  211         237.936    -852.305         237.938    -852.305             211             211
  122        -507.688    -600.700        -507.687    -600.699             122             122
  197          71.116     206.852          71.118     206.852             197             197
   76         179.309     -90.431         179.310     -90.431              76              76
   38         392.736     460.262         392.739     460.262              38              38
   64         128.075    -432.434         128.075    -432.432              64              64
  197         243.052      22.065         243.053      22.065             197             197
  232         710.959    -101.451         710.961    -101.452             232             232
  188         -54.490    -385.430         -54.488    -385.427             188             188
  225         -63.873    -403.819         -63.873    -403.815             225             225
   53        -433.637   -1003.409        -433.642   -1003.406              53              53
  195         -82.916    -238.070         -82.918    -238.071             195             195
  227         119.589     152.295         119.590     152.294             227             227
  205         190.813     152.447         190.814     152.447             205             205
  175         233.948    -200.257         233.946    -200.258             175             175
  188         379.998      89.003         380.000      89.000             188             188
  131         345.995    -136.792         345.995    -136.794             131             131
  168        -121.086     242.379        -121.083     242.383             168             168
  106         542.881    -144.309         542.880    -144.312             106             106
  219         441.196     201.331         441.202     201.330             219             219
   17          75.842    -313.686          75.844    -313.682              17              17
  167        -459.480    -315.772        -459.484    -315.763             167             167
  183         829.439    -182.375         829.439    -182.386             183             183
  106        -534.967     190.538        -534.961     190.547             106             106
  252         328.550     188.693         328.551     188.693             252             252
   21         413.291    -420.149         413.287    -420.150              21              21
  141          44.405    -570.885          44.399    -570.887             141             141
   37         122.392     544.971         122.406     544.970              37              37
   13          96.710    -716.273          96.703    -716.275              13              13
   49        -500.064     645.458        -500.049     645.466              49              49
  208        -146.058     -18.911        -146.061     -18.902             208             208
   48         313.000       0.002         313.000       0.000              48              48
  102        -146.065      18.894        -146.061      18.902             102             102
  179        -500.031    -645.476        -500.048    -645.467             179             179
   43          96.693     716.277          96.702     716.275              43              43
  215         122.424    -544.969         122.406    -544.970             215             215
   76          44.391     570.890          44.399     570.888              76              76
  192         413.280     420.152         413.286     420.151             192             192
  103         328.554    -188.693         328.552    -188.693             103             103
   99        -534.951    -190.564        -534.961    -190.548              99              99
   88         829.437     182.409         829.438     182.388              88              88
  147        -459.492     315.746        -459.484     315.763             147             147
   42          75.845     313.674          75.843     313.682              42              42
  156         441.217    -201.326         441.202    -201.330             156             156
  128         542.876     144.321         542.879     144.313             128             128
   38        -121.073    -242.392        -121.082    -242.383              38              38
  170         345.997     136.801         345.995     136.795             170             170
  206         380.005     -88.992         380.000     -89.000             206             206
   93         233.939     200.260         233.945     200.258              93              93
  131         190.818    -152.446         190.814    -152.447             131             131
   38         119.593    -152.287         119.590    -152.294              38              38
   61         -82.928     238.076         -82.918     238.071              61              61
  120        -433.670    1003.386        -433.643    1003.404             120             120
  114         -63.871     403.797         -63.873     403.815             114             114
  129         -54.481     385.406         -54.489     385.426             129             129
   71         710.975     101.459         710.961     101.453              71              71
   81         243.063     -22.071         243.053     -22.066              81              81
   27         128.072     432.417         128.074     432.432              27              27
  130         392.772    -460.265         392.739    -460.262             130             130
  134         179.322      90.428         179.310      90.431             134             134
  118          71.148    -206.855          71.118    -206.853             118             118
   45        -507.662     600.672        -507.688     600.698              45              45
   57         238.012     852.286         237.936     852.305              57              57
