SINAL     NFT                         FFT                         NFT INVERSA     FFT INVERSA
-----     -----------------------     -----------------------     -----------     -----------
   94        6886.000       0.000        6886.000       0.000              94              94
  188         221.058      34.814         221.060      34.814             188             188
   36        -353.956    -606.888        -353.955    -606.887              36              36
   80           4.154     -29.419           4.155     -29.419              80              80
   40        -350.339     532.299        -350.337     532.299              40              40
   99         225.753     689.377         225.755     689.377              99              99
   53         106.957     391.388         106.959     391.389              53              53
  111         768.529    -167.243         768.530    -167.244             111             111
  199        -116.270     -44.463        -116.267     -44.461             199             199
  204         -45.462    -478.745         -45.463    -478.744             204             204
  250         -54.897     304.773         -54.893     304.774             250             250
  179        -274.862    -146.022        -274.862    -146.019             179             179
   80         338.529    -316.852         338.529    -316.854              80              80
  188        -266.069     897.638        -266.060     897.642             188             188
    8         283.186    -224.721         283.187    -224.717               8               8
  164        -653.552    -439.013        -653.554    -439.003             164             164
   18        -103.993    -520.003        -104.000    -520.000              18              18
   25          31.486     -86.511          31.484     -86.509              25              25
  252          50.280    -559.014          50.273    -559.013             252             252
   69          29.155    -827.605          29.144    -827.608              69              69
   69         572.725     341.278         572.731     341.267              69              69
   58          26.908    -134.747          26.910    -134.747              58              58
   92         227.225    -111.479         227.227    -111.483              92              92
  167        -512.689      37.089        -512.686      37.095             167             167
   59          56.267     191.539          56.267     191.539              59              59
   94         679.208      99.924         679.212      99.918              94              94
   60         174.184    -866.618         174.177    -866.622              60              60
   73        -324.177      90.236        -324.169      90.234              73              73
  209         215.057     694.427         215.077     694.421             209             209
   70        -918.386     391.801        -918.373     391.825              70              70
   63        -136.958    -766.944        -136.973    -766.936              63              63
    2        -255.080    -208.462        -255.083    -208.461               2               2
  173        -158.000       0.001        -158.000       0.000             173             173
   29        -255.088     208.459        -255.084     208.461              29              29
   32        -136.993     766.928        -136.975     766.937              32              32
   71        -918.358    -391.857        -918.373    -391.827              71              71
   80         215.104    -694.415         215.078    -694.421              80              80
  219        -324.158     -90.232        -324.168     -90.234             219             219
  217         174.167     866.628         174.176     866.622             217             217
   97         679.218     -99.906         679.212     -99.916              97              97
   16          56.268    -191.538          56.267    -191.539              16              16
  176        -512.681     -37.107        -512.686     -37.096             176             176
   29         227.233     111.492         227.227     111.483              29              29
  191          26.913     134.748          26.910     134.747             191             191
  156         572.743    -341.243         572.731    -341.267             156             156
  184          29.116     827.617          29.143     827.609             184             184
   48          50.255     559.008          50.272     559.013              48              48
  110          31.479      86.505          31.484      86.509             110             110
  212        -104.020     519.991        -104.000     520.000             212             212
   97        -653.562     438.968        -653.555     439.002              97              97
  123         283.189     224.705         283.187     224.717             123             123
   17        -266.021    -897.660        -266.058    -897.642              17              17
  164         338.525     316.867         338.528     316.855             164             164
   17        -274.861     146.000        -274.862     146.018              17              17
  207         -54.871    -304.780         -54.893    -304.774             207             207
   13         -45.467     478.737         -45.463     478.744              13              13
   29        -116.248      44.443        -116.267      44.461              29              29
  141         768.538     167.255         768.530     167.245             141             141
  144         106.980    -391.404         106.959    -391.389             144             144
   75         225.789    -689.375         225.756    -689.376              75              75
   32        -350.301    -532.305        -350.336    -532.300              32              32
  232           4.181      29.433           4.156      29.420             232             232
  120        -353.933     606.873        -353.956     606.887             120             120
   82         221.156     -34.814         221.060     -34.814              82              82
