SINAL     NFT                         FFT                         NFT INVERSA     FFT INVERSA
-----     -----------------------     -----------------------     -----------     -----------
    1        8446.000       0.000        8446.000       0.000               1               1
  217        -233.562       9.628        -233.560       9.629             217             217
  122        1031.228    -631.261        1031.230    -631.261             122             122
  240        -143.628    -216.116        -143.625    -216.116             240             240
  216        -477.276     166.124        -477.273     166.126             216             216
  225        -681.433    -632.297        -681.432    -632.295             225             225
   78        -163.919     -15.513        -163.918     -15.513              78              78
  172         165.634     102.825         165.637     102.825             172             172
  236        -429.279    -356.766        -429.278    -356.763             236             236
  103        -370.000    -330.015        -369.999    -330.013             103             103
  176        -507.367     105.129        -507.365     105.131             176             176
  119        -349.318     497.097        -349.314     497.101             119             119
  159        -388.460    -621.412        -388.464    -621.407             159             159
   24        -437.438    -379.117        -437.443    -379.115              24              24
    6         299.189    -150.267         299.185    -150.271               6               6
  154         598.612       3.892         598.613       3.885             154             154
   66        -105.012     846.997        -105.000     847.000              66              66
  157           1.201    -401.500           1.200    -401.494             157             157
  178        -183.270    -549.840        -183.274    -549.836             178             178
   26          -0.777    -435.147          -0.779    -435.148              26              26
  113        -569.077      36.788        -569.074      36.794             113             113
   22        -314.058    -572.630        -314.068    -572.628              22              22
  125         519.438     319.346         519.444     319.338             125             125
  159        -901.164    -495.418        -901.170    -495.405             159             159
   55         163.286    -252.756         163.278    -252.763              55              55
   67         339.937     505.511         339.945     505.506              67              67
  149         369.767    -381.240         369.766    -381.243             149             149
  225        -495.822    -405.513        -495.823    -405.505             225             225
  183        -333.178    -531.673        -333.188    -531.673             183             183
  184         374.861    -117.869         374.861    -117.885             184             184
  150        -437.081     437.234        -437.067     437.236             150             150
  184        -449.039      70.061        -449.037      70.069             184             184
  182        -168.000      -0.002        -168.000       0.000             182             182
  108        -449.034     -70.077        -449.037     -70.069             108             108
  194        -437.050    -437.239        -437.066    -437.237             194             194
  247         374.862     117.906         374.861     117.886             247             247
   29        -333.202     531.673        -333.189     531.673              29              29
  173        -495.826     405.495        -495.824     405.505             173             173
  215         369.765     381.249         369.766     381.244             215             215
   65         339.958    -505.495         339.946    -505.504              65              65
  238         163.263     252.775         163.278     252.763             238             238
   90        -901.183     495.381        -901.171     495.404              90              90
  133         519.456    -319.321         519.444    -319.337             133             133
  232        -314.089     572.623        -314.069     572.628             232             232
  212        -569.069     -36.809        -569.074     -36.794             212             212
   31          -0.785     435.151          -0.780     435.148              31              31
  236        -183.284     549.826        -183.274     549.835             236             236
   73           1.194     401.479           1.199     401.494              73              73
    1        -104.964    -847.010        -105.000    -847.000               1               1
   29         598.617      -3.857         598.613      -3.884              29              29
   59         299.170     150.287         299.184     150.271              59              59
  224        -437.465     379.102        -437.444     379.114             224             224
   10        -388.487     621.384        -388.465     621.407              10              10
   53        -349.294    -497.121        -349.314    -497.101              53              53
   83        -507.354    -105.144        -507.365    -105.132              83              83
  235        -369.999     330.004        -370.000     330.013             235             235
  163        -429.271     356.743        -429.278     356.763             163             163
   97         165.658    -102.823         165.637    -102.824              97              97
   76        -163.907      15.510        -163.918      15.513              76              76
  188        -681.435     632.263        -681.433     632.294             188             188
  153        -477.224    -166.152        -477.273    -166.126             153             153
  150        -143.574     216.110        -143.626     216.116             150             150
  142        1031.264     631.292        1031.229     631.263             142             142
   34        -233.457      -9.657        -233.560      -9.629              34              34
