SINAL     NFT                         FFT                         NFT INVERSA     FFT INVERSA
-----     -----------------------     -----------------------     -----------     -----------
  173        8895.000       0.000        8895.000       0.000             173             173
   99         -20.244     118.037         -20.242     118.037              99              99
  158         357.469     418.856         357.471     418.856             158             158
  248        -462.476    -486.367        -462.475    -486.366             248             248
   98         188.050    -177.728         188.051    -177.728              98              98
   34          -4.453     413.419          -4.450     413.420              34              34
  162        -101.344      69.050        -101.341      69.052             162             162
  185        -718.664     216.241        -718.662     216.247             185             185
  193         186.021    -866.866         186.016    -866.866             193             193
  211         972.320     584.592         972.326     584.589             211             211
   84        -840.850    -699.079        -840.850    -699.071              84              84
   30        -227.122   -1152.211        -227.128   -1152.210              30              30
   27        -484.901      73.866        -484.900      73.866              27              27
  254        -247.489     132.251        -247.491     132.251             254             254
  198         749.790     378.589         749.792     378.582             198             198
  103         425.912     282.988         425.918     282.985             103             103
   17        -712.004     184.991        -712.000     185.000              17              17
  105        -250.626     400.083        -250.624     400.089             105             105
  142        -124.843     -18.029        -124.848     -18.024             142             142
   57         335.352     126.563         335.349     126.564              57              57
  218         668.548    -472.758         668.540    -472.763             218             218
   23         196.471     -84.313         196.470     -84.315              23              23
  248         682.330      78.783         682.332      78.775             248             248
  140         353.861     144.457         353.867     144.455             140             140
   91         -36.017    -200.869         -36.016    -200.866              91              91
  179        -124.337      27.621        -124.336      27.625             179             179
  160         823.207    -224.280         823.208    -224.293             160             160
  237        -395.911      -9.049        -395.905      -9.045             237             237
   65        -131.710     999.634        -131.691     999.641              65              65
  214         138.526    -223.196         138.524    -223.187             214             214
  156        -209.756    -416.948        -209.763    -416.939             156             156
   90         108.859       5.878         108.858       5.878              90              90
  168         -11.000      -0.003         -11.000       0.000             168             168
  179         108.858      -5.877         108.859      -5.878             179             179
  220        -209.772     416.929        -209.763     416.939             220             220
  236         138.520     223.177         138.523     223.187             236             236
  176        -131.666    -999.651        -131.690    -999.642             176             176
   99        -395.896       9.039        -395.905       9.045              99              99
    7         823.208     224.312         823.207     224.294               7               7
    4        -124.336     -27.632        -124.336     -27.625               4               4
   74         -36.014     200.860         -36.016     200.866              74              74
  230         353.880    -144.451         353.868    -144.454             230             230
  237         682.336     -78.758         682.332     -78.774             237             237
  128         196.467      84.320         196.469      84.316             128             128
   13         668.523     472.775         668.540     472.764              13              13
   19         335.341    -126.566         335.349    -126.564              19              19
   54        -124.859      18.009        -124.848      18.023              54              54
  208        -250.618    -400.106        -250.624    -400.090             208             208
  157        -711.987    -185.027        -712.000    -185.000             157             157
  253         425.941    -282.974         425.919    -282.984             253             253
  252         749.799    -378.555         749.792    -378.581             252             252
  148        -247.498    -132.251        -247.491    -132.251             148             148
  171        -484.899     -73.868        -484.901     -73.867             171             171
    1        -227.164    1152.207        -227.130    1152.210               1               1
  211        -840.854     699.021        -840.851     699.069             211             211
  201         972.366    -584.564         972.327    -584.587             201             201
   97         185.981     866.863         186.015     866.866              97              97
   39        -718.645    -216.294        -718.662    -216.248              39              39
  202        -101.315     -69.069        -101.341     -69.052             202             202
  225          -4.408    -413.426          -4.450    -413.420             225             225
  127         188.070     177.735         188.051     177.728             127             127
  195        -462.454     486.333        -462.475     486.365             195             195
   86         357.551    -418.858         357.472    -418.856              86              86
   79         -20.123    -118.043         -20.242    -118.037              79              79
