SINAL     NFT                         FFT                         NFT INVERSA     FFT INVERSA
-----     -----------------------     -----------------------     -----------     -----------
  101        8359.000       0.000        8359.000       0.000             101             101
  199        -148.429     224.283        -148.428     224.284             199             199
   82         196.440    -423.525         196.442    -423.526              82              82
   57        -586.268     709.843        -586.266     709.844              57              57
  162        -253.563    -437.747        -253.563    -437.746             162             162
   33         495.495      90.534         495.496      90.533              33              33
   96         200.991      73.620         200.992      73.620              96              96
  232         727.092    -423.834         727.092    -423.837             232             232
   56         340.381     253.989         340.385     253.986              56              56
  118         113.694      91.247         113.697      91.246             118             118
  253         174.143     586.036         174.149     586.037             253             253
  194         416.368    -798.923         416.366    -798.926             194             194
   22          89.512     618.820          89.522     618.816              22              22
  213         193.686     946.345         193.697     946.347             213             213
  189         209.028    -271.472         209.032    -271.470             189             189
  105        -736.216     237.215        -736.208     237.223             105             105
   54        -902.002      66.987        -902.000      67.000              54              54
   27        -289.936     294.847        -289.936     294.855              27              27
  255         627.714    -251.437         627.711    -251.438             255             255
  154        -103.523    -497.292        -103.528    -497.287             154             154
  154        1050.210    -634.876        1050.209    -634.889             154             154
    9        -574.936    -187.646        -574.928    -187.642               9               9
   50        -300.466     188.956        -300.457     188.959              50              50
  191        -922.177      23.607        -922.174      23.622             191             191
   40        -512.383       1.977        -512.386       1.986              40              40
  217           8.487      76.995           8.487      76.998             217             217
   42        -355.795    -386.045        -355.802    -386.037              42              42
   29        -643.198    -227.067        -643.209    -227.059              29              29
   71         889.829     476.565         889.833     476.549              71              71
  250         -26.152    -119.542         -26.149    -119.538             250             250
  104        -296.067     -58.080        -296.067     -58.073             104             104
   91         203.989     -70.497         203.989     -70.500              91              91
  218        -467.000      -0.010        -467.000       0.000             218             218
   89         203.989      70.504         203.989      70.500              89              89
   73        -296.068      58.064        -296.068      58.072              73              73
  203         -26.147     119.534         -26.150     119.538             203             203
  232         889.839    -476.528         889.834    -476.548             232             232
  243        -643.224     227.047        -643.209     227.058             243             243
  252        -355.812     386.025        -355.802     386.037             252             252
  203           8.487     -77.002           8.487     -76.998             203             203
   38        -512.390      -2.002        -512.385      -1.986              38              38
  212        -922.167     -23.649        -922.174     -23.623             212             212
  135        -300.438    -188.965        -300.456    -188.959             135             135
  139        -574.912     187.630        -574.928     187.640             139             139
   11        1050.204     634.919        1050.208     634.890              11              11
   58        -103.539     497.273        -103.528     497.286              58              58
  137         627.702     251.440         627.711     251.438             137             137
   73        -289.936    -294.878        -289.936    -294.856              73              73
  208        -901.995     -67.038        -902.000     -67.000             208             208
  103        -736.178    -237.255        -736.207    -237.224             103             103
   90         209.049     271.463         209.032     271.470              90              90
   99         193.748    -946.351         193.699    -946.346              99              99
  125          89.561    -618.803          89.522    -618.817             125             125
  144         416.354     798.941         416.365     798.927             144             144
  254         174.183    -586.038         174.150    -586.036             254             254
  210         113.717     -91.240         113.697     -91.245             210             210
    3         340.414    -253.969         340.386    -253.986               3               3
  227         727.088     423.866         727.091     423.838             227             227
  219         201.003     -73.617         200.992     -73.619             219             219
   49         495.505     -90.514         495.496     -90.532              49              49
   27        -253.572     437.728        -253.564     437.745              27              27
   31        -586.203    -709.870        -586.264    -709.844              31              31
  193         196.481     423.535         196.441     423.526             193             193
  211        -148.310    -224.294        -148.427    -224.283             211             211
