SINAL     NFT                         FFT                         NFT INVERSA     FFT INVERSA
-----     -----------------------     -----------------------     -----------     -----------
  123        8303.000       0.000        8303.000       0.000             123             123
   75        -424.664    -275.008        -424.662    -275.007              75              75
   94         -70.663     764.413         -70.660     764.413              94              94
  106        -463.530     720.875        -463.527     720.877             106             106
   56          52.661     -61.187          52.661     -61.187              56              56
    0         -19.618     450.013         -19.616     450.014               0               0
   76        1067.580    -199.945        1067.581    -199.948              76              76
  130        -255.938      48.598        -255.934      48.600             130             130
   17        -156.886     -97.500        -156.884     -97.500              17              17
  170         -89.056     536.435         -89.052     536.436             170             170
   72         491.809    -167.592         491.810    -167.593              72              72
  218        -341.617     405.198        -341.610     405.202             218             218
  136        -245.159    -152.090        -245.157    -152.087             136             136
  253        -370.243     279.611        -370.238     279.615             253             253
  164        -646.277     347.655        -646.273     347.665             164             164
   30        -624.010    -339.250        -624.015    -339.240              30              30
  130         -36.994    -216.004         -37.000    -216.000             130             130
  162        -120.366    -715.987        -120.377    -715.985             162             162
   47          85.895     175.652          85.892     175.649              47              47
  202         825.822     694.314         825.829     694.310             202             202
  238        -267.801    -813.548        -267.810    -813.539             238             238
  219         260.376    -253.854         260.371    -253.858             219             219
  114         295.734     203.125         295.738     203.121             114             114
  209        -146.837    -188.502        -146.839    -188.496             209             209
  183         456.891    -479.492         456.885    -479.499             183             183
   24         -28.977     -28.907         -28.974     -28.910              24              24
  177        -458.002     299.432        -457.999     299.438             177             177
  174         242.198     299.029         242.199     299.029             174             174
   94         144.312    -126.642         144.307    -126.639              94              94
   43         422.699     -93.378         422.696     -93.383              43              43
  141         449.908    -118.926         449.909    -118.931             141             141
  146        -322.243    -541.364        -322.250    -541.358             146             146
  214         155.000       0.009         155.000       0.000             214             214
  247        -322.260     541.352        -322.251     541.358             247             247
  223         449.912     118.938         449.909     118.932             223             223
  138         422.693      93.389         422.696      93.383             138             138
  129         144.300     126.637         144.306     126.640             129             129
   63         242.201    -299.028         242.200    -299.029              63              63
  102        -457.993    -299.448        -457.998    -299.439             102             102
   90         -28.970      28.914         -28.974      28.910              90              90
  231         456.873     479.512         456.884     479.500             231             231
   16        -146.845     188.486        -146.840     188.496              16              16
   57         295.745    -203.115         295.738    -203.121              57              57
  188         260.361     253.867         260.371     253.858             188             188
  114        -267.832     813.520        -267.811     813.539             114             114
   56         825.848    -694.296         825.830    -694.308              56              56
  165          85.885    -175.641          85.892    -175.649             165             165
    3        -120.409     715.980        -120.379     715.985               3               3
   55         -37.018     215.988         -37.000     216.000              55              55
  160        -624.034     339.203        -624.016     339.239             160             160
  120        -646.258    -347.702        -646.272    -347.666             120             120
  110        -370.218    -279.635        -370.238    -279.616             110             110
  138        -245.150     152.070        -245.157     152.086             138             138
  240        -341.577    -405.221        -341.610    -405.202             240             240
  162         491.820     167.603         491.811     167.594             162             162
   78         -89.024    -536.445         -89.051    -536.436              78              78
  170        -156.874      97.493        -156.885      97.499             170             170
  212        -255.906     -48.614        -255.934     -48.600             212             212
  181        1067.591     199.978        1067.581     199.949             181             181
   39         -19.593    -450.024         -19.615    -450.013              39              39
   68          52.671      61.179          52.661      61.187              68              68
  205        -463.472    -720.903        -463.527    -720.877             205             205
  238         -70.580    -764.403         -70.660    -764.413             238             238
   68        -424.566     275.005        -424.663     275.007              68              68
