SINAL     NFT                         FFT                         NFT INVERSA     FFT INVERSA
-----     -----------------------     -----------------------     -----------     -----------
   10        8786.000       0.000        8786.000       0.000              10              10
   44        -187.837      45.280        -187.835      45.281              44              44
  153        -785.626    -401.561        -785.625    -401.560             153             153
  252        -245.831    -268.515        -245.830    -268.515             252             252
  188        -412.130      23.740        -412.129      23.741             188             188
  139         -41.441    -290.769         -41.440    -290.769             139             139
   89        -552.990    -128.418        -552.988    -128.415              89              89
   71        -617.937    -223.574        -617.937    -223.572              71              71
  253        -782.851    -358.371        -782.853    -358.366             253             253
  194         322.881    -799.715         322.876    -799.717             194             194
  117        -561.876    -920.938        -561.881    -920.938             117             117
  171        -187.161     -24.876        -187.162     -24.881             171             171
   69          -7.152     920.084          -7.146     920.081              69              69
  150         -54.678     338.346         -54.676     338.346             150             150
  243        -296.813     416.176        -296.810     416.180             243             243
  238         166.158    -119.838         166.156    -119.838             238             238
  129        -260.998     -21.003        -261.000     -21.000             129             129
  120         410.108     250.826         410.110     250.823             120             120
  101        -245.945    -497.556        -245.952    -497.553             101             101
   43         504.417     251.525         504.420     251.518              43              43
  207        -463.797    -129.675        -463.797    -129.671             207             207
  148        -189.818     477.486        -189.815     477.487             148             148
  153         326.096     280.199         326.098     280.198             153             153
  188         245.558    -109.826         245.556    -109.826             188             188
   11         202.853    -132.364         202.854    -132.366              11              11
  136        -132.004     240.824        -131.999     240.829             136             136
  156         212.373    -651.076         212.365    -651.079             156             156
  212        -694.577     138.826        -694.575     138.835             212             212
   67         487.080    -269.998         487.072    -270.010              67              67
  140         460.962     575.551         460.979     575.540             140             140
  250        -679.216     368.889        -679.205     368.908             250             250
   45           1.182    -405.906           1.172    -405.903              45              45
   25         -24.000       0.001         -24.000       0.000              25              25
  118           1.161     405.899           1.171     405.903             118             118
   96        -679.192    -368.929        -679.205    -368.908              96              96
  185         460.999    -575.526         460.980    -575.539             185             185
   88         487.061     270.027         487.072     270.011              88              88
  245        -694.573    -138.848        -694.575    -138.836             245             245
   63         212.353     651.084         212.364     651.080              63              63
  104        -131.990    -240.837        -131.998    -240.829             104             104
  206         202.854     132.370         202.853     132.366             206             206
  142         245.554     109.827         245.556     109.826             142             142
  214         326.100    -280.194         326.097    -280.197             214             214
  128        -189.808    -477.490        -189.814    -477.487             128             128
  239        -463.798     129.661        -463.797     129.671             239             239
   60         504.430    -251.498         504.421    -251.517              60              60
  208        -245.968     497.546        -245.952     497.553             208             208
  113         410.115    -250.814         410.110    -250.822             113             113
  229        -261.005      20.992        -261.000      21.000             229             229
   66         166.148     119.839         166.155     119.838              66              66
  188        -296.801    -416.194        -296.810    -416.180             188             188
  169         -54.665    -338.347         -54.675    -338.346             169             169
  199          -7.118    -920.065          -7.146    -920.080             199             199
  227        -187.169      24.904        -187.162      24.881             227             227
   80        -561.912     920.938        -561.882     920.938              80              80
   57         322.845     799.730         322.874     799.718              57              57
   22        -782.871     358.331        -782.854     358.366              22              22
  199        -617.936     223.541        -617.937     223.570             199             199
  192        -552.974     128.390        -552.989     128.415             192             192
  197         -41.430     290.761         -41.440     290.769             197             197
  118        -412.105     -23.762        -412.129     -23.741             118             118
   85        -245.809     268.501        -245.830     268.514              85              85
   18        -785.583     401.516        -785.625     401.559              18              18
   19        -187.710     -45.304        -187.835     -45.281              19              19
