SINAL     NFT                         FFT                         NFT INVERSA     FFT INVERSA
-----     -----------------------     -----------------------     -----------     -----------
  124        8245.000       0.000        8245.000       0.000             124             124
  246        -260.614     588.362        -260.612     588.362             246             246
  216         637.830     644.997         637.832     644.997             216             216
  100         418.918    -448.977         418.920    -448.976             100             100
  159         102.195    -155.459         102.197    -155.458             159             159
   55        -297.079    -780.882        -297.079    -780.880              55              55
  222        -362.779    -448.062        -362.780    -448.061             222             222
  159         348.429     764.284         348.433     764.283             159             159
   59         246.475    -381.949         246.475    -381.947              59              59
   40        -170.049    -587.076        -170.050    -587.075              40              40
   11         435.214     112.230         435.216     112.228              11              11
   34         696.031     215.627         696.037     215.625              34              34
   57        -421.429   -1084.770        -421.432   -1084.766              57              57
   24          82.416      40.934          82.420      40.931              24              24
   39         -44.478     242.853         -44.471     242.853              39              39
   85        -402.729     274.202        -402.722     274.208              85              85
   94        -803.003      59.987        -803.000      60.000              94              94
  237        -554.879    -411.369        -554.886    -411.360             237             237
  234         221.615    -189.708         221.611    -189.709             234             234
   50         286.120    -239.714         286.120    -239.716              50              50
   48        -463.038     367.486        -463.030     367.495              48              48
    0        -422.060    -332.063        -422.065    -332.051              -0               0
  127          47.278    -553.492          47.270    -553.490             127             127
  149        -574.669    -344.019        -574.674    -344.008             149             149
  230        -166.453   -1119.946        -166.475   -1119.947             230             230
  197         -87.856     494.553         -87.853     494.550             197             197
  117         -80.039    -587.588         -80.054    -587.587             117             117
  179         -44.732    -167.483         -44.742    -167.488             179             179
  242         498.273     -83.180         498.265     -83.196             242             242
  100         442.879     557.779         442.888     557.768             100             100
  208         169.373      42.627         169.374      42.626             208             208
   52         -20.132      44.316         -20.135      44.318              52              52
  159         777.000       0.015         777.000       0.000             159             159
  165         -20.137     -44.319         -20.134     -44.318             165             165
  146         169.376     -42.623         169.374     -42.625             146             146
  231         442.900    -557.753         442.889    -557.767             231             231
   39         498.255      83.217         498.265      83.197              39              39
   71         -44.757     167.494         -44.743     167.488              71              71
  186         -80.076     587.587         -80.054     587.587             186             186
   71         -87.846    -494.546         -87.852    -494.550              71              71
  152        -166.512    1119.949        -166.476    1119.947             152             152
  117        -574.686     343.988        -574.675     344.007             117             117
   33          47.255     553.484          47.270     553.490              33              33
  190        -422.075     332.027        -422.065     332.051             190             190
  230        -463.012    -367.516        -463.030    -367.496             230             230
  147         286.119     239.724         286.119     239.717             147             147
  252         221.601     189.712         221.611     189.709             252             252
   58        -554.904     411.333        -554.886     411.359              58              58
   61        -802.991     -60.038        -803.000     -60.000              61              61
   31        -402.695    -274.228        -402.721    -274.209              31              31
  242         -44.444    -242.854         -44.470    -242.853             242             242
  159          82.436     -40.920          82.420     -40.931             159             159
   35        -421.447    1084.747        -421.433    1084.766              35              35
  181         696.067    -215.615         696.038    -215.624             181             181
  225         435.227    -112.213         435.216    -112.228             225             225
  137        -170.062     587.064        -170.051     587.075             137             137
   68         246.476     381.938         246.475     381.947              68              68
  224         348.470    -764.276         348.434    -764.282             224             224
  145        -362.785     448.053        -362.780     448.061             145             145
  198        -297.081     780.858        -297.080     780.880             198             198
   97         102.230     155.441         102.197     155.457              97              97
    2         418.944     448.966         418.919     448.976               2               2
  254         637.905    -644.996         637.833    -644.996             254             254
   45        -260.488    -588.377        -260.611    -588.363              45              45
