SINAL     NFT                         FFT                         NFT INVERSA     FFT INVERSA
-----     -----------------------     -----------------------     -----------     -----------
   93        8777.000       0.000        8777.000       0.000              93              93
  254         122.958     169.778         122.960     169.779             254             254
  204         -98.244    -641.852         -98.243    -641.852             204             204
  164          39.159      82.980          39.161      82.980             164             164
  130         495.867     189.007         495.869     189.007             130             130
  201          13.858     191.799          13.861     191.800             201             201
   86         -78.996    -547.581         -78.995    -547.579              86              86
   40         256.138    -903.123         256.137    -903.123              40              40
   90        -637.094    -693.671        -637.095    -693.669              90              90
  133          39.345      73.117          39.345      73.116             133             133
  184         284.706    -726.105         284.702    -726.109             184             184
  255          -1.746     902.824          -1.739     902.823             255             255
  226         377.523    -386.953         377.521    -386.954             226             226
   71         639.851    -131.803         639.855    -131.808              71              71
  175        -615.364     -99.691        -615.360     -99.685             175             175
  196         369.191    -353.312         369.190    -353.316             196             196
   21         -47.004     -25.999         -47.000     -26.000              21              21
  202         -84.863     -15.234         -84.860     -15.235             202             202
   94          94.778       3.717          94.781       3.715              94              94
   49         352.771    -546.574         352.771    -546.583              49              49
  213        -427.592     862.959        -427.574     862.959             213             213
  210        -686.241     519.122        -686.234     519.132             210             210
  107         515.117     495.771         515.126     495.768             107             107
   14        -153.038    -326.067        -153.035    -326.062              14              14
   66        -458.920     600.322        -458.905     600.331              66              66
   13        -605.396     334.676        -605.388     334.694              13              13
  208        -661.983    -220.683        -661.989    -220.663             208             208
  104         327.860    -576.538         327.850    -576.538             104             104
  189        -893.807    -481.096        -893.818    -481.081             189             189
  160         412.620    -237.196         412.611    -237.206             160             160
   11         111.978     -73.407         111.980     -73.413              11              11
  156        -226.492     240.087        -226.485     240.091             156             156
   42        -379.000      -0.010        -379.000       0.000              42              42
  163        -226.475    -240.095        -226.484    -240.091             163             163
  252         111.981      73.419         111.980      73.413             252             252
  238         412.600     237.219         412.611     237.206             238             238
   34        -893.832     481.058        -893.818     481.079              34              34
   85         327.835     576.538         327.849     576.538              85              85
  243        -661.999     220.631        -661.990     220.662             243             243
  132        -605.375    -334.723        -605.388    -334.695             132             132
  214        -458.878    -600.347        -458.904    -600.331             214             214
   74        -153.031     326.053        -153.036     326.062              74              74
   52         515.144    -495.763         515.126    -495.768              52              52
  145        -686.216    -519.154        -686.232    -519.133             145             145
  228        -427.532    -862.961        -427.572    -862.960             228             228
  228         352.769     546.604         352.770     546.583             228             228
   80          94.789      -3.710          94.781      -3.714              80              80
  249         -84.852      15.235         -84.860      15.235             249             249
  170         -46.989      26.004         -47.000      26.000             170             170
  107         369.186     353.330         369.190     353.316             107             107
  163        -615.350      99.663        -615.361      99.684             163             163
  172         639.869     131.829         639.855     131.809             172             172
   39         377.514     386.959         377.521     386.955              39              39
  170          -1.701    -902.819          -1.738    -902.823             170             170
   15         284.683     726.129         284.702     726.109              15              15
  119          39.350     -73.109          39.345     -73.116             119             119
   68        -637.107     693.653        -637.096     693.669              68              68
  190         256.125     903.124         256.136     903.123             190             190
  228         -78.996     547.552         -78.996     547.579             228             228
   59          13.898    -191.822          13.861    -191.801              59              59
  253         495.906    -188.998         495.870    -189.006             253             253
   41          39.196     -82.981          39.161     -82.980              41              41
   21         -98.213     641.836         -98.244     641.851              21              21
  184         123.082    -169.793         122.960    -169.779             184             184
