SINAL     NFT                         FFT                         NFT INVERSA     FFT INVERSA
-----     -----------------------     -----------------------     -----------     -----------
  145        8181.000       0.000        8181.000       0.000             145             145
  102         567.819    -831.909         567.820    -831.910             102             102
   95        -194.582     580.596        -194.580     580.597              95              95
   22        -592.293    -354.765        -592.292    -354.763              22              22
  207        -422.599     105.986        -422.598     105.987             207             207
  151         -95.714     239.995         -95.712     239.995             151             151
  105          25.289     382.174          25.292     382.174             105             105
  248        -307.424     648.777        -307.420     648.781             248             248
  176          75.649    -277.859          75.648    -277.856             176             176
  191         -50.751     328.848         -50.747     328.852             191             191
  193        -852.920   -1175.972        -852.927   -1175.965             193             193
  248        -236.421     608.119        -236.421     608.121             248             248
   56        1161.972    -786.452        1161.964    -786.458              56              56
  110         306.358    -180.148         306.359    -180.151             110             110
   79         306.529    -316.678         306.528    -316.682              79              79
  219         311.324     823.082         311.334     823.079             219             219
  222         -24.001    -113.004         -24.000    -113.000             222             222
  168         115.830    -119.568         115.829    -119.567             168             168
   67         500.913    -435.688         500.910    -435.692              67              67
   11         415.954     -87.566         415.958     -87.572              11              11
  202        -234.625      86.107        -234.618      86.111             202             202
  163        -188.256    -566.653        -188.260    -566.652             163             163
  249        -396.214     384.845        -396.209     384.849             249             249
  156         153.062    -109.901         153.059    -109.904             156             156
    2           6.352     -31.852           6.352     -31.856               2               2
  245         179.112     996.737         179.128     996.735             245             245
   78         -52.969     -84.674         -52.968     -84.667              78              78
  245        -400.407    -142.749        -400.412    -142.743             245             245
  240         883.235     978.571         883.252     978.558             240             240
  111          17.723     214.695          17.733     214.705             111             111
   32        -136.053     169.918        -136.046     169.932              32              32
    1        -259.948    -503.005        -259.956    -502.993               1               1
  149         -65.000      -0.003         -65.000       0.000             149             149
  202        -259.966     502.979        -259.957     502.992             202             202
  246        -136.037    -169.948        -136.046    -169.932             246             246
    5          17.746    -214.716          17.733    -214.705               5               5
   15         883.275    -978.540         883.253    -978.557              15              15
   42        -400.421     142.735        -400.413     142.742              42              42
   78         -52.967      84.658         -52.968      84.667              78              78
   21         179.156    -996.732         179.130    -996.735              21              21
  103           6.351      31.863           6.352      31.856             103             103
  121         153.054     109.909         153.059     109.904             121             121
   62        -396.198    -384.855        -396.208    -384.849              62              62
  162        -188.270     566.649        -188.261     566.652             162             162
   11        -234.603     -86.120        -234.618     -86.111              11              11
    1         415.969      87.585         415.958      87.572               1               1
  150         500.901     435.704         500.909     435.693             150             150
   50         115.826     119.561         115.829     119.567              50              50
  172         -23.998     112.987         -24.000     113.000             172             172
   36         311.368    -823.070         311.335    -823.079              36              36
  246         306.522     316.700         306.527     316.683             246             246
  102         306.358     180.164         306.358     180.151             102             102
   70        1161.927     786.489        1161.963     786.459              70              70
  205        -236.422    -608.135        -236.421    -608.122             205             205
  243        -852.971    1175.925        -852.929    1175.964             243             243
  168         -50.725    -328.875         -50.747    -328.852             168             168
   60          75.644     277.840          75.648     277.856              60              60
   61        -307.387    -648.809        -307.419    -648.781              61              61
   95          25.319    -382.178          25.292    -382.175              95              95
  250         -95.691    -239.999         -95.712    -239.995             250             250
  187        -422.574    -106.001        -422.598    -105.988             187             187
  209        -592.265     354.735        -592.292     354.763             209             209
   23        -194.486    -580.603        -194.579    -580.597              23              23
   97         567.901     831.931         567.819     831.911              97              97
