SINAL     NFT                         FFT                         NFT INVERSA     FFT INVERSA
-----     -----------------------     -----------------------     -----------     -----------
  196        8886.000       0.000        8886.000       0.000             196             196
  130         356.059    -123.912         356.061    -123.913             130             130
   53         316.769    1051.709         316.772    1051.709              53              53
  133        -231.404    -240.962        -231.402    -240.962             133             133
   14         160.183      64.493         160.185      64.492              14              14
  183        -795.954     564.075        -795.952     564.077             183             183
   35        1190.349     585.025        1190.351     585.022              35              35
  250          93.436     191.644          93.439     191.645             250             250
  168         220.572     820.332         220.578     820.333             168             168
  174         358.328    -416.445         358.329    -416.444             174             174
  194        -160.088    -159.331        -160.087    -159.330             194             194
  133          27.460     257.642          27.464     257.642             133             133
   26         125.388     355.441         125.393     355.442              26              26
   44          51.566     164.468          51.570     164.470              44              44
  211         213.880     311.663         213.886     311.665             211             211
    2        -740.352    -140.508        -740.351    -140.498               2               2
  188         103.999     117.998         104.000     118.000             188             188
   89         262.071    -184.377         262.071    -184.377              89              89
   45        -325.569     745.645        -325.558     745.654              45              45
  179         -79.074    -419.233         -79.079    -419.222             179             179
  230         118.416    -794.627         118.406    -794.625             230             230
  190        -227.162    -427.296        -227.168    -427.295             190             190
  229         -13.808     338.588         -13.807     338.587             229             229
  255         460.952     256.781         460.953     256.779             255             255
  155         503.428    -435.661         503.421    -435.667             155             155
   27         533.601     394.815         533.612     394.807              27              27
   71           4.011     215.299           4.020     215.303              71              71
   85         426.820     642.521         426.836     642.525              85              85
  238          44.018    -629.586          44.017    -629.575             238             238
   68        -452.327    -343.462        -452.326    -343.448              68              68
  252        -553.568    -757.948        -553.581    -757.937             252             252
  252        -364.051    -152.033        -364.057    -152.031             252             252
  216         402.000       0.012         402.000       0.000             216             216
  155        -364.065     152.027        -364.058     152.030             155             155
   69        -553.596     757.923        -553.581     757.936              69              69
  174        -452.324     343.429        -452.326     343.447             174             174
   68          44.014     629.561          44.016     629.575              68              68
   57         426.861    -642.528         426.838    -642.524              57              57
   83           4.033    -215.309           4.020    -215.304              83              83
   18         533.630    -394.794         533.613    -394.806              18              18
   60         503.411     435.677         503.421     435.667              60              60
  110         460.955    -256.773         460.953    -256.778             110             110
   94         -13.804    -338.586         -13.806    -338.588              94              94
   76        -227.182     427.292        -227.169     427.295              76              76
  120         118.384     794.620         118.405     794.625             120             120
  196         -79.093     419.198         -79.080     419.222             196             196
  180        -325.530    -745.679        -325.557    -745.655             180             180
   21         262.072     184.378         262.071     184.378              21              21
  140         104.002    -118.007         104.000    -118.000             140             140
  174        -740.348     140.460        -740.351     140.497             174             174
   77         213.913    -311.672         213.887    -311.665              77              77
   99          51.586    -164.479          51.570    -164.470              99              99
  248         125.416    -355.446         125.393    -355.442             248             248
  184          27.484    -257.644          27.464    -257.642             184             184
  218        -160.075     159.320        -160.086     159.329             218             218
   95         358.333     416.438         358.328     416.445              95              95
  245         220.625    -820.342         220.579    -820.333             245             245
   54          93.469    -191.649          93.439    -191.645              54              54
  218        1190.382    -584.983        1190.352    -585.020             218             218
  193        -795.921    -564.104        -795.951    -564.079             193             193
   62         160.218     -64.479         160.185     -64.492              62              62
  227        -231.369     240.946        -231.402     240.962             227             227
  241         316.880   -1051.693         316.773   -1051.708             241             241
  215         356.172     123.944         356.061     123.914             215             215
