SINAL     NFT                         FFT                         NFT INVERSA     FFT INVERSA
-----     -----------------------     -----------------------     -----------     -----------
   22        8868.000       0.000        8868.000       0.000              22              22
  198        -271.672    -362.021        -271.671    -362.021             198             198
   16          -6.759    -420.711          -6.758    -420.711              16              16
  134        -354.069    -259.044        -354.068    -259.043             134             134
  168        -254.868    -123.990        -254.866    -123.990             168             168
  226        -162.125     502.455        -162.122     502.456             226             226
  209        -507.955    -116.557        -507.954    -116.555             209             209
  146        -156.768      49.555        -156.767      49.556             146             146
  113        -526.802    -250.083        -526.804    -250.080             113             113
  214         456.436    -302.771         456.434    -302.775             214             214
  179         -42.912     310.588         -42.910     310.587             179             179
  155         448.493     599.622         448.497     599.620             155             155
  207         954.090     -37.278         954.094     -37.284             207             207
  135        -524.789     494.478        -524.780     494.483             135             135
   86         -73.391     279.023         -73.386     279.028              86              86
  155          22.168    -180.496          22.170    -180.492             155             155
   84        -369.999    -444.006        -370.000    -444.000              84              84
  237        -435.433      -1.024        -435.432      -1.018             237             237
  145          67.953    -345.977          67.951    -345.976             145             145
   23        -429.153     277.058        -429.148     277.065              23              23
  118        -397.073    -169.961        -397.075    -169.951             118             118
  137        -263.838    -454.024        -263.845    -454.017             137             137
  239          34.014    -462.576          34.007    -462.574             239             239
  217         213.712    -777.344         213.704    -777.348             217             217
    2        -685.188    -522.085        -685.196    -522.080               2               2
  180         246.399     224.426         246.400     224.418             180             180
  141         287.555    -299.241         287.555    -299.246             141             141
  139        -863.264    -204.918        -863.268    -204.905             139             139
  247         449.864    -760.641         449.848    -760.655             247             247
   91           1.854     216.167           1.861     216.157              91              91
  166         201.488     128.763         201.497     128.754             166             166
   27        -535.975     109.225        -535.967     109.232              27              27
  185        -504.000      -0.008        -504.000       0.000             185             185
  160        -535.959    -109.240        -535.967    -109.232             160             160
  151         201.506    -128.744         201.496    -128.754             151             151
  152           1.869    -216.146           1.861    -216.157             152             152
  211         449.825     760.675         449.847     760.656             211             211
  241        -863.273     204.885        -863.268     204.904             241             241
  110         287.553     299.255         287.554     299.247             110             110
  164         246.402    -224.406         246.401    -224.418             164             164
   39        -685.210     522.072        -685.196     522.080              39              39
   94         213.687     777.355         213.703     777.348              94              94
  140          33.991     462.570          34.006     462.574             140             140
  166        -263.862     454.000        -263.846     454.016             166             166
  198        -397.079     169.928        -397.075     169.951             198             198
   29        -429.133    -277.083        -429.147    -277.065              29              29
  170          67.946     345.975          67.951     345.976             170             170
  130        -435.428       0.999        -435.432       1.017             130             130
  128        -370.002     443.981        -370.000     444.000             128             128
  178          22.177     180.477          22.170     180.492             178             178
  123         -73.367    -279.045         -73.386    -279.028             123             123
  178        -524.742    -494.507        -524.779    -494.484             178             178
   68         954.112      37.313         954.094      37.285              68              68
  237         448.519    -599.606         448.498    -599.619             237             237
    9         -42.898    -310.578         -42.910    -310.587               9               9
   32         456.420     302.800         456.433     302.776              32              32
   77        -526.816     250.059        -526.804     250.080              77              77
  186        -156.758     -49.565        -156.767     -49.556             186             186
  175        -507.946     116.530        -507.954     116.554             175             175
  222        -162.081    -502.461        -162.121    -502.456             222             222
   39        -254.846     123.989        -254.867     123.989              39              39
   22        -354.039     259.034        -354.068     259.043              22              22
  217          -6.716     420.708          -6.758     420.711             217             217
   81        -271.569     361.997        -271.671     362.021              81              81
