SINAL     NFT                         FFT                         NFT INVERSA     FFT INVERSA
-----     -----------------------     -----------------------     -----------     -----------
  128        8341.000       0.000        8341.000       0.000             128             128
  142         309.829    -436.518         309.830    -436.517             142             142
  220        -396.981    -852.318        -396.980    -852.317             220             220
  187          29.276    -555.870          29.277    -555.870             187             187
  216         197.548     185.138         197.549     185.139             216             216
  207         430.891   -1253.451         430.890   -1253.452             207             207
  249         282.168    -257.357         282.170    -257.359             249             249
   85        -708.815    -466.914        -708.815    -466.913              85              85
   90         278.557     261.006         278.560     261.004              90              90
    8        -637.934    -168.878        -637.934    -168.875               8               8
  224         501.609     145.570         501.608     145.566             224             224
  254         779.359     501.991         779.365     501.985             254             254
  138         191.140     108.246         191.145     108.246             138             138
  196          48.572      10.956          48.576      10.957             196             196
  229          32.213    -145.346          32.216    -145.346             229             229
  212         100.069    -433.674         100.069    -433.678             212             212
   65        -352.011     661.000        -352.000     661.000              65              65
  235        -205.013     904.323        -205.001     904.328             235             235
  136        -202.647     -70.972        -202.647     -70.964             136             136
   69         319.950      95.982         319.953      95.982              69              69
   79        -409.754    -321.592        -409.755    -321.585              79              79
   12        -459.810     -61.221        -459.814     -61.217              12              12
  167        1073.321     394.854        1073.328     394.838             167             167
  113        -474.710     749.970        -474.693     749.981             113             113
  190         107.439    -121.000         107.440    -120.996             190             190
    8        -172.668     384.008        -172.657     384.015               8               8
  190        -403.165     314.953        -403.157     314.970             190             190
  117        -424.027   -1006.671        -424.045   -1006.660             117             117
   25        -254.938     131.307        -254.940     131.308              25              25
  179         150.287     721.276         150.297     721.277             179             179
  202          41.463     -14.885          41.462     -14.877             202             202
  117        -221.292     -80.323        -221.298     -80.312             117             117
  199         751.000       0.010         751.000       0.000             199             199
   86        -221.304      80.300        -221.298      80.312              86              86
   66          41.460      14.868          41.462      14.877              66              66
   35         150.310    -721.277         150.298    -721.276              35              35
    6        -254.942    -131.309        -254.939    -131.308               6               6
   21        -424.072    1006.642        -424.047    1006.659              21              21
  179        -403.145    -314.996        -403.157    -314.971             179             179
  133        -172.639    -384.027        -172.656    -384.015             133             133
  241         107.442     120.990         107.440     120.996             241             241
  252        -474.662    -750.001        -474.692    -749.981             252             252
   12        1073.342    -394.805        1073.329    -394.837              12              12
  195        -459.822      61.207        -459.813      61.216             195             195
  212        -409.758     321.569        -409.756     321.584             212             212
   11         319.962     -95.980         319.954     -95.981              11              11
  250        -202.647      70.946        -202.647      70.964             250             250
  118        -204.968    -904.342        -205.000    -904.328             118             118
  146        -351.968    -661.000        -352.000    -661.000             146             146
   22         100.070     433.690         100.069     433.678              22              22
  114          32.223     145.345          32.215     145.346             114             114
  144          48.591     -10.960          48.576     -10.957             144             144
  222         191.167    -108.245         191.145    -108.246             222             222
  150         779.392    -501.957         779.365    -501.984             150             150
    8         501.608    -145.538         501.609    -145.565               8               8
  182        -637.938     168.859        -637.934     168.875             182             182
   86         278.579    -260.983         278.560    -261.004              86              86
   36        -708.815     466.898        -708.815     466.913              36              36
  167         282.190     257.380         282.169     257.360             167             167
   58         430.863    1253.463         430.888    1253.452              58              58
   54         197.577    -185.143         197.550    -185.139              54              54
    2          29.282     555.868          29.276     555.869               2               2
   36        -396.959     852.282        -396.981     852.316              36              36
  209         309.926     436.497         309.829     436.517             209             209
