SINAL     NFT                         FFT                         NFT INVERSA     FFT INVERSA
-----     -----------------------     -----------------------     -----------     -----------
  150        8724.000       0.000        8724.000       0.000             150             150
  120        -272.209    -173.354        -272.207    -173.354             120             120
  113          46.516      35.801          46.518      35.801             113             113
  150         -62.812     462.891         -62.809     462.892             150             150
  160        -643.583     -94.319        -643.583     -94.316             160             160
   98         800.079    -474.845         800.078    -474.847              98              98
    1         189.004    -109.543         189.005    -109.544               1               1
  110        -294.811     -45.454        -294.810     -45.453             110             110
  229         624.476     320.778         624.479     320.775             229             229
  218         645.668    -297.021         645.670    -297.023             218             218
   66        -226.769    -342.682        -226.766    -342.681              66              66
   71        -726.601      71.107        -726.598      71.110              71              71
   66        -481.646     292.335        -481.645     292.337              66              66
  245         455.954     427.053         455.955     427.050             245             245
  189         441.857     166.371         441.859     166.368             189             189
  220         303.000     527.199         303.007     527.198             220             220
  249         384.992     394.999         385.000     395.000             249             249
   24         274.485    -480.459         274.486    -480.457              24              24
   22        -592.771     -79.795        -592.769     -79.787              22              22
  110         122.852     425.242         122.858     425.243             110             110
  226         -52.859    -105.886         -52.858    -105.881             226             226
   51        -284.463    -311.094        -284.465    -311.088              51              51
  178        -265.697    -125.704        -265.702    -125.700             178             178
  213         730.406      72.978         730.407      72.967             213             213
  210          71.511     370.776          71.521     370.775             210             210
   88         419.253     577.151         419.270     577.150              88              88
  201       -1212.379    -155.719       -1212.379    -155.691             201             201
   73         293.316    -400.866         293.305    -400.869              73              73
  214          10.076     459.463          10.085     459.466             214             214
   80         118.831      52.550         118.833      52.556              80              80
  167         308.238    -569.476         308.233    -569.480             167             167
  172        -523.002     750.884        -522.982     750.897             172             172
   25        -326.000      -0.018        -326.000       0.000              25              25
  170        -522.959    -750.912        -522.981    -750.898             170             170
  137         308.226     569.485         308.232     569.481             137             137
   71         118.835     -52.563         118.833     -52.556              71              71
  191          10.096    -459.468          10.085    -459.465             191             191
   99         293.290     400.873         293.304     400.869              99              99
  235       -1212.379     155.648       -1212.379     155.690             235             235
  204         419.298    -577.148         419.271    -577.150             204             204
  168          71.538    -370.774          71.521    -370.775             168             168
  251         730.409     -72.945         730.407     -72.966             251             251
   77        -265.710     125.693        -265.702     125.700              77              77
  229        -284.471     311.074        -284.466     311.087             229             229
   14         -52.854     105.868         -52.858     105.881              14              14
  159         122.874    -425.246         122.859    -425.243             159             159
    8        -592.761      79.768        -592.768      79.787               8               8
   78         274.488     480.454         274.486     480.458              78              78
   90         385.023    -395.004         385.000    -395.000              90              90
   55         303.031    -527.194         303.007    -527.198              55              55
  216         441.868    -166.356         441.860    -166.367             216             216
  159         455.962    -427.035         455.956    -427.049             159             159
   28        -481.642    -292.349        -481.645    -292.338              28              28
  229        -726.584     -71.128        -726.598     -71.111             229             229
   79        -226.752     342.676        -226.767     342.681              79              79
  255         645.682     297.040         645.670     297.024             255             255
  199         624.497    -320.757         624.479    -320.775             199             199
   82        -294.803      45.444        -294.810      45.453              82              82
  134         189.022     109.552         189.005     109.545             134             134
  147         800.068     474.871         800.077     474.848             147             147
   73        -643.573      94.275        -643.583      94.316              73              73
   96         -62.754    -462.903         -62.808    -462.892              96              96
   84          46.572     -35.799          46.518     -35.801              84              84
  198        -272.102     173.339        -272.207     173.354             198             198
