SINAL     NFT                         FFT                         NFT INVERSA     FFT INVERSA
-----     -----------------------     -----------------------     -----------     -----------
  169        8498.000       0.000        8498.000       0.000             169             169
  205         131.027    -445.381         131.029    -445.380             205             205
  169         186.101    -871.332         186.102    -871.332             169             169
  109          33.669      -1.594          33.671      -1.594             109             109
  160        -169.623       2.459        -169.621       2.460             160             160
  122         389.209     304.030         389.212     304.029             122             122
  239          77.245     -66.506          77.247     -66.506             239             239
   86         181.908     203.334         181.911     203.334              86              86
  206        -580.547    -305.137        -580.546    -305.132             206             206
  163         142.367      47.475         142.368      47.476             163             163
  211         183.193    -500.003         183.191    -500.002             211             211
  201        -103.814     193.981        -103.811     193.983             201             201
  136        -455.166    -311.979        -455.169    -311.972             136             136
  174         449.644    -943.227         449.635    -943.230             174             174
  180         711.509      40.748         711.511      40.741             180             180
  164         140.049    -407.264         140.050    -407.266             164             164
   80        -572.000    -138.005        -572.000    -138.000              80              80
   24         379.937    -246.278         379.933    -246.283              24              24
  232         848.001     -17.758         848.004     -17.770             232             232
   79        -143.985      77.280        -143.979      77.279              79              79
  117         175.085     382.504         175.093     382.500             117             117
  146         224.441     490.104         224.452     490.103             146             146
  154        -298.302     106.062        -298.297     106.070             154             154
  105          37.981     -79.552          37.983     -79.549             105             105
   32        -153.453    -119.135        -153.454    -119.132              32              32
  149         790.419     369.848         790.432     369.837             149             149
  198       -1028.964    -143.615       -1028.958    -143.595             198             198
  113        -431.044     129.768        -431.042     129.776             113             113
  191        -294.308     396.922        -294.303     396.932             191             191
   48        -488.584     120.643        -488.587     120.661              48              48
   92        -102.778    -637.010        -102.800    -637.004              92              92
  130         682.745     301.260         682.744     301.248             130             130
   18         434.000       0.004         434.000       0.000              18              18
  169         682.744    -301.234         682.744    -301.247             169             169
  127        -102.827     636.997        -102.802     637.004             127             127
  238        -488.590    -120.684        -488.587    -120.662             238             238
  213        -294.296    -396.945        -294.303    -396.932             213             213
   75        -431.040    -129.789        -431.042    -129.777              75              75
  131       -1028.949     143.564       -1028.958     143.593             131             131
  208         790.454    -369.820         790.433    -369.836             208             208
   99        -153.454     119.126        -153.454     119.132              99              99
  216          37.985      79.544          37.982      79.549             216             216
   60        -298.285    -106.087        -298.296    -106.071              60              60
  177         224.477    -490.101         224.453    -490.103             177             177
   35         175.111    -382.492         175.093    -382.500              35              35
  242        -143.965     -77.278        -143.979     -77.280             242             242
  207         848.012      17.802         848.005      17.771             207             207
    2         379.919     246.299         379.932     246.284               2               2
   35        -572.001     137.985        -572.000     138.000              35              35
   80         140.052     407.270         140.050     407.266              80              80
  205         711.520     -40.715         711.511     -40.740             205             205
  172         449.597     943.242         449.634     943.230             172             172
   51        -455.182     311.940        -455.169     311.972              51              51
   57        -103.795    -193.997        -103.811    -193.984              57              57
  195         183.183     499.999         183.191     500.002             195             195
    1         142.373     -47.484         142.368     -47.477               1               1
  151        -580.544     305.097        -580.546     305.132             151             151
   36         181.941    -203.342         181.912    -203.335              36              36
  104          77.266      66.497          77.247      66.506             104             104
   35         389.243    -304.022         389.212    -304.029              35              35
  254        -169.597      -2.468        -169.621      -2.460             254             254
  179          33.710       1.598          33.671       1.594             179             179
   15         186.123     871.332         186.101     871.332              15              15
  127         131.121     445.359         131.028     445.380             127             127
