SINAL     NFT                         FFT                         NFT INVERSA     FFT INVERSA
-----     -----------------------     -----------------------     -----------     -----------
  183        6876.000       0.000        6876.000       0.000             183             183
   92         152.532     252.856         152.534     252.856              92              92
   20         -71.239      40.029         -71.238      40.030              20              20
  204         291.789     -38.697         291.790     -38.698             204             204
  156         489.617     234.083         489.619     234.082             156             156
   39        -253.837     453.908        -253.833     453.910              39              39
   39         111.149    -137.552         111.151    -137.551              39              39
  142        -128.214    -557.712        -128.214    -557.711             142             142
   27          27.440     155.645          27.442     155.645              27              27
  102        -154.700    -179.384        -154.700    -179.383             102             102
  127         274.787     193.858         274.789     193.856             127             127
  154        -451.574    -226.054        -451.575    -226.052             154             154
   57         487.790     689.886         487.794     689.882              57              57
  121         388.373     290.007         388.378     290.007             121             121
   80        -664.717     119.261        -664.716     119.269              80              80
  175         238.536      74.417         238.535      74.417             175             175
   66          95.003     -99.000          95.000     -99.000              66              66
    6         746.508     440.580         746.512     440.574               6               6
  180         714.183     274.043         714.189     274.039             180             180
    0         623.934     224.651         623.944     224.649              -0               0
  222        -461.823      90.843        -461.817      90.855             222             222
  167         374.883      -6.003         374.886      -6.000             167             167
   91        -276.382    -650.539        -276.387    -650.530              91              91
   46         250.999    -397.433         250.996    -397.437              46              46
   77        -279.454     589.638        -279.443     589.645              77              77
  183        -133.984    -211.571        -133.988    -211.561             183             183
   63         598.638    -678.413         598.629    -678.421              63              63
   76        -553.653     311.122        -553.646     311.130              76              76
    4         376.400     191.058         376.402     191.055               4               4
   50         448.504    -183.902         448.506    -183.906              50              50
  218         -22.423    -125.688         -22.416    -125.687             218             218
  154        -352.143     538.186        -352.124     538.197             154             154
   90        -938.000      -0.029        -938.000       0.000              90              90
  116        -352.103    -538.209        -352.123    -538.198             116             116
  124         -22.409     125.686         -22.416     125.687             124             124
   26         448.508     183.912         448.506     183.907              26              26
   52         376.404    -191.052         376.402    -191.055              52              52
  213        -553.635    -311.142        -553.645    -311.131             213             213
   36         598.616     678.435         598.628     678.422              36              36
  171        -133.996     211.546        -133.988     211.561             171             171
   54        -279.422    -589.657        -279.442    -589.645              54              54
    9         250.991     397.446         250.996     397.438               9               9
  148        -276.399     650.512        -276.388     650.530             148             148
  105         374.893       5.994         374.887       6.000             105             105
  148        -461.802     -90.883        -461.816     -90.856             148             148
  164         623.967    -224.643         623.944    -224.648             164             164
   49         714.204    -274.028         714.189    -274.038              49              49
  249         746.521    -440.555         746.512    -440.573             249             249
  124          94.990      98.999          95.000      99.000             124             124
  196         238.530     -74.418         238.535     -74.417             196             196
  107        -664.709    -119.302        -664.715    -119.271             107             107
   37         388.398    -290.003         388.378    -290.006              37              37
   54         487.816    -689.864         487.795    -689.882              54              54
  213        -451.582     226.040        -451.575     226.051             213             213
    8         274.803    -193.847         274.789    -193.856               8               8
   41        -154.702     179.377        -154.701     179.383              41              41
   82          27.457    -155.644          27.442    -155.645              82              82
  220        -128.223     557.702        -128.215     557.711             220             220
   58         111.161     137.538         111.150     137.551              58              58
  164        -253.792    -453.932        -253.833    -453.911             164             164
  136         489.657    -234.064         489.620    -234.081             136             136
  112         291.813      38.707         291.790      38.698             112             112
   89         -71.195     -40.038         -71.238     -40.030              89              89
  160         152.634    -252.851         152.534    -252.856             160             160
