SINAL     NFT                         FFT                         NFT INVERSA     FFT INVERSA
-----     -----------------------     -----------------------     -----------     -----------
  229        7380.000       0.000        7380.000       0.000             229             229
  244         718.556    -173.821         718.558    -173.821             244             244
   24          30.872     198.416          30.874     198.416              24              24
  124          16.317     748.727          16.320     748.728             124             124
  174        -542.896    -573.307        -542.896    -573.304             174             174
   31        -399.992     158.541        -399.991     158.543              31              31
  117         120.138    -602.567         120.136    -602.566             117             117
  239         185.932     322.822         185.933     322.822             239             239
   88         873.746    -490.571         873.744    -490.573              88              88
  170         -55.477    -369.020         -55.477    -369.018             170             170
  143         213.445     229.621         213.448     229.621             143             143
  102         342.633    -142.189         342.634    -142.187             102             102
   53        -410.308    -794.686        -410.313    -794.681              53              53
  104         402.935     414.365         402.937     414.362             104             104
  178         378.656    -354.389         378.653    -354.389             178             178
   15         313.613     -76.962         313.614     -76.963              15              15
  144         169.996     165.998         170.000     166.000             144             144
  192        -169.754    -356.437        -169.758    -356.432             192             192
  233         750.933     -70.596         750.930     -70.603             233             233
   60        1277.233     144.144        1277.240     144.135              60              60
  174        -108.684    -574.909        -108.681    -574.902             174             174
   20        -182.537    -446.646        -182.539    -446.643              20              20
   55         540.644    -173.486         540.648    -173.493              55              55
  253        -495.477    -118.389        -495.472    -118.379             253             253
  228        -189.739    -578.575        -189.744    -578.573             228             228
  107        -252.117     522.738        -252.107     522.744             107             107
   23        -582.835    -707.281        -582.848    -707.269              23              23
   37         233.180     189.936         233.179     189.931              37              37
   38         221.891      38.475         221.891      38.476              38              38
   14         224.125    -469.401         224.120    -469.403              14              14
   71        -427.834    -291.393        -427.840    -291.386              71              71
    8          16.820    -283.749          16.808    -283.753               8               8
   93         848.000       0.024         848.000       0.000              93              93
  203          16.794     283.757          16.808     283.753             203             203
  111        -427.847     291.377        -427.840     291.385             111             111
  197         224.111     469.404         224.119     469.402             197             197
   74         221.891     -38.475         221.891     -38.475              74              74
   56         233.177    -189.924         233.179    -189.931              56              56
  197        -582.870     707.251        -582.849     707.268             197             197
   36        -252.089    -522.753        -252.106    -522.744              36              36
  208        -189.754     578.569        -189.744     578.573             208             208
   21        -495.462     118.361        -495.472     118.378              21              21
   19         540.656     173.506         540.648     173.494              19              19
  205        -182.542     446.634        -182.539     446.642             205             205
  107        -108.677     574.888        -108.682     574.903             107             107
    9        1277.259    -144.108        1277.241    -144.133               9               9
  129         750.923      70.619         750.930      70.603             129             129
   77        -169.772     356.417        -169.759     356.432              77              77
   50         170.011    -166.005         170.000    -166.000              50              50
   18         313.618      76.968         313.614      76.963              18              18
  205         378.644     354.392         378.653     354.389             205             205
   43         402.949    -414.353         402.938    -414.362              43              43
   77        -410.337     794.662        -410.314     794.681              77              77
   90         342.639     142.182         342.633     142.188              90              90
  191         213.462    -229.623         213.448    -229.621             191             191
  187         -55.477     369.010         -55.477     369.018             187             187
  202         873.735     490.587         873.744     490.573             202             202
  197         185.943    -322.830         185.933    -322.823             197             197
  206         120.112     602.557         120.135     602.567             206             206
   91        -399.978    -158.578        -399.990    -158.544              91              91
  203        -542.891     573.257        -542.896     573.303             203             203
   74          16.393    -748.751          16.321    -748.729              74              74
   70          30.943    -198.421          30.874    -198.416              70              70
   42         718.652     173.842         718.558     173.823              42              42
