SINAL     NFT                         FFT                         NFT INVERSA     FFT INVERSA
-----     -----------------------     -----------------------     -----------     -----------
  195        8915.000       0.000        8915.000       0.000             195             195
  140        -782.806     362.186        -782.804     362.187             140             140
   28        -474.747     257.248        -474.746     257.249              28              28
  224         172.339     116.646         172.340     116.646             224             224
   20         591.511     -95.845         591.512     -95.846              20              20
   65         460.954     560.215         460.957     560.214              65              65
   40         626.637    -282.984         626.639    -282.985              40              40
   42         450.281    -232.025         450.284    -232.025              42              42
   64        -623.869     -35.502        -623.866     -35.498              64              64
   68        -211.688     213.366        -211.686     213.368              68              68
  113         384.128     136.716         384.130     136.716             113             113
  236           3.502       4.164           3.504       4.166             236             236
  136        -264.456      14.731        -264.456      14.735             136             136
  255         401.135    -431.748         401.132    -431.751             255             255
   47          21.668     336.527          21.673     336.526              47              47
  120           1.539     517.929           1.544     517.931             120             120
   93         478.000    -150.997         478.000    -151.000              93              93
  122        -207.032     714.212        -207.022     714.218             122             122
  133         -74.584     -75.927         -74.585     -75.919             133             133
  205          58.175    -358.269          58.169    -358.266             205             205
  210         423.996      -3.900         423.995      -3.902             210             210
  190         712.286    -286.142         712.285    -286.150             190             190
  217         306.390     347.137         306.402     347.134             217             217
    2        -350.186     778.689        -350.172     778.704               2               2
  193         443.878    -879.501         443.866    -879.498             193             193
  233         226.382    -114.061         226.385    -114.062             233             233
   84         213.259    -176.651         213.264    -176.650              84              84
  163        -362.541    -496.352        -362.542    -496.345             163             163
   84        -579.056     273.503        -579.051     273.516              84              84
  185         340.829    -414.501         340.821    -414.503             185             185
  131          61.220    -147.279          61.223    -147.279             131             131
  106        -417.193    -367.297        -417.195    -367.290             106             106
  164        -495.000      -0.006        -495.000       0.000             164             164
  169        -417.198     367.282        -417.195     367.290             169             169
  143          61.226     147.279          61.223     147.279             143             143
  197         340.811     414.506         340.821     414.503             197             197
  216        -579.044    -273.533        -579.051    -273.516             216             216
  150        -362.544     496.334        -362.542     496.344             150             150
  196         213.272     176.649         213.264     176.650             196             196
   32         226.391     114.062         226.385     114.062              32              32
  214         443.846     879.494         443.865     879.498             214             214
  161        -350.144    -778.730        -350.171    -778.704             161             161
   21         306.424    -347.127         306.402    -347.134              21              21
  137         712.282     286.168         712.284     286.151             137             137
  228         423.991       3.908         423.995       3.902             228             228
  206          58.154     358.257          58.168     358.266             206             206
  233         -74.587      75.898         -74.585      75.918             233             233
  114        -206.992    -714.235        -207.020    -714.218             114             114
  133         478.001     151.008         478.000     151.000             133             133
  255           1.563    -517.938           1.545    -517.931             255             255
   75          21.690    -336.522          21.673    -336.526              75              75
  234         401.120     431.763         401.131     431.751             234             234
  211        -264.452     -14.753        -264.456     -14.736             211             211
   60           3.515      -4.175           3.504      -4.167              60              60
  163         384.141    -136.710         384.131    -136.715             163             163
  206        -211.674    -213.380        -211.685    -213.369             206             206
   71        -623.845      35.474        -623.866      35.498              71              71
   39         450.306     232.037         450.283     232.026              39              39
  125         626.649     282.993         626.638     282.985             125             125
   93         460.995    -560.208         460.957    -560.214              93              93
  112         591.520      95.865         591.512      95.847             112             112
  130         172.357    -116.649         172.340    -116.646             130             130
  117        -474.700    -257.275        -474.746    -257.249             117             117
  166        -782.676    -362.218        -782.804    -362.188             166             166
