SINAL     NFT                         FFT                         NFT INVERSA     FFT INVERSA
-----     -----------------------     -----------------------     -----------     -----------
   84       16579.000       0.000       16579.000       0.000              84              84
  152        -243.233    -369.949        -243.230    -369.949             152             152
  218         101.707     540.921         101.711     540.921             218             218
  141        1411.943      85.434        1411.947      85.433             141             141
   31        -543.075     204.745        -543.070     204.747              31              31
   14          -1.192     675.872          -1.187     675.874              14              14
  244        -244.289    -901.617        -244.288    -901.614             244             244
  223        -135.098    -593.523        -135.097    -593.524             223             223
  149        -425.015     -74.184        -425.014     -74.184             149             149
  147        1715.784     548.588        1715.792     548.577             147             147
  101        -640.671     435.412        -640.661     435.416             101             101
  185         -27.341    -106.304         -27.336    -106.305             185             185
   21        -643.693    1386.430        -643.678    1386.434              21              21
   40        -119.361     951.237        -119.351     951.243              40              40
   96        -373.579     535.007        -373.573     535.020              96              96
  152          50.581    -468.206          50.578    -468.199             152             152
   71        1071.901     268.536        1071.911     268.532              71              71
  210        -717.118      10.165        -717.107      10.183             210             210
  200        -799.843    -979.485        -799.849    -979.467             200             200
    1        -320.182    -822.838        -320.191    -822.831               1               1
  116         -76.775    -476.837         -76.779    -476.835             116             116
   47         122.013     379.128         122.022     379.132              47              47
  100        -436.369    -864.392        -436.377    -864.377             100             100
   50          87.132   -1239.003          87.117   -1239.003              50              50
  185        -217.711    -534.271        -217.715    -534.272             185             185
  222         399.086    -462.816         399.085    -462.828             222             222
   89        -206.452      68.002        -206.440      68.002              89              89
   84        -595.468    -352.507        -595.466    -352.499              84              84
  214        -340.428     -36.333        -340.420     -36.330             214             214
  209       -1069.408    -114.868       -1069.404    -114.850             209             209
   52       -1308.077    -367.738       -1308.093    -367.714              52              52
  145         460.597    -648.066         460.575    -648.083             145             145
  122         -47.016     762.005         -47.000     762.000             122             122
   35        -158.962    -667.799        -158.973    -667.803              35              35
   62       -1192.568    1066.031       -1192.552    1066.048              62              62
   69         182.885    1092.561         182.894    1092.568              69              69
  151         286.949    -359.739         286.933    -359.731             151             151
  152         641.240      16.014         641.243      16.009             152             152
   45        -629.216    -459.920        -629.223    -459.896              45              45
  226        -520.595    -658.399        -520.621    -658.386             226             226
  193         119.364    -182.241         119.346    -182.250             193             193
  223         576.677    -128.611         576.666    -128.634             223             223
  164         605.247     514.721         605.267     514.701             164             164
  204        -433.326     860.405        -433.298     860.429             204             204
  163        -206.444    -761.812        -206.472    -761.794             163             163
  193         544.457     471.050         544.466     471.045             193             193
  155         495.021   -1098.312         495.000   -1098.317             155             155
  216        -714.261    -206.770        -714.262    -206.751             216             216
  247        -183.889    -401.471        -183.911    -401.468             247             247
   46         524.838    -355.620         524.825    -355.646              46              46
  204         -96.821     410.959         -96.804     410.957             204             204
  171          57.068    -146.115          57.067    -146.118             171             171
   95        -340.650     545.997        -340.629     546.017              95              95
  102        -515.801    -709.873        -515.831    -709.845             102             102
  177         -26.169    -794.247         -26.206    -794.257             177             177
  143        -424.058     488.414        -424.053     488.416             143             143
  186        -196.607     413.824        -196.616     413.838             186             186
   47         421.317    -620.295         421.270    -620.306              47              47
  199         712.124     169.990         712.116     169.963             199             199
  177         644.228    -435.485         644.205    -435.508             177             177
   71         992.128    -570.060         992.116    -570.113              71              71
   51        -274.723     664.482        -274.687     664.478              51              51
  189         599.960     193.716         599.976     193.696             189             189
   36        -577.662     -18.983        -577.659     -18.958              36              36
   53         571.000       0.023         571.000       0.000              53              53
    3        -577.657      18.930        -577.660      18.957               3               3
  127         599.993    -193.671         599.976    -193.694             127             127
   76        -274.646    -664.476        -274.686    -664.479              76              76
  148         992.101     570.178         992.115     570.115             148             148
   38         644.178     435.537         644.205     435.510              38              38
  231         712.105    -169.927         712.115    -169.961             231             231
  221         421.210     620.322         421.269     620.307             221             221
  187        -196.627    -413.855        -196.616    -413.837             187             187
  240        -424.046    -488.419        -424.052    -488.417             240             240
  125         -26.258     794.272         -26.207     794.258             125             125
   38        -515.875     709.804        -515.832     709.844              38              38
   99        -340.596    -546.045        -340.628    -546.016              99              99
   18          57.067     146.121          57.068     146.117              18              18
  116         -96.776    -410.954         -96.804    -410.957             116             116
  236         524.803     355.688         524.825     355.647             236             236
   41        -183.946     401.463        -183.911     401.468              41              41
  109        -714.263     206.717        -714.262     206.750             109             109
  138         494.956    1098.327         494.997    1098.318             138             138
  239         544.483    -471.036         544.467    -471.044             239             239
   89        -206.528     761.759        -206.473     761.794              89              89
  101        -433.240    -860.478        -433.296    -860.430             101             101
  229         605.306    -514.656         605.266    -514.699             229             229
  147         576.643     128.683         576.666     128.635             147             147
  220         119.305     182.269         119.345     182.250             220             220
   65        -520.680     658.355        -520.622     658.385              65              65
  136        -629.241     459.838        -629.224     459.896             136             136
  107         641.251     -15.994         641.243     -16.008             107             107
   57         286.890     359.712         286.932     359.732              57              57
   48         182.923   -1092.584         182.897   -1092.567              48              48
  156       -1192.505   -1066.097       -1192.551   -1066.050             156             156
  203        -159.007     667.814        -158.975     667.803             203             203
  230         -46.952    -761.984         -47.000    -762.000             230             230
  249         460.502     648.142         460.574     648.085             249             249
   25       -1308.146     367.633       -1308.093     367.713              25              25
   16       -1069.395     114.780       -1069.405     114.847              16              16
  185        -340.395      36.316        -340.421      36.329             185             185
    4        -595.458     352.467        -595.466     352.499               4               4
  137        -206.393     -68.003        -206.440     -68.001             137             137
  180         399.078     462.876         399.084     462.828             180             180
  111        -217.739     534.274        -217.716     534.272             111             111
   16          87.043    1239.004          87.115    1239.003              16              16
    4        -436.420     864.302        -436.378     864.376               4               4
   93         122.070    -379.153         122.023    -379.132              93              93
   68         -76.805     476.826         -76.780     476.835              68              68
  142        -320.243     822.786        -320.192     822.830             142             142
   50        -799.893     979.352        -799.852     979.466              50              50
   78        -717.036     -10.308        -717.107     -10.186              78              78
  239        1071.981    -268.502        1071.911    -268.532             239             239
  248          50.551     468.142          50.577     468.198             248             248
   48        -373.511    -535.123        -373.571    -535.021              48              48
  238        -119.248    -951.303        -119.348    -951.244             238             238
  157        -643.525   -1386.482        -643.676   -1386.435             157             157
  223         -27.282     106.318         -27.335     106.305             223             223
  119        -640.535    -435.468        -640.661    -435.417             119             119
  114        1715.896    -548.422        1715.793    -548.574             114             114
   36        -424.997      74.184        -425.014      74.184              36              36
   44        -135.084     593.527        -135.097     593.523              44              44
  148        -244.280     901.557        -244.289     901.613             148             148
  154          -1.034    -675.915          -1.186    -675.874             154             154
  245        -542.904    -204.799        -543.070    -204.747             245             245
  183        1412.117     -85.327        1411.947     -85.430             183             183
  227         101.942    -540.906         101.712    -540.921             227             227
   20        -242.834     369.938        -243.231     369.949              20              20
