SINAL     NFT                         FFT                         NFT INVERSA     FFT INVERSA
-----     -----------------------     -----------------------     -----------     -----------
   77       15877.000       0.000       15877.000       0.000              77              77
   79         473.150    -653.292         473.153    -653.292              79              79
   86        -393.245    -512.253        -393.241    -512.252              86              86
  226        -443.142    -247.986        -443.139    -247.986             226             226
  210        -246.857     144.687        -246.854     144.688             210             210
  114         262.696     191.468         262.700     191.467             114             114
  147        -530.550     661.569        -530.545     661.572             147             147
  204         579.514     379.649         579.520     379.650             204             204
   59        -682.648    -783.359        -682.647    -783.351              59              59
   86          -9.139    -992.048          -9.141    -992.047              86              86
    1        -280.256    -338.569        -280.253    -338.567               1               1
  196        -355.854    -296.174        -355.851    -296.173             196             196
  123        -659.573     183.542        -659.567     183.547             123             123
   62        -669.787    -744.805        -669.789    -744.800              62              62
  243       -1211.206     328.186       -1211.203     328.196             243             243
  207        -641.032    -855.279        -641.044    -855.274             207             207
  219         -49.211     348.694         -49.214     348.693             219             219
  197         826.715    -156.736         826.712    -156.744             197             197
   94         203.004    -445.464         203.003    -445.467              94              94
  186        -544.934    -428.121        -544.938    -428.121             186             186
  244         527.701    1169.840         527.717    1169.832             244             244
   55        -438.602    -342.167        -438.604    -342.158              55              55
  194         216.850    -100.575         216.850    -100.580             194             194
  173         -23.833     377.851         -23.824     377.852             173             173
  224        -279.624     -62.374        -279.623     -62.367             224             224
  108        -366.008     133.011        -366.007     133.018             108             108
   16           5.051    -144.613           5.046    -144.610              16              16
   78         214.487    -705.982         214.474    -705.988              78              78
  186         270.253     349.893         270.262     349.882             186             186
   52        -352.700    -370.144        -352.704    -370.145              52              52
  246        -251.741     733.433        -251.727     733.428             246             246
  102        -509.687     971.430        -509.676     971.438             102             102
  244         771.980    1225.004         772.000    1225.000             244             244
  123         -81.972    -188.756         -81.976    -188.737             123             123
   18         298.948    -575.098         298.934    -575.100              18              18
  184         260.527     576.246         260.541     576.242             184             184
  192         391.487     455.042         391.504     455.046             192             192
  106        -753.000    -131.880        -753.001    -131.845             106             106
  184         123.379    -684.166         123.355    -684.158             184             184
  144         699.629    -653.597         699.615    -653.616             144             144
   81         314.102     772.851         314.136     772.847              81              81
  101        -855.002    -280.182        -854.999    -280.145             101             101
    2        -970.422    -536.667        -970.448    -536.634               2               2
  203         789.622      80.665         789.615      80.651             203             203
  109        -604.687    -351.316        -604.703    -351.287             109             109
  180         153.253   -1049.381         153.205   -1049.384             180             180
    5        1226.026     279.475        1226.029     279.442               5               5
   91         182.808   -1113.066         182.782   -1113.066              91              91
   79         809.228    -907.268         809.214    -907.307              79              79
   55        -695.226    -568.490        -695.229    -568.497              55              55
  200        -586.507    1175.530        -586.479    1175.532             200             200
  196        1102.260    -195.222        1102.254    -195.260             196             196
   71        -722.122     572.600        -722.098     572.620              71              71
  210         471.046    -215.153         471.035    -215.171             210             210
  160          86.983     608.701          87.007     608.694             160             160
   63         252.364     503.787         252.388     503.789              63              63
  220        -419.870      55.832        -419.866      55.863             220             220
   18         419.025    -316.322         419.013    -316.325              18              18
  210        -250.927    -422.504        -250.941    -422.495             210             210
   41         344.739     556.289         344.757     556.287              41              41
  173         643.772   -1303.934         643.738   -1303.957             173             173
  122        -570.042      58.915        -570.023      58.918             122             122
   39        -421.403     421.802        -421.386     421.812              39              39
  225        -169.814     191.684        -169.812     191.694             225             225
   91         219.000       0.003         219.000       0.000              91              91
    3        -169.809    -191.705        -169.811    -191.694               3               3
   13        -421.366    -421.823        -421.385    -421.812              13              13
   25        -570.001     -58.922        -570.022     -58.919              25              25
  150         643.696    1303.984         643.736    1303.958             150             150
  166         344.781    -556.282         344.759    -556.286             166             166
  119        -250.960     422.484        -250.942     422.495             119             119
  209         418.998     316.331         419.013     316.326             209             209
  180        -419.862     -55.903        -419.866     -55.863             180             180
   89         252.422    -503.789         252.389    -503.787              89              89
   40          87.042    -608.684          87.008    -608.693              40              40
  174         471.018     215.200         471.034     215.173             174             174
  126        -722.063    -572.652        -722.098    -572.621             126             126
  170        1102.244     195.323        1102.253     195.264             170             170
   90        -586.433   -1175.537        -586.477   -1175.533              90              90
    3        -695.237     568.508        -695.231     568.496               3               3
  186         809.190     907.373         809.213     907.307             186             186
  110         182.732    1113.068         182.780    1113.067             110             110
   84        1226.036    -279.380        1226.030    -279.440              84              84
  206         153.113    1049.390         153.203    1049.385             206             206
   16        -604.733     351.228        -604.703     351.285              16              16
   59         789.601     -80.620         789.615     -80.650              59              59
  185        -970.503     536.565        -970.449     536.633             185             185
   49        -854.995     280.065        -855.000     280.143              49              49
  211         314.212    -772.837         314.137    -772.847             211             211
  171         699.579     653.661         699.613     653.617             171             171
  104         123.296     684.139         123.353     684.159             104             104
   74        -753.004     131.756        -753.001     131.843              74              74
  174         391.551    -455.057         391.505    -455.046             174             174
    8         260.580    -576.233         260.541    -576.242               8               8
   75         298.894     575.105         298.933     575.101              75              75
  236         -81.988     188.682         -81.976     188.737             236             236
   95         772.061   -1224.989         772.000   -1225.000              95              95
   24        -509.637    -971.467        -509.674    -971.439              24              24
  139        -251.683    -733.413        -251.727    -733.429             139             139
  194        -352.718     370.147        -352.704     370.145             194             194
   79         270.296    -349.845         270.262    -349.882              79              79
  117         214.422     706.015         214.472     705.989             117             117
  226           5.023     144.598           5.045     144.610             226             226
   97        -366.004    -133.051        -366.007    -133.019              97              97
  129        -279.618      62.341        -279.623      62.367             129             129
  215         -23.785    -377.853         -23.824    -377.852             215             215
  190         216.844     100.603         216.849     100.580             190             190
   69        -438.619     342.111        -438.605     342.157              69              69
   50         527.804   -1169.785         527.718   -1169.831              50              50
  121        -544.965     428.118        -544.939     428.120             121             121
   20         202.993     445.489         203.002     445.468              20              20
  106         826.688     156.798         826.711     156.746             106             106
   73         -49.232    -348.683         -49.214    -348.693              73              73
  102        -641.144     855.231        -641.046     855.273             102             102
  166       -1211.178    -328.288       -1211.203    -328.198             166             166
  214        -669.815     744.749        -669.790     744.798             214             214
   46        -659.510    -183.605        -659.567    -183.547              46              46
   87        -355.821     296.153        -355.851     296.172              87              87
  100        -280.224     338.553        -280.253     338.567             100             100
   79          -9.168     992.032          -9.142     992.047              79              79
  227        -682.640     783.237        -682.648     783.351             227             227
  117         579.619    -379.669         579.520    -379.650             117             117
  142        -530.425    -661.640        -530.544    -661.573             142             142
  248         262.800    -191.448         262.700    -191.467             248             248
   66        -246.750    -144.702        -246.854    -144.688              66              66
   75        -443.018     247.957        -443.140     247.985              75              75
  100        -393.048     512.211        -393.242     512.252             100             100
   25         473.536     653.289         473.152     653.292              25              25
