SINAL     NFT                         FFT                         NFT INVERSA     FFT INVERSA
-----     -----------------------     -----------------------     -----------     -----------
  143       17559.000       0.000       17559.000       0.000             143             143
  183        -536.366      94.922        -536.362      94.923             183             183
  148        -722.556    -379.748        -722.554    -379.747             148             148
  136        1198.635     260.048        1198.638     260.047             136             136
  184         727.916     -44.057         727.921     -44.057             184             184
  169          90.206    -909.556          90.209    -909.556             169             169
   50         304.891    -120.701         304.896    -120.703              50              50
  108          52.976     381.332          52.984     381.332             108             108
  225       -1288.845    -489.316       -1288.843    -489.310             225             225
  252         579.482     769.649         579.490     769.647             252             252
  196       -1214.185     570.346       -1214.176     570.357             196             196
  141       -1100.707     247.343       -1100.705     247.357             141             141
   71        -382.196    -941.111        -382.208    -941.103              71              71
    2         942.412    -573.828         942.404    -573.834               2               2
  101         747.572     265.657         747.575     265.654             101             101
    5        1200.719    -481.047        1200.721    -481.051               5               5
    8        -304.612   -1551.756        -304.619   -1551.752               8               8
  252        -217.918    -164.567        -217.917    -164.568             252             252
  147         509.016    -889.796         509.011    -889.807             147             147
   33        -579.294     344.536        -579.285     344.536              33              33
  105         520.209     462.787         520.220     462.780             105             105
  230        -833.984    -506.791        -833.986    -506.781             230             230
   54         271.287     265.585         271.292     265.577              54              54
   13        -526.679     728.458        -526.669     728.466              13              13
  110         598.837    -228.266         598.834    -228.272             110             110
  253        -246.317     557.052        -246.306     557.058             253             253
  197         554.959      -7.814         554.962      -7.818             197             197
  134        -119.407     366.549        -119.394     366.556             134             134
   98        -832.284     -34.797        -832.287     -34.775              98              98
  239         380.878    -154.650         380.863    -154.651             239             239
  107        1782.656     206.518        1782.663     206.492             107             107
   93         235.067    -292.050         235.078    -292.046              93              93
  174         306.988    -312.000         307.000    -312.000             174             174
  210        -827.178    -950.206        -827.182    -950.193             210             210
  193       -1444.450     946.300       -1444.436     946.330             193             193
  124         739.508    -206.170         739.491    -206.176             124             124
  208         923.056    -564.103         923.047    -564.121             208             208
  216         459.142     111.309         459.162     111.300             216             216
   85        -787.909    -179.600        -787.903    -179.574              85              85
  189         365.310    -709.196         365.301    -709.204             189             189
  228        -753.858    -433.356        -753.859    -433.347             228             228
    7        -428.096     600.971        -428.079     600.975               7               7
  204        -556.634     493.372        -556.625     493.394             204             204
  236        -155.039    -404.563        -155.061    -404.552             236             236
  251         660.986      29.428         660.983      29.409             251             251
  115           3.358     679.635           3.382     679.648             115             115
   43        -190.264    -913.364        -190.288    -913.345              43              43
   37        -573.136    -705.871        -573.166    -705.859              37              37
  116         614.625     208.272         614.620     208.249             116             116
   33         625.627    -904.017         625.601    -904.048              33              33
  142          62.579     609.094          62.603     609.075             142             142
  218         419.510     293.961         419.525     293.938             218             218
  163         191.229    1124.192         191.278    1124.191             163             163
  150        -127.374      16.984        -127.364      17.006             150             150
   39        -260.161    -207.652        -260.168    -207.634              39              39
  150         636.526    -115.096         636.527    -115.118             150             150
  221         143.835     377.620         143.868     377.617             221             221
   50        -581.764     351.740        -581.738     351.773              50              50
  244         -16.338    -123.985         -16.334    -123.973             244             244
  252        -763.470      76.554        -763.464      76.591             252             252
  108        -280.944       5.239        -280.954       5.259             108             108
   17         260.638     273.204         260.644     273.211              17              17
   10        -208.486    -786.673        -208.518    -786.653              10              10
  115         -29.325    -300.904         -29.343    -300.908             115             115
  126         303.000       0.021         303.000       0.000             126             126
  114         -29.362     300.913         -29.343     300.909             114             114
  156        -208.554     786.631        -208.519     786.652             156             156
   66         260.651    -273.219         260.644    -273.211              66              66
  125        -280.966      -5.283        -280.954      -5.260             125             125
  214        -763.457     -76.636        -763.464     -76.592             214             214
  192         -16.329     123.958         -16.334     123.973             192             192
  212        -581.706    -351.814        -581.737    -351.774             212             212
   96         143.911    -377.611         143.869    -377.616              96              96
  131         636.529     115.150         636.528     115.120             131             131
   56        -260.178     207.610        -260.168     207.634              56              56
  186        -127.349     -17.036        -127.363     -17.005             186             186
  167         191.351   -1124.189         191.280   -1124.190             167             167
   78         419.548    -293.904         419.525    -293.938              78              78
   65          62.643    -609.045          62.604    -609.075              65              65
  153         625.557     904.099         625.599     904.049             153             153
  118         614.610    -208.209         614.619    -208.248             118             118
  217        -573.221     705.837        -573.167     705.858             217             217
  201        -190.333     913.309        -190.290     913.344             201             201
   81           3.430    -679.671           3.384    -679.648              81              81
  210         660.978     -29.371         660.983     -29.408             210             210
  229        -155.107     404.531        -155.062     404.552             229             229
  249        -556.607    -493.440        -556.625    -493.395             249             249
  181        -428.042    -600.985        -428.078    -600.976             181             181
  232        -753.861     433.326        -753.859     433.347             232             232
  234         365.280     709.224         365.300     709.205             234             234
  209        -787.886     179.511        -787.902     179.573             209             209
   70         459.212    -111.277         459.163    -111.299              70              70
   64         923.024     564.168         923.046     564.123              64              64
  237         739.444     206.193         739.490     206.177             237             237
   61       -1444.393    -946.418       -1444.434    -946.333              61              61
   15        -827.195     950.151        -827.184     950.191              15              15
  168         307.035     311.999         307.000     312.000             168             168
   72         235.111     292.033         235.078     292.046              72              72
  208        1782.689    -206.399        1782.665    -206.489             208             208
  254         380.814     154.658         380.863     154.652             254             254
  224        -832.300      34.693        -832.288      34.774             224             224
   72        -119.344    -366.585        -119.394    -366.557              72              72
  196         554.972       7.839         554.962       7.820             196             196
  122        -246.260    -557.083        -246.306    -557.059             122             122
    9         598.819     228.304         598.833     228.273               9               9
   52        -526.617    -728.508        -526.667    -728.467              52              52
   53         271.316    -265.535         271.292    -265.576              53              53
  252        -834.001     506.728        -833.987     506.781             252             252
  158         520.280    -462.742         520.221    -462.779             158             158
   66        -579.233    -344.541        -579.284    -344.538              66              66
  242         508.980     889.873         509.009     889.808             242             242
  133        -217.904     164.571        -217.916     164.567             133             133
  178        -304.674    1551.723        -304.620    1551.751             178             178
   55        1200.734     481.091        1200.720     481.053              55              55
   74         747.602    -265.624         747.575    -265.653              74              74
   84         942.331     573.893         942.403     573.835              84              84
   31        -382.325     941.021        -382.209     941.102              31              31
    6       -1100.690    -247.513       -1100.705    -247.359               6               6
  139       -1214.070    -570.494       -1214.176    -570.358             139             139
   47         579.607    -769.603         579.492    -769.645              47              47
  235       -1288.815     489.207       -1288.844     489.308             235             235
  195          53.128    -381.338          52.985    -381.332             195             195
  168         304.990     120.739         304.895     120.704             168             168
  212          90.252     909.544          90.207     909.556             212             212
   65         728.049      44.070         727.920      44.058              65              65
  120        1198.768    -259.973        1198.638    -260.045             120             120
   83        -722.409     379.662        -722.554     379.746              83              83
  106        -535.894     -95.002        -536.362     -94.924             106             106
