SINAL     NFT                         FFT                         NFT INVERSA     FFT INVERSA
-----     -----------------------     -----------------------     -----------     -----------
   47       15629.000       0.000       15629.000       0.000              47              47
  105        1119.394    -834.755        1119.397    -834.755             105             105
  147        -852.848    -170.656        -852.845    -170.655             147             147
  249         880.654    -563.528         880.656    -563.530             249             249
  211        -129.015     331.586        -129.010     331.585             211             211
  111         190.472     275.981         190.476     275.980             111             111
   25         -12.432     -27.552         -12.428     -27.553              25              25
  235         486.759     682.749         486.765     682.747             235             235
   44         323.569     676.722         323.579     676.723              44              44
   84        -767.132     488.351        -767.122     488.360              84              84
   47        -890.440    -580.292        -890.440    -580.281              47              47
  223          24.912    -835.040          24.909    -835.037             223             223
  249         292.659    -964.025         292.657    -964.028             249             249
  138        -651.004     -47.130        -651.000     -47.125             138             138
  182          14.106    -882.409          14.103    -882.410             182             182
  179        -345.514    -393.759        -345.513    -393.760             179             179
   70        -270.212    -173.135        -270.210    -173.139              70              70
  165        -217.784     426.842        -217.776     426.840             165             165
   86        -556.481     133.458        -556.477     133.460              86              86
  239         -61.579     872.930         -61.569     872.931             239             239
  178         417.947    -156.824         417.949    -156.828             178             178
   77          23.833     497.312          23.847     497.315              77              77
  189        -371.011    -595.794        -371.011    -595.788             189             189
   31        -623.801     247.886        -623.792     247.893              31              31
  151        -931.333     -96.139        -931.334     -96.127             151             151
  191        -200.467     719.200        -200.459     719.207             191             191
  174         259.180   -1121.763         259.165   -1121.766             174             174
  150       -1011.421      99.552       -1011.418      99.560             150             150
   18        -415.999     377.735        -415.999     377.738              18              18
  185        -117.553      84.655        -117.560      84.655             185             185
   99         531.120      39.829         531.116      39.814              99              99
  249         -15.557     425.582         -15.551     425.574             249             249
  122         591.973    1333.012         592.000    1333.000             122             122
   49         175.363     509.889         175.377     509.894              49              49
  186         512.512     695.509         512.534     695.509             186             186
  184        -102.231     248.097        -102.216     248.115             184             184
  170         -92.780    -135.504         -92.777    -135.487             170             170
  127          17.266    -309.733          17.268    -309.722             127             127
   64        -626.123    -406.268        -626.130    -406.248              64              64
  162         271.159      24.593         271.161      24.588             162             162
  187         -30.489      -1.676         -30.480      -1.672             187             187
   42        -118.729     560.594        -118.703     560.607              42              42
  137        -686.380    -503.113        -686.385    -503.083             137             137
   60        -712.657     124.602        -712.654     124.631              60              60
  158        -430.364    -816.795        -430.396    -816.779             158             158
  226         377.887     684.686         377.904     684.682             226             226
  160        -342.299    -697.219        -342.314    -697.195             160             160
  146        -517.987    -559.769        -518.003    -559.754             146             146
  149        -367.797     284.844        -367.790     284.861             149             149
   69        -749.516    -802.489        -749.548    -802.457              69              69
  207        -733.144   -1116.610        -733.202   -1116.603             207             207
   61          73.289    1264.162          73.303    1264.150              61              61
  161         365.501     -42.079         365.478     -42.077             161             161
  114         537.801     -41.853         537.785     -41.854             114             114
  103         612.530   -1123.004         612.486   -1123.017             103             103
  193          97.665    -844.743          97.630    -844.763             193             193
  132         946.230     155.234         946.235     155.177             132             132
   44         361.183    1127.462         361.239    1127.454              44              44
    5        -561.046    -551.292        -561.066    -551.249               5               5
  200         867.260   -1323.855         867.210   -1323.895             200             200
  103         152.094    -111.707         152.100    -111.739             103             103
   12         664.449     515.486         664.488     515.448              12              12
   21        -249.107    -498.265        -249.099    -498.269              21              21
   11        -148.610    1089.074        -148.536    1089.073              11              11
   53       -2169.000      -0.108       -2169.000       0.000              53              53
  253        -148.456   -1089.074        -148.534   -1089.074             253             253
   23        -249.092     498.274        -249.100     498.270              23              23
  148         664.533    -515.405         664.489    -515.447             148             148
   21         152.107     111.776         152.100     111.740              21              21
   62         867.146    1323.944         867.207    1323.896              62              62
    5        -561.091     551.198        -561.067     551.250               5               5
  147         361.310   -1127.443         361.241   -1127.453             147             147
   73         946.242    -155.102         946.235    -155.176              73              73
   75          97.580     844.790          97.628     844.763              75              75
   85         612.423    1123.038         612.484    1123.020              85              85
  105         537.762      41.858         537.785      41.855             105             105
   99         365.443      42.076         365.477      42.078              99              99
  122          73.325   -1264.132          73.304   -1264.150             122             122
   36        -733.294    1116.592        -733.204    1116.603              36              36
  137        -749.602     802.404        -749.550     802.455             137             137
  113        -367.779    -284.890        -367.790    -284.861             113             113
   44        -518.033     559.725        -518.004     559.753              44              44
  139        -342.342     697.151        -342.315     697.195             139             139
  181         377.939    -684.674         377.906    -684.681             181             181
   44        -430.458     816.747        -430.397     816.778              44              44
  255        -712.649    -124.691        -712.654    -124.633             255             255
    0        -686.396     503.019        -686.386     503.082              -0               0
  202        -118.647    -560.636        -118.702    -560.608             202             202
   34         -30.462       1.665         -30.481       1.672              34              34
  154         271.167     -24.577         271.161     -24.588             154             154
  128        -626.145     406.200        -626.130     406.247             128             128
  149          17.270     309.696          17.267     309.722             149             149
   80         -92.767     135.443         -92.777     135.487              80              80
  202        -102.175    -248.165        -102.216    -248.116             202             202
  182         512.596    -695.510         512.536    -695.508             182             182
  178         175.418    -509.908         175.379    -509.894             178             178
  225         592.081   -1332.963         592.000   -1333.000             225             225
   66         -15.532    -425.547         -15.551    -425.574              66              66
  175         531.101     -39.760         531.116     -39.813             175             175
   60        -117.586     -84.654        -117.560     -84.655              60              60
   80        -416.000    -377.750        -415.999    -377.739              80              80
    7       -1011.406     -99.597       -1011.418     -99.562               7               7
   56         259.100    1121.780         259.163    1121.767              56              56
  182        -200.424    -719.236        -200.458    -719.207             182             182
    0        -931.339      96.069        -931.334      96.126               0               0
  251        -623.746    -247.928        -623.791    -247.895             251             251
   28        -371.013     595.756        -371.012     595.788              28              28
  200          23.922    -497.325          23.848    -497.314             200             200
  153         417.956     156.848         417.948     156.828             153             153
  208         -61.507    -872.933         -61.567    -872.930             208             208
   40        -556.455    -133.478        -556.477    -133.461              40              40
  207        -217.719    -426.823        -217.775    -426.839             207             207
   95        -270.197     173.162        -270.210     173.139              95              95
   50        -345.508     393.770        -345.513     393.760              50              50
   21          14.067     882.422          14.101     882.411              21              21
  112        -650.959      47.082        -650.999      47.124             112             112
   53         292.631     964.054         292.655     964.028              53              53
   19          24.866     835.006          24.908     835.038              19              19
   33        -890.445     580.147        -890.441     580.279              33              33
  232        -766.992    -488.483        -767.121    -488.361             232             232
  176         323.737    -676.727         323.580    -676.722             176             176
  247         486.900    -682.705         486.768    -682.746             247             247
   61         -12.351      27.561         -12.428      27.552              61              61
  200         190.593    -275.960         190.477    -275.979             200             200
  212        -128.858    -331.570        -129.010    -331.586             212             212
   29         880.748     563.622         880.656     563.532              29              29
  225        -852.637     170.588        -852.845     170.654             225             225
  104        1119.766     834.825        1119.396     834.758             104             104
