SINAL     NFT                         FFT                         NFT INVERSA     FFT INVERSA
-----     -----------------------     -----------------------     -----------     -----------
   18       15825.000       0.000       15825.000       0.000              18              18
   67         385.338     285.427         385.342     285.427              67              67
   93        -846.467   -1219.352        -846.465   -1219.351              93              93
  163         -37.820   -1003.528         -37.818   -1003.529             163             163
  165        -333.911     151.477        -333.907     151.477             165             165
  135        -217.624     393.715        -217.620     393.716             135             135
    5         -85.648    -760.877         -85.647    -760.877               5               5
  143         -78.249      31.177         -78.246      31.176             143             143
  210        -612.324     442.307        -612.321     442.310             210             210
  227         457.748   -1004.298         457.743   -1004.303             227             227
  173         620.561    1157.175         620.572    1157.168             173             173
  238        -255.216     415.318        -255.209     415.320             238             238
   22          78.654     -38.240          78.657     -38.241              22              22
   73         249.915     230.033         249.921     230.029              73              73
  199        -126.828     917.877        -126.815     917.879             199             199
  242        -238.151     543.195        -238.141     543.205             242             242
  219        -270.336   -1040.730        -270.341   -1040.724             219             219
   84        -819.421     -42.995        -819.420     -42.987              84              84
    0         538.114     -29.344         538.115     -29.349               0               0
  222          25.805    -746.787          25.803    -746.788             222             222
  178         -65.842    -213.295         -65.834    -213.299             178             178
  216       -1591.433    -710.148       -1591.436    -710.138             216             216
  135        -755.646    1287.945        -755.631    1287.945             135             135
   83        -975.647    1076.880        -975.640    1076.895              83              83
  214         391.939     199.989         391.933     199.988             214             214
   10         123.380     -12.916         123.376     -12.914              10              10
  246         174.245     260.543         174.247     260.544             246             246
  195         262.828    -454.417         262.820    -454.419             195             195
  221         335.579      42.146         335.581      42.138             221             221
   22         417.693    -493.152         417.692    -493.166              22              22
   29       -1044.397     740.230       -1044.382     740.240              29              29
   73         614.030     615.119         614.037     615.108              73              73
  147        -234.010     600.988        -234.000     601.000             147             147
  227         593.770     -93.076         593.764     -93.079             227             227
    8         986.143    -491.920         986.140    -491.940               8               8
  220        -459.807    -181.622        -459.803    -181.618             220             220
   14         774.791     747.557         774.815     747.538              14              14
   63          76.762      -1.187          76.778      -1.181              63              63
   49        -503.555    -463.236        -503.555    -463.227              49              49
  131         -17.883     755.151         -17.860     755.153             131             131
   32         493.113    -692.667         493.112    -692.679              32              32
   88       -1491.200     569.442       -1491.177     569.477              88              88
  237         -13.298    -284.921         -13.312    -284.923             237             237
  114         156.887     746.133         156.910     746.129             114             114
   38        -461.374    -413.541        -461.383    -413.529              38              38
  255        -207.270     546.416        -207.260     546.416             255             255
   99         680.835     390.519         680.850     390.497              99              99
    7        -213.137    1183.600        -213.093    1183.617               7               7
  161          56.334       1.255          56.342       1.277             161             161
  177         -85.331    -678.213         -85.341    -678.201             177             177
  223        -479.222      -3.159        -479.214      -3.145             223             223
   23        -280.555     119.565        -280.549     119.575              23              23
  126        -155.019     -97.961        -155.018     -97.959             126             126
   72        -874.898     792.208        -874.881     792.239              72              72
   68        1297.760     399.273        1297.775     399.243              68              68
   30        -470.676     326.168        -470.643     326.208              30              30
   94        -660.693   -1066.392        -660.724   -1066.358              94              94
  108        -666.552     177.896        -666.553     177.914             108             108
  239         317.347     637.893         317.364     637.891             239             239
  105         302.401     301.749         302.423     301.769             105             105
   26        -508.870   -1410.647        -508.910   -1410.612              26              26
   27        -865.363    -252.884        -865.379    -252.857              27              27
  243         743.972    -404.767         743.958    -404.806             243             243
   20        -732.573     330.573        -732.548     330.594              20              20
  234        -361.000      -0.017        -361.000       0.000             234             234
   64        -732.521    -330.619        -732.547    -330.596              64              64
    1         743.941     404.850         743.957     404.807               1               1
  115        -865.398     252.826        -865.380     252.855             115             115
   85        -508.958    1410.572        -508.912    1410.612              85              85
   52         302.450    -301.791         302.424    -301.768              52              52
  105         317.384    -637.889         317.364    -637.891             105             105
  249        -666.554    -177.939        -666.552    -177.916             249             249
   45        -660.765    1066.312        -660.725    1066.357              45              45
   89        -470.597    -326.264        -470.642    -326.210              89              89
  231        1297.797    -399.200        1297.776    -399.242             231             231
  173        -874.855    -792.285        -874.879    -792.241             173             173
  184        -155.016      97.956        -155.018      97.959             184             184
   74        -280.538    -119.590        -280.548    -119.575              74              74
  104        -479.201       3.123        -479.214       3.144             104             104
   83         -85.357     678.181         -85.341     678.200              83              83
   72          56.355      -1.313          56.342      -1.276              72              72
  124        -213.011   -1183.649        -213.090   -1183.618             124             124
   66         680.875    -390.456         680.850    -390.496              66              66
  160        -207.240    -546.415        -207.259    -546.416             160             160
   30        -461.400     413.505        -461.383     413.528              30              30
   88         156.959    -746.118         156.911    -746.128              88              88
  239         -13.340     284.929         -13.312     284.923             239             239
  206       -1491.124    -569.555       -1491.174    -569.480             206             206
  218         493.108     692.707         493.111     692.680             218             218
  247         -17.804    -755.156         -17.858    -755.152             247             247
  189        -503.559     463.202        -503.557     463.225             189             189
  173          76.818       1.170          76.778       1.182             173             173
  236         774.878    -747.489         774.816    -747.537             236             236
  115        -459.793     181.607        -459.803     181.618             115             115
   44         986.133     491.994         986.139     491.941              44              44
  173         593.746      93.089         593.765      93.081             173             173
   11        -233.969    -601.036        -234.000    -601.000              11              11
  221         614.063    -615.069         614.038    -615.106             221             221
  122       -1044.334    -740.283       -1044.382    -740.243             122             122
  235         417.684     493.217         417.691     493.168             235             235
  124         335.588     -42.110         335.581     -42.138             124             124
  179         262.783     454.431         262.818     454.421             179             179
  147         174.253    -260.547         174.247    -260.544             147             147
  146         123.359      12.910         123.376      12.915             146             146
   42         391.908    -199.986         391.933    -199.988              42              42
  112        -975.603   -1076.971        -975.638   -1076.896             112             112
  153        -755.552   -1287.946        -755.629   -1287.946             153             153
   75       -1591.455     710.083       -1591.437     710.136              75              75
  144         -65.790     213.322         -65.835     213.300             144             144
  121          25.792     746.797          25.802     746.788             121             121
  108         538.124      29.380         538.115      29.350             108             108
   81        -819.413      42.934        -819.419      42.986              81              81
    0        -270.380    1040.677        -270.342    1040.723               0               0
  123        -238.058    -543.272        -238.140    -543.204             123             123
  210        -126.696    -917.895        -126.813    -917.879             210             210
  132         249.982    -229.994         249.922    -230.029             132             132
  165          78.687      38.250          78.657      38.241             165             165
  103        -255.129    -415.344        -255.208    -415.320             103             103
   96         620.708   -1157.076         620.574   -1157.166              96              96
   64         457.676    1004.376         457.742    1004.305              64              64
  104        -612.262    -442.348        -612.321    -442.310             104             104
   31         -78.191     -31.144         -78.246     -31.175              31              31
   61         -85.652     760.882         -85.648     760.878              61              61
   72        -217.519    -393.729        -217.619    -393.716              72              72
  170        -333.796    -151.461        -333.908    -151.477             170             170
  152         -37.771    1003.558         -37.820    1003.529             152             152
   61        -846.344    1219.247        -846.467    1219.349              61              61
  201         385.806    -285.444         385.343    -285.426             201             201
