SINAL     NFT                         FFT                         NFT INVERSA     FFT INVERSA
-----     -----------------------     -----------------------     -----------     -----------
  157       17791.000       0.000       17791.000       0.000             157             157
  167         994.416     102.801         994.420     102.801             167             167
   91        -115.493    -400.192        -115.489    -400.192              91              91
  119        -765.779     -21.678        -765.775     -21.676             119             119
  157        -735.459    -380.172        -735.456    -380.170             157             157
   21        -341.474    -130.015        -341.471    -130.014              21              21
  198        -128.706     -66.773        -128.704     -66.772             198             198
  216         -11.363    -421.381         -11.361    -421.380             216             216
  234         -42.371      18.006         -42.367      18.006             234             234
  153        -760.936     425.427        -760.932     425.433             153             153
  174          35.847    -757.781          35.841    -757.779             174             174
   86         555.037    -209.136         555.035    -209.140              86              86
  251         828.790    -404.689         828.789    -404.697             251             251
  190        -144.176     250.993        -144.172     250.991             190             190
   59         669.836     344.039         669.840     344.033              59              59
  221         340.561     838.801         340.570     838.800             221             221
  213         971.122     -42.272         971.126     -42.277             213             213
  188         125.373      93.877         125.381      93.881             188             188
  200         100.232    -977.908         100.225    -977.908             200             200
    2         264.682     321.064         264.689     321.059               2               2
  253         245.595    -291.947         245.593    -291.950             253             253
  126        1525.212     309.822        1525.225     309.803             126             126
  148        -637.895    -381.803        -637.889    -381.795             148             148
  174         -44.166     224.506         -44.159     224.504             174             174
  210         851.410     519.263         851.427     519.253             210             210
  239        -319.024    -401.310        -319.017    -401.301             239             239
   87        -684.067    -916.946        -684.078    -916.941              87              87
  220         677.308     727.901         677.324     727.878             220             220
   19        -239.994     926.836        -239.971     926.838              19              19
   47         371.673     207.627         371.686     207.619              47              47
  158       -1286.757    1702.043       -1286.725    1702.074             158             158
   99        1298.130     354.989        1298.138     354.986              99              99
  237        -540.994    -742.022        -541.000    -742.000             237             237
  125         100.294    1020.189         100.320    1020.202             125             125
  102        -421.046   -1579.656        -421.079   -1579.634             102             102
    1         154.720    -250.827         154.711    -250.836               1               1
  232         420.009     424.198         420.021     424.187             232             232
  163        -129.629     253.411        -129.621     253.420             163             163
  207         501.716    -217.683         501.712    -217.689             207             207
   34         176.992     205.494         177.000     205.498              34              34
   43         560.703    -896.875         560.685    -896.890              43              43
  178         218.749     442.439         218.767     442.425             178             178
  216         884.331     914.178         884.368     914.164             216             216
  132         180.871    -513.152         180.877    -513.145             132             132
   36         347.089    -123.808         347.108    -123.815              36              36
  123        -107.782    -220.195        -107.761    -220.194             123             123
  227        -794.405     218.823        -794.380     218.841             227             227
   12          77.681     529.597          77.712     529.596              12              12
   62        -805.154     265.691        -805.126     265.722              62              62
  247       -1362.779     631.184       -1362.762     631.240             247             247
   59         -92.112    -147.756         -92.133    -147.736              59              59
  108         978.513    -226.083         978.510    -226.108             108             108
   21        -236.409     888.119        -236.359     888.146              21              21
  168        -399.866   -1210.803        -399.889   -1210.770             168             168
  253       -1342.223    -673.692       -1342.246    -673.656             253             253
   95         -38.192      74.186         -38.204      74.168              95              95
   30         238.204    1405.872         238.255    1405.864              30              30
  159        -370.590     362.573        -370.573     362.614             159             159
  233         -36.944    -847.770         -36.973    -847.758             233             233
   18        -666.275     512.781        -666.260     512.804              18              18
   26         162.263     441.883         162.274     441.888              26              26
  192        -254.282     379.733        -254.267     379.764             192             192
  119        -588.256    -406.861        -588.287    -406.824             119             119
   79         907.828     850.934         907.853     850.913              79              79
   56        -337.000      -0.049        -337.000       0.000              56              56
  230         907.883    -850.892         907.855    -850.913             230             230
  253        -588.323     406.786        -588.288     406.825             253             253
  173        -254.251    -379.798        -254.267    -379.764             173             173
   84         162.287    -441.893         162.274    -441.888              84              84
   40        -666.240    -512.832        -666.259    -512.805              40              40
   73         -37.010     847.745         -36.974     847.759              73              73
  180        -370.552    -362.665        -370.573    -362.615             180             180
   62         238.322   -1405.854         238.256   -1405.864              62              62
  244         -38.218     -74.143         -38.203     -74.167             244             244
   78       -1342.280     673.603       -1342.247     673.654              78              78
  233        -399.924    1210.722        -399.891    1210.769             233             233
   31        -236.284    -888.187        -236.358    -888.147              31              31
  129         978.505     226.148         978.510     226.110             129             129
  110         -92.166     147.705         -92.133     147.736             110             110
  189       -1362.732    -631.334       -1362.760    -631.244             189             189
  237        -805.079    -265.775        -805.126    -265.723             237             237
  200          77.770    -529.595          77.714    -529.596             200             200
   42        -794.336    -218.877        -794.380    -218.843              42              42
   57        -107.722     220.191        -107.761     220.193              57              57
  192         347.144     123.829         347.108     123.815             192             192
  238         180.888     513.130         180.876     513.145             238             238
   19         884.447    -914.133         884.370    -914.162              19              19
   67         218.807    -442.395         218.768    -442.425              67              67
  123         560.645     896.923         560.685     896.890             123             123
   78         177.020    -205.505         177.001    -205.497              78              78
  118         501.701     217.704         501.711     217.690             118             118
  220        -129.602    -253.446        -129.620    -253.421             220             220
   54         420.052    -424.159         420.021    -424.187              54              54
  220         154.689     250.861         154.711     250.836             220             220
   52        -421.173    1579.573        -421.081    1579.634              52              52
  252         100.396   -1020.239         100.322   -1020.202             252             252
  222        -541.018     741.933        -541.000     742.000             222             222
   48        1298.164    -354.967        1298.139    -354.983              48              48
  146       -1286.612   -1702.181       -1286.722   -1702.076             146             146
   37         371.733    -207.591         371.687    -207.619              37              37
  242        -239.882    -926.848        -239.969    -926.839             242             242
   39         677.386    -727.790         677.325    -727.877              39              39
  100        -684.127     916.924        -684.079     916.941             100             100
  215        -318.993     401.261        -319.018     401.300             215             215
   95         851.499    -519.207         851.427    -519.252              95              95
  193         -44.128    -224.496         -44.159    -224.504             193             193
  187        -637.856     381.752        -637.888     381.794             187             187
  146        1525.295    -309.696        1525.226    -309.800             146             146
  186         245.581     291.969         245.593     291.951             186             186
  244         264.731    -321.032         264.690    -321.059             244             244
  247         100.180     977.908         100.224     977.908             247             247
  122         125.431     -93.906         125.381     -93.881             122             122
   61         971.154      42.315         971.126      42.278              61              61
  115         340.647    -838.791         340.571    -838.799             115             115
  194         669.874    -343.969         669.841    -344.031             194             194
  137        -144.135    -250.977        -144.172    -250.992             137             137
  172         828.780     404.780         828.789     404.698             172             172
  158         555.010     209.190         555.034     209.141             158             158
  227          35.765     757.764          35.839     757.780             227             227
  230        -760.883    -425.514        -760.932    -425.434             230             230
   46         -42.320     -18.004         -42.367     -18.006              46              46
  162         -11.351     421.375         -11.363     421.381             162             162
  214        -128.660      66.748        -128.704      66.772             214             214
   38        -341.416     129.978        -341.471     130.013              38              38
   49        -735.379     380.093        -735.457     380.169              49              49
   79        -765.591      21.593        -765.774      21.674              79              79
   43        -115.232     400.155        -115.489     400.192              43              43
  249         994.921    -102.752         994.421    -102.799             249             249
