SINAL     NFT                         FFT                         NFT INVERSA     FFT INVERSA
-----     -----------------------     -----------------------     -----------     -----------
   17       17183.000       0.000       17183.000       0.000              17              17
  151        -223.657     382.841        -223.653     382.841             151             151
  254        -945.907      85.199        -945.904      85.200             254             254
   57         415.612    -780.213         415.614    -780.214              57              57
    2         235.696     461.691         235.700     461.689               2               2
  101         350.977     608.242         350.983     608.242             101             101
  109        -380.132     -37.218        -380.127     -37.216             109             109
  218       -1486.802       9.146       -1486.800       9.151             218             218
   82         389.358     584.605         389.361     584.604              82              82
   93         466.962    -502.191         466.962    -502.192              93              93
  227         145.605    -121.786         145.608    -121.786             227             227
  143        -624.717     131.110        -624.714     131.114             143             143
   89         775.708    -167.214         775.708    -167.217              89              89
  103         -74.721    -470.707         -74.722    -470.708             103             103
  102         466.650     157.014         466.653     157.008             102             102
  161         377.669     817.739         377.680     817.737             161             161
  199         851.495     117.222         851.502     117.220             199             199
  150         345.507   -1181.192         345.504   -1181.194             150             150
   82         -87.927      49.035         -87.917      49.033              82              82
  137        -399.584     -57.545        -399.577     -57.541             137             137
   22        -314.046     222.802        -314.041     222.807              22              22
  120         951.546    -682.096         951.544    -682.109             120             120
   35       -1045.226     443.104       -1045.214     443.117              35              35
  244         993.909    -358.712         993.907    -358.723             244             244
   97          74.043    -584.642          74.045    -584.646              97              97
  254         104.478     139.371         104.490     139.366             254             254
   31         485.529     -29.465         485.543     -29.473              31              31
  239        -764.439   -1036.484        -764.442   -1036.480             239             239
   86         254.367    1299.341         254.402    1299.330              86              86
  119        -234.662    -555.841        -234.651    -555.839             119             119
  193       -1506.794     221.724       -1506.776     221.742             193             193
  197        -558.904     719.718        -558.887     719.723             197             197
  249        -446.026     916.986        -446.000     917.000             249             249
  188        -893.735    -359.581        -893.739    -359.557             188             188
    7        -290.901     111.128        -290.896     111.129               7               7
   75        -403.457    1125.971        -403.425    1125.983              75              75
  102       -1108.799     314.705       -1108.789     314.745             102             102
    0        -752.516    -570.812        -752.536    -570.787              -0               0
   11          21.950     491.608          21.959     491.613              11              11
  214        -802.539    -199.060        -802.548    -199.028             214             214
  131         335.478    -787.285         335.457    -787.292             131             131
  207        -762.177     264.097        -762.167     264.117             207             207
    6        -587.816    -532.739        -587.839    -532.720               6               6
  209         414.651    -422.008         414.640    -422.026             209             209
  249       -1053.114     294.057       -1053.106     294.083             249             249
  246        -543.997    -888.374        -544.037    -888.370             246             246
  124         -46.898    1048.213         -46.885    1048.202             124             124
   71         628.388     340.898         628.394     340.886              71              71
  145       -1019.472    -610.808       -1019.502    -610.781             145             145
  253        1060.381     539.637        1060.385     539.592             253             253
  254         -20.146     719.807         -20.120     719.806             254             254
   18         285.613     670.567         285.639     670.569              18              18
  123        -129.863      94.661        -129.851      94.679             123             123
   24        -491.388     102.325        -491.382     102.352              24              24
  222         118.531     417.283         118.551     417.294             222             222
  254       -1563.031     277.733       -1563.033     277.817             254             254
   16         597.192    -774.053         597.139    -774.041              16              16
  177         168.874   -1917.261         168.797   -1917.266             177             177
   52          15.541    -595.815          15.509    -595.847              52              52
   47         627.173     554.100         627.191     554.053              47              47
  145        -244.052     683.718        -244.027     683.727             145             145
  102         403.371      38.564         403.366      38.557             102             102
  216         809.830     175.598         809.853     175.583             216             216
  230        -822.733   -1502.008        -822.778   -1501.979             230             230
  136         -91.000       0.032         -91.000       0.000             136             136
   40        -822.829    1501.948        -822.781    1501.978              40              40
  132         809.878    -175.565         809.853    -175.582             132             132
  117         403.362     -38.550         403.367     -38.556             117             117
  211        -243.996    -683.737        -244.026    -683.727             211             211
   12         627.214    -553.995         627.192    -554.051              12              12
    9          15.469     595.886          15.508     595.847               9               9
  110         168.695    1917.275         168.793    1917.267             110             110
  102         597.070     774.028         597.139     774.042             102             102
  135       -1563.036    -277.933       -1563.033    -277.820             135             135
  197         118.578    -417.310         118.551    -417.294             197             197
   56        -491.374    -102.391        -491.382    -102.353              56              56
  157        -129.833     -94.707        -129.851     -94.680             157             157
  103         285.680    -670.571         285.640    -670.568             103             103
  241         -20.078    -719.806         -20.119    -719.807             241             241
    1        1060.394    -539.516        1060.387    -539.589               1               1
  243       -1019.552     610.734       -1019.502     610.780             243             243
   93         628.405    -340.863         628.394    -340.885              93              93
   32         -46.859   -1048.182         -46.884   -1048.201              32              32
  217        -544.114     888.363        -544.039     888.370             217             217
  231       -1053.089    -294.135       -1053.105    -294.085             231             231
   28         414.614     422.063         414.638     422.027              28              28
  253        -587.887     532.681        -587.840     532.719             253             253
  211        -762.147    -264.163        -762.167    -264.119             211             211
   41         335.407     787.306         335.456     787.292              41              41
   87        -802.569     198.951        -802.549     199.027              87              87
  202          21.979    -491.626          21.959    -491.613             202             202
  212        -752.588     570.723        -752.537     570.785             212             212
  231       -1108.761    -314.851       -1108.788    -314.747             231             231
   60        -403.335   -1126.015        -403.423   -1125.983              60              60
  177        -290.882    -111.132        -290.896    -111.129             177             177
  205        -893.749     359.489        -893.739     359.557             205             205
   82        -445.921    -917.042        -446.000    -917.000              82              82
  255        -558.826    -719.739        -558.885    -719.723             255             255
  178       -1506.718    -221.807       -1506.776    -221.744             178             178
  239        -234.615     555.830        -234.651     555.839             239             239
  185         254.534   -1299.286         254.404   -1299.329             185             185
  191        -764.458    1036.466        -764.444    1036.480             191             191
  236         485.601      29.508         485.544      29.474             236             236
   75         104.541    -139.340         104.492    -139.365              75              75
  157          74.051     584.664          74.044     584.646             157             157
   85         993.899     358.782         993.907     358.726              85              85
  174       -1045.156    -443.186       -1045.214    -443.118             174             174
   16         951.533     682.179         951.543     682.111              16              16
  162        -314.013    -222.837        -314.040    -222.807             162             162
   79        -399.542      57.518        -399.578      57.541              79              79
  139         -87.853     -49.022         -87.916     -49.033             139             139
   67         345.480    1181.207         345.502    1181.195              67              67
   95         851.551    -117.203         851.502    -117.219              95              95
  175         377.762    -817.719         377.681    -817.737             175             175
    7         466.680    -156.950         466.654    -157.006               7               7
  189         -74.735     470.711         -74.723     470.707             189             189
   13         775.705     167.266         775.708     167.219              13              13
  216        -624.689    -131.169        -624.714    -131.116             216             216
  151         145.644     121.798         145.608     121.787             151             151
  194         466.952     502.205         466.961     502.193             194             194
  191         389.403    -584.594         389.361    -584.604             191             191
    5       -1486.764      -9.272       -1486.801      -9.154               5               5
  231        -380.025      37.171        -380.127      37.216             231             231
  174         351.140    -608.218         350.984    -608.241             174             174
   59         235.843    -461.638         235.701    -461.688              59              59
    8         415.663     780.262         415.612     780.215               8               8
  212        -945.695     -85.296        -945.904     -85.201             212             212
  180        -223.156    -382.856        -223.653    -382.841             180             180
