SINAL     NFT                         FFT                         NFT INVERSA     FFT INVERSA
-----     -----------------------     -----------------------     -----------     -----------
   56       16900.000       0.000       16900.000       0.000              56              56
  117         146.359    1116.222         146.363    1116.221             117             117
   53        -182.796     729.391        -182.791     729.391              53              53
   29       -1505.940     -72.911       -1505.937     -72.909              29              29
   59        -771.333     992.072        -771.328     992.074              59              59
  128        -562.402    -275.357        -562.401    -275.355             128             128
  123         262.297      88.413         262.299      88.412             123             123
  171        -188.942     567.775        -188.937     567.777             171             171
   43        -234.859      11.731        -234.857      11.734              43              43
   31         168.144    -210.429         168.145    -210.429              31              31
  160          56.538     361.612          56.543     361.612             160             160
   96        -492.388    -232.222        -492.385    -232.218              96              96
  103        -223.678      55.340        -223.674      55.341             103             103
  206        -847.755     243.626        -847.752     243.633             206             206
  135        -211.766     258.617        -211.768     258.620             135             135
   14        1049.656     -81.507        1049.656     -81.515              14              14
  223         299.148     538.117         299.161     538.116             223             223
  189        -879.134    -479.082        -879.135    -479.071             189             189
  219        -386.153     293.807        -386.151     293.810             219             219
  218         275.983    1087.207         275.995    1087.210             218             218
   10        -686.089     -29.075        -686.091     -29.055              10              10
   29          64.515    -548.500          64.501    -548.492              29              29
  139         774.969    -529.609         774.957    -529.615             139             139
  229        1639.842    -204.724        1639.848    -204.744             229             229
   73        -954.535    -317.202        -954.528    -317.182              73              73
  211        -139.222   -1592.033        -139.247   -1592.036             211             211
  105         259.353     594.594         259.363     594.579             105             105
  180         176.424     455.295         176.433     455.292             180             180
  209         413.601     394.153         413.614     394.153             209             209
   17          87.995    -491.960          87.996    -491.955              17              17
    9        -363.248    -364.315        -363.246    -364.308               9               9
  164        -423.735    -243.882        -423.737    -243.876             164             164
   90        -112.998    -144.998        -113.000    -145.000              90              90
  136        -131.864     273.556        -131.857     273.556             136             136
  216           0.732     222.126           0.739     222.130             216             216
   77        -233.287    -450.773        -233.295    -450.769              77              77
    0        -163.582     669.860        -163.566     669.863              -0               0
  152         -13.398     303.812         -13.389     303.822             152             152
   44        -353.587     207.369        -353.581     207.394              44              44
   57        -332.426    -896.095        -332.454    -896.075              57              57
  187         298.255    -392.851         298.238    -392.855             187             187
   51         682.847     -86.553         682.850     -86.562              51              51
  117        -156.997   -1375.290        -157.020   -1375.283             117             117
   69        -889.083   -1217.202        -889.115   -1217.197              69              69
   83        -454.430     133.493        -454.442     133.479              83              83
  123         528.446     843.080         528.455     843.056             123             123
  159        1071.544    -609.693        1071.531    -609.735             159             159
   64        -704.771    1266.247        -704.730    1266.261              64              64
  133         724.850    -335.865         724.839    -335.884             133             133
  168        -129.943     134.534        -129.934     134.531             168             168
   32         615.806     779.668         615.841     779.654              32              32
  222        -812.228    -522.452        -812.240    -522.418             222             222
   53         486.106    -110.750         486.099    -110.771              53              53
  231         114.384    -159.888         114.385    -159.903             231             231
  161         -73.345     736.043         -73.319     736.037             161             161
   58         959.997     583.908         960.030     583.881              58              58
  254         -84.887     192.045         -84.851     192.060             254             254
   89        -702.916     261.474        -702.889     261.514              89              89
   91         -60.960    -332.799         -60.957    -332.786              91              91
  205       -1392.236     -82.777       -1392.237     -82.720             205             205
  107         -96.602      35.129         -96.614      35.139             107             107
  188        -385.901      67.204        -385.910      67.232             188             188
  245         107.610    -881.694         107.562    -881.696             245             245
  127         520.921     -12.185         520.923     -12.217             127             127
  192        -626.000      -0.018        -626.000       0.000             192             192
   46         520.926      12.251         520.923      12.217              46              46
  123         107.509     881.699         107.561     881.696             123             123
  225        -385.918     -67.263        -385.910     -67.232             225             225
  114         -96.627     -35.150         -96.614     -35.139             114             114
  101       -1392.238      82.651       -1392.237      82.718             101             101
   78         -60.954     332.768         -60.958     332.785              78              78
  115        -702.855    -261.566        -702.888    -261.516             115             115
  133         -84.806    -192.078         -84.851    -192.060             133             133
  218         960.075    -583.843         960.031    -583.879             218             218
   56         -73.281    -736.029         -73.318    -736.037              56              56
   83         114.386     159.926         114.385     159.904              83              83
   27         486.089     110.803         486.099     110.772              27              27
  189        -812.260     522.366        -812.241     522.417             189             189
  135         615.897    -779.630         615.842    -779.653             135             135
  158        -129.919    -134.527        -129.934    -134.531             158             158
    2         724.820     335.915         724.839     335.884               2               2
  134        -704.654   -1266.288        -704.727   -1266.262             134             134
   40        1071.508     609.814        1071.530     609.737              40              40
  159         528.474    -843.008         528.457    -843.054             159             159
  213        -454.463    -133.451        -454.442    -133.479             213             213
  105        -889.181    1217.187        -889.117    1217.196             105             105
  206        -157.073    1375.266        -157.023    1375.282             206             206
  242         682.855      86.582         682.850      86.563             242             242
  162         298.199     392.866         298.237     392.856             162             162
  225        -332.521     896.027        -332.456     896.074             225             225
   16        -353.568    -207.454        -353.581    -207.395              16              16
   23         -13.366    -303.845         -13.388    -303.821              23              23
  117        -163.524    -669.871        -163.565    -669.863             117             117
  242        -233.315     450.757        -233.295     450.769             242             242
  226           0.760    -222.139           0.739    -222.130             226             226
   97        -131.835    -273.558        -131.856    -273.556              97              97
   73        -113.005     145.005        -113.000     145.000              73              73
   67        -423.741     243.854        -423.736     243.875              67              67
   41        -363.242     364.281        -363.247     364.307              41              41
  247          87.998     491.939          87.995     491.956             247             247
  223         413.661    -394.149         413.615    -394.152             223             223
   70         176.475    -455.278         176.435    -455.291              70              70
  168         259.406    -594.521         259.364    -594.579             168             168
  173        -139.355    1592.046        -139.250    1592.036             173             173
  207        -954.503     317.092        -954.529     317.181             207             207
  206        1639.873     204.843        1639.847     204.746             206             206
  177         774.895     529.649         774.956     529.616             177             177
  130          64.425     548.453          64.499     548.492             130             130
  128        -686.102      28.945        -686.091      29.054             128             128
  218         276.073   -1087.220         275.997   -1087.209             218             218
  166        -386.140    -293.830        -386.151    -293.811             166             166
  216        -879.142     478.993        -879.135     479.069             216             216
  240         299.248    -538.113         299.161    -538.116             240             240
  196        1049.649      81.585        1049.655      81.517             196             196
  237        -211.780    -258.650        -211.767    -258.621             237             237
    0        -847.732    -243.700        -847.752    -243.634               0               0
  235        -223.645     -55.356        -223.675     -55.341             235             235
  158        -492.368     232.168        -492.386     232.217             158             158
  201          56.616    -361.618          56.545    -361.613             201             201
  162         168.158     210.435         168.145     210.428             162             162
  194        -234.827     -11.777        -234.857     -11.734             194             194
   32        -188.846    -567.804        -188.936    -567.777              32              32
  161         262.342     -88.388         262.299     -88.412             161             161
  231        -562.386     275.286        -562.402     275.354             231             231
   69        -771.173    -992.148        -771.327    -992.075              69              69
  181       -1505.782      72.788       -1505.937      72.906             181             181
   86        -182.464    -729.409        -182.791    -729.391              86              86
   68         146.922   -1116.160         146.365   -1116.221              68              68
