SINAL     NFT                         FFT                         NFT INVERSA     FFT INVERSA
-----     -----------------------     -----------------------     -----------     -----------
  201       16010.000       0.000       16010.000       0.000             201             201
   81         488.212    -206.339         488.215    -206.339              81              81
  108        -187.338    -331.944        -187.335    -331.944             108             108
  135        -191.232    -607.944        -191.230    -607.944             135             135
  112         592.671    -190.796         592.673    -190.798             112             112
  147          63.068    -363.820          63.072    -363.820             147             147
  100        -770.794    -943.776        -770.794    -943.775             100             100
  248         497.441    1224.978         497.448    1224.974             248             248
  204         -68.396     194.455         -68.390     194.456             204             204
  226        -588.326     439.516        -588.319     439.521             226             226
   98        -314.530     462.054        -314.525     462.059              98              98
  145         -53.527    -391.567         -53.525    -391.563             145             145
  137       -1390.036    -512.208       -1390.041    -512.198             137             137
   82         403.504     359.429         403.503     359.426              82              82
  146         318.500    -372.983         318.495    -372.986             146             146
  177         707.845    1135.687         707.854    1135.681             177             177
  214         941.854     164.959         941.860     164.956             214             214
  143         305.571      53.798         305.580      53.802             143             143
  172          10.415    -164.138          10.422    -164.131             172             172
    5        -376.111    -952.868        -376.115    -952.862               5               5
   37        -699.095     254.040        -699.090     254.047              37              37
  107         491.744     644.526         491.755     644.524             107             107
   43        -799.540    -222.363        -799.541    -222.344              43              43
  245         179.937    -267.297         179.932    -267.293             245             245
  147         108.266    -867.588         108.253    -867.589             147             147
  166         359.785      31.638         359.791      31.628             166             166
   54       -1137.880     653.370       -1137.870     653.390              54              54
  129         640.137    -329.022         640.124    -329.028             129             129
  212        1090.356    -235.541        1090.359    -235.563             212             212
  140        -979.474     999.223        -979.449     999.240             140             140
  152        -129.391     527.255        -129.386     527.270             152             152
  147         441.854    -364.202         441.846    -364.201             147             147
   91        -126.010     407.988        -126.000     408.000              91              91
  181          33.667     -52.355          33.666     -52.341             181             181
  211        -445.999    -544.254        -446.018    -544.232             211             211
   59        1062.110    -679.883        1062.094    -679.905              59              59
  146        -792.813     518.876        -792.801     518.901             146             146
  217         613.098    -930.337         613.070    -930.344             217             217
  177         252.844     191.456         252.850     191.454             177             177
   62         -72.963   -1147.569         -72.992   -1147.569              62              62
   39         194.492     381.761         194.499     381.746              39              39
   38         -34.019     643.779         -34.006     643.786              38              38
  163         247.581    -542.058         247.560    -542.058             163             163
   41         794.433     291.091         794.441     291.073              41              41
   21        -140.409    -336.437        -140.415    -336.430              21              21
    2         381.021     361.472         381.031     361.467               2               2
   88         395.353    -257.069         395.352    -257.070              88              88
  197        -653.788    -678.290        -653.810    -678.273             197             197
  237         492.135     462.976         492.140     462.955             237             237
  151         415.103     184.579         415.107     184.570             151             151
  223         159.361     472.394         159.376     472.403             223             223
  177         241.050    -728.781         241.025    -728.778             177             177
   20         101.842    -258.583         101.829    -258.590              20              20
  118         317.445    -149.333         317.430    -149.353             118             118
   35        1077.223     325.947        1077.232     325.897              35              35
  175         750.899    1571.910         750.967    1571.895             175             175
  248         181.630    -192.231         181.637    -192.209             248             248
   40         285.750    -446.574         285.742    -446.572              40              40
  129        1133.471    -206.893        1133.492    -206.936             129             129
  126       -1066.841     614.758       -1066.793     614.803             126             126
  145         189.487    -184.251         189.486    -184.249             145             145
   24          96.216     614.624          96.257     614.633              24              24
  150        -353.318    -201.923        -353.308    -201.892             150             150
   49        -657.730     260.775        -657.713     260.815              49              49
   48        -338.000      -0.034        -338.000       0.000              48              48
   32        -657.694    -260.859        -657.712    -260.817              32              32
  240        -353.297     201.859        -353.308     201.892             240             240
  205          96.303    -614.642          96.258    -614.633             205             205
  105         189.485     184.247         189.486     184.249             105             105
  167       -1066.736    -614.859       -1066.792    -614.805             167             167
  129        1133.515     206.991        1133.491     206.938             129             129
  163         285.732     446.570         285.742     446.572             163             163
   49         181.647     192.180         181.637     192.209              49              49
  222         751.063   -1571.873         750.970   -1571.893             222             222
  129        1077.246    -325.825        1077.233    -325.895             129             129
    5         317.407     149.382         317.430     149.354               5               5
   84         101.808     258.601         101.828     258.590              84              84
  254         240.985     728.775         241.024     728.779             254             254
   23         159.400    -472.415         159.377    -472.402              23              23
   41         415.115    -184.554         415.108    -184.570              41              41
   94         492.148    -462.921         492.140    -462.956              94              94
  107        -653.850     678.243        -653.811     678.272             107             107
   34         395.350     257.074         395.352     257.071              34              34
  185         381.049    -361.455         381.031    -361.466             185             185
   83        -140.428     336.415        -140.416     336.430              83              83
    2         794.460    -291.035         794.443    -291.071               2               2
  207         247.513     542.059         247.557     542.058             207             207
  109         -33.977    -643.801         -34.005    -643.786             109             109
  202         194.516    -381.714         194.499    -381.746             202             202
    5         -73.060    1147.569         -72.994    1147.569               5               5
  200         252.865    -191.450         252.850    -191.454             200             200
  237         612.998     930.363         613.068     930.345             237             237
  236        -792.769    -518.966        -792.800    -518.902             236             236
   69        1062.051     679.963        1062.093     679.907              69              69
   27        -446.069     544.171        -446.019     544.232              27              27
  215          33.663      52.300          33.666      52.340             215             215
  192        -125.970    -408.036        -126.000    -408.000             192             192
  164         441.820     364.198         441.846     364.201             164             164
    3        -129.368    -527.318        -129.386    -527.270               3               3
  161        -979.360    -999.307        -979.448    -999.243             161             161
   73        1090.370     235.647        1090.359     235.565              73              73
  162         640.071     329.054         640.123     329.029             162             162
  209       -1137.834    -653.476       -1137.870    -653.393             209             209
   57         359.814     -31.584         359.791     -31.627              57              57
  154         108.196     867.594         108.253     867.589             154             154
   57         179.903     267.276         179.931     267.293              57              57
  111        -799.547     222.249        -799.542     222.343             111             111
  128         491.812    -644.514         491.756    -644.524             128             128
  115        -699.065    -254.086        -699.090    -254.048             115             115
  234        -376.144     952.825        -376.117     952.861             234             234
  157          10.461     164.089          10.422     164.131             157             157
  192         305.636     -53.822         305.580     -53.801             192             192
  118         941.903    -164.931         941.860    -164.955             118             118
  119         707.938   -1135.638         707.857   -1135.681             119             119
  101         318.453     373.016         318.495     372.987             101             101
   25         403.495    -359.397         403.503    -359.425              25              25
    4       -1390.083     512.087       -1390.041     512.196               4               4
   45         -53.518     391.519         -53.527     391.562              45              45
  151        -314.458    -462.124        -314.524    -462.060             151             151
  198        -588.231    -439.584        -588.318    -439.522             198             198
   48         -68.299    -194.476         -68.390    -194.456              48              48
  178         497.601   -1224.906         497.451   -1224.974             178             178
   89        -770.799     943.752        -770.795     943.774              89              89
  192          63.157     363.818          63.071     363.821             192             192
   39         592.767     190.839         592.674     190.798              39              39
  203        -191.148     607.910        -191.231     607.943             203             203
  122        -187.136     331.891        -187.336     331.943             122             122
   61         488.631     206.335         488.215     206.340              61              61
