SINAL     NFT                         FFT                         NFT INVERSA     FFT INVERSA
-----     -----------------------     -----------------------     -----------     -----------
   30       18145.000       0.000       18145.000       0.000              30              30
  115       -1143.908   -1265.040       -1143.905   -1265.040             115             115
  127        -149.295    -803.206        -149.293    -803.206             127             127
  211        -431.953     301.085        -431.948     301.085             211             211
  198        -760.206     822.639        -760.200     822.642             198             198
  148        -689.541      86.883        -689.538      86.888             148             148
   51        -340.103   -1600.576        -340.106   -1600.573              51              51
  132         -86.882    -735.343         -86.883    -735.343             132             132
  180        -606.514    -601.115        -606.517    -601.113             180             180
   13         810.968    -281.410         810.967    -281.416              13              13
  180         768.648      20.550         768.653      20.544             180             180
  213        -946.834     298.994        -946.829     299.001             213             213
  121         804.979      52.979         804.982      52.978             121             121
  247         -72.705   -1453.842         -72.709   -1453.841             247             247
  148        -653.564     -41.615        -653.560     -41.613             148             148
  110         -97.469     -32.645         -97.465     -32.644             110             110
   46        -651.865   -1171.119        -651.873   -1171.117              46              46
   52        -545.498     645.063        -545.489     645.062              52              52
  244        -641.778     462.473        -641.773     462.479             244             244
  215        -321.280     345.122        -321.279     345.129             215             215
  173         504.473    -398.830         504.467    -398.832             173             173
  186        -112.650    -764.986        -112.657    -764.985             186             186
  250          -1.362     -78.835          -1.361     -78.840             250             250
  134        -550.693     -42.132        -550.692     -42.128             134             134
  157        -137.883     228.131        -137.881     228.131             157             157
  232         229.686    -373.663         229.682    -373.670             232             232
  215        -365.358     456.840        -365.348     456.841             215             215
  220        -358.995     312.887        -358.993     312.891             220             220
  245         125.444     623.000         125.449     623.002             245             245
    0         936.082    -206.657         936.083    -206.667              -0               0
  176        -854.089    -389.520        -854.091    -389.505             176             176
  253        -351.901     346.491        -351.901     346.496             253             253
  153         573.010    -315.984         573.000    -316.000             153             153
  211         -26.994    1013.521         -26.971    1013.521             211             211
  108          61.662     205.456          61.666     205.464             108             108
   33         133.979     190.447         133.981     190.455              33              33
  191         864.185    -472.831         864.181    -472.841             191             191
   64        -625.741     -82.484        -625.736     -82.462              64              64
   43         568.841    -466.489         568.836    -466.495              43              43
  117        -710.342    -859.957        -710.356    -859.943             117             117
  239        -278.324     -14.400        -278.330     -14.399             239             239
  225         507.631    -625.070         507.612    -625.093             225             225
  209         705.005     536.988         705.032     536.960             209             209
  171        -314.580    -217.170        -314.564    -217.165             171             171
  234       -1397.005     -52.447       -1397.005     -52.420             234             234
  146         -94.807     846.963         -94.795     846.959             146             146
   55         143.546     590.328         143.557     590.332              55              55
   81         380.041      98.350         380.050      98.350              81              81
  116       -1274.125     152.830       -1274.127     152.883             116             116
  118         581.111    -540.623         581.073    -540.632             118             118
  227         869.133    -232.202         869.122    -232.230             227             227
  214        1073.073     -47.505        1073.093     -47.540             214             214
  213        -683.693     -37.486        -683.669     -37.463             213             213
  254        -334.889     216.008        -334.868     216.027             254             254
  210       -1261.138    -439.986       -1261.158    -439.932             210             210
   18         396.451    -928.610         396.407    -928.631              18              18
   77        -245.277     252.361        -245.272     252.357              77              77
  244         176.515     -95.696         176.507     -95.708             244             244
  207          98.655     293.428          98.668     293.422             207             207
    5         -87.543    -172.426         -87.549    -172.422               5               5
  203         277.790      -6.040         277.794      -6.054             203             203
  156        -282.169      74.489        -282.159      74.498             156             156
  102        -276.837    -121.110        -276.842    -121.103             102             102
  213        -334.161     255.833        -334.161     255.845             213             213
  133         713.000       0.026         713.000       0.000             133             133
  197        -334.160    -255.857        -334.160    -255.845             197             197
  159        -276.848     121.095        -276.842     121.103             159             159
  114        -282.147     -74.508        -282.158     -74.498             114             114
  251         277.799       6.071         277.794       6.055             251             251
   67         -87.557     172.419         -87.549     172.423              67              67
  193          98.682    -293.414          98.668    -293.422             193             193
  137         176.496      95.725         176.507      95.709             137             137
  192        -245.265    -252.352        -245.272    -252.357             192             192
  200         396.346     928.660         396.405     928.632             200             200
  187       -1261.186     439.855       -1261.158     439.930             187             187
  194        -334.838    -216.054        -334.867    -216.027             194             194
  154        -683.634      37.427        -683.669      37.462             154             154
  169        1073.123      47.596        1073.093      47.542             169             169
   53         869.105     232.275         869.122     232.231              53              53
  149         581.011     540.648         581.072     540.634             149             149
   66       -1274.131    -152.972       -1274.127    -152.883              66              66
  133         380.065     -98.349         380.049     -98.349             133             133
  184         143.578    -590.337         143.558    -590.331             184             184
   79         -94.771    -846.952         -94.793    -846.959              79              79
  186       -1397.003      52.366       -1397.004      52.418             186             186
  155        -314.535     217.155        -314.565     217.165             155             155
  116         705.088    -536.901         705.033    -536.959             116             116
  169         507.569     625.143         507.610     625.095             169             169
  245        -278.343      14.396        -278.330      14.399             245             245
  223        -710.391     859.906        -710.358     859.941             223             223
  129         568.822     466.513         568.835     466.497             129             129
  172        -625.723      82.409        -625.736      82.461             172             172
  203         864.170     472.870         864.181     472.843             203             203
   94         133.986    -190.477         133.981    -190.456              94              94
   65          61.675    -205.486          61.665    -205.464              65              65
   49         -26.904   -1013.521         -26.969   -1013.521              49              49
   93         572.969     316.048         573.000     316.000              93              93
  167        -351.899    -346.513        -351.900    -346.496             167             167
  158        -854.097     389.454        -854.092     389.504             158             158
   14         936.084     206.710         936.082     206.670              14              14
  223         125.469    -623.006         125.450    -623.002             223             223
   37        -358.985    -312.908        -358.993    -312.891              37              37
   19        -365.312    -456.844        -365.348    -456.841              19              19
  183         229.659     373.703         229.680     373.671             183             183
   17        -137.876    -228.131        -137.881    -228.131              17              17
  109        -550.690      42.109        -550.693      42.127             109             109
   29          -1.351      78.864          -1.360      78.840              29              29
   23        -112.697     764.985        -112.659     764.986              23              23
  104         504.434     398.846         504.466     398.833             104             104
   35        -321.277    -345.173        -321.279    -345.130              35              35
  198        -641.744    -462.521        -641.772    -462.480             198             198
   87        -545.429    -645.057        -545.488    -645.062              87              87
  214        -651.929    1171.100        -651.874    1171.117             214             214
  238         -97.435      32.637         -97.466      32.644             238             238
   81        -653.521      41.590        -653.560      41.612              81              81
  222         -72.757    1453.830         -72.712    1453.841             222             222
  193         805.015     -52.955         804.982     -52.976             193             193
  157        -946.766    -299.082        -946.828    -299.003             157             157
  152         768.714     -20.470         768.653     -20.542             152             152
  152         810.949     281.500         810.966     281.418             152             152
   61        -606.559     601.079        -606.518     601.113              61              61
   71         -86.911     735.338         -86.884     735.342              71              71
  101        -340.201    1600.494        -340.109    1600.572             101             101
   70        -689.472     -87.032        -689.539     -86.890              70              70
   90        -760.029    -822.742        -760.199    -822.643              90              90
   53        -431.768    -301.108        -431.948    -301.086              53              53
   52        -149.141     803.200        -149.294     803.206              52              52
   46       -1143.536    1264.884       -1143.908    1265.037              46              46
