SINAL     NFT                         FFT                         NFT INVERSA     FFT INVERSA
-----     -----------------------     -----------------------     -----------     -----------
   44       16386.000       0.000       16386.000       0.000              44              44
   28        -337.466    -160.007        -337.463    -160.006              28              28
   99         859.131   -1060.609         859.133   -1060.609              99              99
  185          81.669    -181.486          81.673    -181.486             185             185
   73        -250.279   -1533.479        -250.278   -1533.480              73              73
  234        -179.660     597.465        -179.654     597.463             234             234
  237        -863.287     200.064        -863.283     200.067             237             237
  179        -746.896    -677.783        -746.897    -677.782             179             179
   72         920.435     -84.599         920.437     -84.608              72              72
  226        -395.810     890.211        -395.799     890.210             226             226
  166        -615.814    1068.718        -615.805    1068.724             166             166
  147         414.897    -588.444         414.897    -588.444             147             147
  240        -829.535    -509.169        -829.535    -509.165             240             240
  255         179.395      35.034         179.397      35.030             255             255
  127        -243.112     -32.089        -243.108     -32.090             127             127
  172        -800.699     -35.808        -800.698     -35.806             172             172
  113        -253.572    1012.982        -253.564    1012.982             113             113
  197         721.695      75.616         721.697      75.609             197             197
   14        -573.340     427.370        -573.334     427.376              14              14
   25         455.387      12.758         455.387      12.751              25              25
  233         226.941    1057.426         226.958    1057.424             233             233
   80         159.626    -286.135         159.628    -286.135              80              80
  196        -430.814     547.044        -430.802     547.049             196             196
   97        -143.698     671.358        -143.688     671.365              97              97
  137         522.643     400.230         522.654     400.230             137             137
   20        -136.128    -621.961        -136.127    -621.954              20              20
  248        -500.795     218.648        -500.782     218.655             248             248
   14        -902.309     922.461        -902.291     922.487              14              14
   40        -451.224   -1437.052        -451.252   -1437.037              40              40
  145        -623.716       3.175        -623.725       3.182             145             145
   68         717.765     -16.883         717.757     -16.896              68              68
   53         552.300    -230.147         552.300    -230.158              53              53
  172         109.996    -309.992         110.000    -310.000             172             172
  164        -542.824      31.714        -542.816      31.716             164             164
   42        -200.276     719.202        -200.256     719.202              42              42
   43        -655.471      69.956        -655.467      69.971              43              43
  149        -634.551     197.233        -634.552     197.245             149             149
  254        -569.982     442.963        -569.985     442.975             254             254
  244          59.662     401.162          59.653     401.163             244             244
  128         495.733     492.899         495.728     492.896             128             128
   36        1500.896    -372.119        1500.889    -372.151              36              36
   40        -611.272    -118.496        -611.268    -118.483              40              40
  170         217.112     436.866         217.117     436.857             170             170
   68         251.188     286.223         251.187     286.220              68              68
   64        1399.426      83.655        1399.433      83.617              64              64
  199         382.265     609.343         382.304     609.338             199             199
  154         -56.386    -103.860         -56.368    -103.849             154             154
  222        -821.747     -99.037        -821.742     -99.011             222             222
  228          57.556     256.983          57.563     256.982             228             228
   81         -77.105     335.034         -77.093     335.044              81              81
  130        -184.180    -518.286        -184.201    -518.282             130             130
   76         719.091     985.381         719.122     985.357              76              76
  157         442.030       4.210         442.043       4.204             157             157
   15         103.977     548.198         104.010     548.204              15              15
   44         598.436      31.795         598.463      31.791              44              44
  174       -1156.327    -316.368       -1156.319    -316.321             174             174
   77           0.016     -24.986           0.020     -24.990              77              77
  108        -408.295     779.886        -408.262     779.906             108             108
   55         375.815     422.386         375.838     422.393              55              55
   89         175.744      47.286         175.768      47.304              89              89
  181        -230.831    -436.047        -230.815    -436.022             181             181
  187       -1293.055     225.426       -1293.024     225.491             187             187
  190       -1399.986    -736.986       -1400.025    -736.921             190             190
   53         -82.766     -51.752         -82.787     -51.750              53              53
  225         250.000       0.010         250.000       0.000             225             225
   86         -82.809      51.748         -82.787      51.750              86              86
   30       -1400.067     736.847       -1400.026     736.918              30              30
  223       -1292.989    -225.566       -1293.023    -225.494             223             223
  173        -230.797     435.995        -230.815     436.022             173             173
  244         175.798     -47.324         175.769     -47.304             244             244
  215         375.866    -422.399         375.839    -422.392             215             215
  151        -408.220    -779.930        -408.261    -779.906             151             151
   43           0.025      24.994           0.020      24.989              43              43
  210       -1156.308     316.254       -1156.319     316.319             210             210
  163         598.501     -31.783         598.464     -31.790             163             163
  234         104.058    -548.214         104.011    -548.205             234             234
  119         442.061      -4.195         442.043      -4.203             119             119
  149         719.172    -985.320         719.125    -985.356             149             149
  172        -184.235     518.275        -184.202     518.282             172             172
  185         -77.072    -335.059         -77.092    -335.043             185             185
  202          57.576    -256.980          57.564    -256.982             202             202
  143        -821.732      98.964        -821.742      99.010             143             143
  181         -56.335     103.829         -56.368     103.849             181             181
  203         382.377    -609.328         382.305    -609.337             203             203
   71        1399.447     -83.542        1399.433     -83.615              71              71
  122         251.188    -286.211         251.188    -286.219             122             122
    1         217.130    -436.840         217.118    -436.857               1               1
   91        -611.260     118.455        -611.268     118.482              91              91
  101        1500.874     372.224        1500.889     372.152             101             101
   64         495.720    -492.885         495.729    -492.894              64              64
   93          59.634    -401.166          59.653    -401.163              93              93
    5        -569.992    -443.006        -569.984    -442.976               5               5
   69        -634.554    -197.276        -634.552    -197.246              69              69
  151        -655.458     -70.011        -655.467     -69.972             151             151
  159        -200.200    -719.203        -200.255    -719.202             159             159
   86        -542.794     -31.722        -542.816     -31.716              86              86
  237         110.011     310.023         110.000     310.000             237             237
  159         552.298     230.197         552.299     230.160             159             159
  240         717.732      16.945         717.757      16.898             240             240
  178        -623.756      -3.209        -623.725      -3.183             178             178
  114        -451.358    1436.981        -451.254    1437.036             114             114
   84        -902.220    -922.587        -902.289    -922.488              84              84
  181        -500.734    -218.687        -500.782    -218.656             181             181
   52        -136.129     621.925        -136.128     621.954              52              52
   53         522.702    -400.233         522.654    -400.230              53              53
   15        -143.637    -671.391        -143.687    -671.364              15              15
   85        -430.741    -547.074        -430.801    -547.050              85              85
   57         159.640     286.136         159.628     286.135              57              57
  230         227.055   -1057.413         226.959   -1057.424             230             230
    3         455.389     -12.705         455.387     -12.749               3               3
  142        -573.291    -427.412        -573.333    -427.376             142             142
  141         721.710     -75.555         721.697     -75.607             141             141
  176        -253.507   -1012.981        -253.563   -1012.982             176             176
  111        -800.689      35.786        -800.698      35.805             111             111
   35        -243.075      32.097        -243.109      32.090              35              35
  123         179.420     -34.990         179.397     -35.030             123             123
  212        -829.540     509.115        -829.536     509.164             212             212
   11         414.889     588.446         414.896     588.445              11              11
   37        -615.690   -1068.794        -615.803   -1068.724              37              37
  125        -395.661    -890.202        -395.798    -890.210             125             125
  142         920.471      84.737         920.437      84.608             142             142
  163        -746.927     677.745        -746.898     677.781             163             163
  112        -863.186    -200.130        -863.282    -200.068             112             112
  100        -179.493    -597.423        -179.652    -597.463             100             100
   31        -250.268    1533.495        -250.281    1533.479              31              31
  241          81.837     181.489          81.673     181.487             241             241
   74         859.261    1060.660         859.132    1060.611              74              74
  200        -337.060     159.930        -337.463     160.006             200             200
