SINAL     NFT                         FFT                         NFT INVERSA     FFT INVERSA
-----     -----------------------     -----------------------     -----------     -----------
  171       16973.000       0.000       16973.000       0.000             171             171
   54        -182.304     281.204        -182.300     281.204              54              54
  188         520.820     480.844         520.824     480.844             188             188
  122        -470.887    -689.173        -470.884    -689.172             122             122
  104         650.635     133.303         650.638     133.300             104             104
  129         -36.142     314.523         -36.137     314.522             129             129
   61         811.298     361.228         811.303     361.225              61              61
  150          45.782     570.690          45.790     570.690             150             150
  175         452.147     270.527         452.154     270.525             175             175
   30        -501.899     334.000        -501.891     334.004              30              30
  235        -658.338     102.887        -658.333     102.893             235             235
  213        -372.814    -147.856        -372.813    -147.854             213             213
   28        -206.399    1266.736        -206.389    1266.739              28              28
   14         532.284     230.832         532.288     230.834              14              14
  211         195.783     148.191         195.789     148.198             211             211
   58         304.151   -1286.288         304.147   -1286.285              58              58
   53       -1036.354    -394.681       -1036.353    -394.671              53              53
  199        -561.753    -364.867        -561.759    -364.862             199             199
  238         533.091     160.613         533.091     160.607             238             238
  124          70.067    -323.321          70.064    -323.321             124             124
  208         882.596     -81.256         882.601     -81.269             208             208
  251        -683.643    -380.820        -683.641    -380.817             251             251
   27         -54.708    1171.198         -54.692    1171.196              27              27
   46         912.073     618.757         912.088     618.751              46              46
    6        -323.068    -404.413        -323.062    -404.406               6               6
  135        -787.335    1092.013        -787.313    1092.029             135             135
   33         164.552     515.668         164.564     515.682              33              33
  217        -854.841   -1237.277        -854.859   -1237.253             217             217
  189         357.514    -347.475         357.510    -347.486             189             189
  202        -651.374     976.047        -651.352     976.064             202             202
   39        -340.687    -906.775        -340.706    -906.761              39              39
   69        -231.579      21.175        -231.581      21.179              69              69
   17        -331.995       8.992        -332.000       9.000              17              17
  183          22.913    -285.282          22.901    -285.286             183             183
  142        -294.000     837.361        -293.989     837.367             142             142
  154        -231.223     540.774        -231.228     540.792             154             154
   76        1606.969    -255.602        1606.955    -255.627              76              76
   48        1036.297     379.293        1036.322     379.282              48              48
  115        -558.638    -641.292        -558.638    -641.263             115             115
  255          29.770    -546.361          29.766    -546.353             255             255
  158       -1102.352   -1337.369       -1102.384   -1337.349             158             158
   10        -171.223     652.245        -171.214     652.237              10              10
   19        -310.563      32.309        -310.570      32.315              19              19
  225        -444.817     342.291        -444.825     342.305             225             225
  134         599.764    -293.301         599.740    -293.320             134             134
  252         -59.011     442.659         -59.012     442.658             252             252
    8        1226.730     122.597        1226.726     122.563               8               8
  141          26.903     181.348          26.909     181.346             141             141
   25         526.336     639.341         526.353     639.330              25              25
  205         303.989     206.944         303.996     206.946             205             205
  239          37.953      35.915          37.948      35.923             239             239
  135        1204.241      32.899        1204.245      32.865             135             135
  176          50.526     271.645          50.548     271.650             176             176
  141         -18.330    -113.716         -18.333    -113.711             141             141
   44         712.377     564.228         712.401     564.210              44              44
  142         106.546    -125.986         106.553    -125.982             142             142
  207         201.258     657.580         201.292     657.583             207             207
    6         346.230     449.149         346.266     449.162               6               6
  181        -814.798    -701.736        -814.809    -701.689             181             181
  191        -857.816     159.726        -857.825     159.767             191             191
  131         442.454    -869.857         442.398    -869.880             131             131
  233         926.419    1156.166         926.461    1156.120             233             233
  214         749.021    1156.581         749.087    1156.578             214             214
  164         -30.865     -37.125         -30.831     -37.087             164             164
  211       -1905.000      -0.111       -1905.000       0.000             211             211
  214         -30.797      37.047         -30.831      37.086             214             214
   54         749.160   -1156.573         749.089   -1156.577              54              54
   83         926.509   -1156.068         926.463   -1156.119              83              83
  170         442.332     869.907         442.397     869.880             170             170
  242        -857.834    -159.817        -857.824    -159.769             242             242
  154        -814.825     701.629        -814.811     701.687             154             154
  183         346.311    -449.177         346.267    -449.161             183             183
   67         201.337    -657.584         201.293    -657.582              67              67
  141         106.564     125.977         106.554     125.982             141             141
   12         712.437    -564.185         712.402    -564.209              12              12
  151         -18.336     113.703         -18.333     113.711             151             151
   25          50.581    -271.658          50.549    -271.651              25              25
   75        1204.250     -32.812        1204.245     -32.863              75              75
  243          37.940     -35.936          37.948     -35.924             243             243
   93         304.008    -206.948         303.996    -206.945              93              93
   11         526.382    -639.310         526.353    -639.329              11              11
   86          26.920    -181.343          26.909    -181.346              86              86
  223        1226.719    -122.498        1226.726    -122.561             223             223
  182         -59.016    -442.656         -59.012    -442.658             182             182
   38         599.693     293.355         599.740     293.320              38              38
  109        -444.839    -342.332        -444.824    -342.305             109             109
  187        -310.584     -32.329        -310.570     -32.316             187             187
  140        -171.194    -652.220        -171.213    -652.237             140             140
  108       -1102.457    1337.304       -1102.386    1337.348             108             108
   30          29.758     546.337          29.766     546.353              30              30
  173        -558.639     641.195        -558.639     641.262             173             173
  101        1036.384    -379.253        1036.322    -379.280             101             101
  166        1606.917     255.695        1606.954     255.629             166             166
  178        -231.240    -540.837        -231.227    -540.792             178             178
  121        -293.957    -837.384        -293.988    -837.368             121             121
  112          22.868     285.296          22.900     285.286             112             112
  245        -332.014      -9.025        -332.000      -9.000             245             245
  176        -231.587     -21.191        -231.581     -21.179             176             176
   59        -340.771     906.715        -340.707     906.760              59              59
  100        -651.276    -976.125        -651.351    -976.065             100             100
  208         357.492     347.522         357.509     347.485             208             208
  173        -854.935    1237.158        -854.861    1237.251             173             173
   31         164.615    -515.734         164.565    -515.682              31              31
  223        -787.218   -1092.098        -787.311   -1092.031             223             223
   47        -323.037     404.372        -323.062     404.406              47              47
  245         912.161    -618.716         912.089    -618.749             245             245
  125         -54.609   -1171.183         -54.690   -1171.196             125             125
  250        -683.634     380.798        -683.642     380.816             250             250
   53         882.629      81.340         882.601      81.269              53              53
  249          70.049     323.325          70.064     323.322             249             249
   79         533.097    -160.567         533.092    -160.606              79              79
  213        -561.797     364.828        -561.759     364.861             213             213
    7       -1036.343     394.595       -1036.353     394.670               7               7
  125         304.108    1286.267         304.145    1286.286             125             125
  105         195.840    -148.254         195.790    -148.198             105             105
  129         532.325    -230.855         532.288    -230.834             129             129
  149        -206.283   -1266.776        -206.387   -1266.740             149             149
  133        -372.800     147.826        -372.813     147.853             133             133
    3        -658.274    -102.965        -658.332    -102.894               3               3
   16        -501.776    -334.064        -501.890    -334.005              16              16
  165         452.266    -270.507         452.155    -270.525             165             165
  199          45.924    -570.694          45.791    -570.690             199             199
  199         811.413    -361.153         811.303    -361.224             199             199
  218         -36.028    -314.509         -36.137    -314.522             218             218
   73         650.747    -133.222         650.638    -133.300              73              73
  248        -470.801     689.130        -470.885     689.171             248             248
  171         521.085    -480.817         520.825    -480.843             171             171
  124        -181.840    -281.207        -182.300    -281.205             124             124
