SINAL     NFT                         FFT                         NFT INVERSA     FFT INVERSA
-----     -----------------------     -----------------------     -----------     -----------
  138       16587.000       0.000       16587.000       0.000             138             138
  200        -241.125    -974.225        -241.122    -974.225             200             200
  227        1087.276    -307.632        1087.279    -307.632             227             227
  102         566.858    -305.097         566.861    -305.097             102             102
  208         738.939    -605.046         738.941    -605.048             208             208
  222         638.288    -343.018         638.291    -343.020             222             222
   54         666.563     297.988         666.570     297.985              54              54
  173        -566.283     -58.265        -566.278     -58.263             173             173
  218         522.427     451.088         522.434     451.086             218             218
  108        -429.924    -223.848        -429.920    -223.845             108             108
  141         287.267     -93.334         287.270     -93.336             141             141
  242         110.896     469.417         110.903     469.417             242             242
  167         542.763    -343.490         542.766    -343.493             167             167
    1         -76.771     203.118         -76.763     203.117               1               1
  236         205.200    1002.258         205.214    1002.261             236             236
   21        -127.377    -673.313        -127.375    -673.306              21              21
   62        -288.539    -726.081        -288.540    -726.077              62              62
  233        -204.703    -136.603        -204.699    -136.603             233             233
  146        -249.662     308.000        -249.655     308.004             146             146
   88         106.762    -700.328         106.757    -700.330              88              88
   27         102.607     517.682         102.617     517.679              27              27
  221         292.315     245.252         292.324     245.251             221             221
  131        -597.780      -8.867        -597.776      -8.856             131             131
   48         490.008     281.998         490.014     281.998              48              48
   64        -353.780    -898.886        -353.792    -898.877              64              64
  212        1261.882    -280.395        1261.884    -280.420             212             212
  154         -42.779     553.067         -42.754     553.064             154             154
  152        -977.033     436.341        -977.018     436.361             152             152
   68        -476.271      33.715        -476.274      33.732              68              68
  204         -64.188    -963.337         -64.215    -963.336             204             204
   42        1830.097     587.242        1830.109     587.206              42              42
  179         480.074    -256.672         480.089    -256.678             179             179
   36        -684.006    -235.011        -684.000    -235.000              36              36
  227         484.818     258.357         484.831     258.341             227             227
  198        -417.114     463.878        -417.099     463.883             198             198
   61        1237.224    1508.626        1237.269    1508.613              61              61
  242        -595.682    -897.854        -595.685    -897.819             242             242
  102         711.442    -708.574         711.443    -708.588             102             102
   66        -445.045     111.992        -445.015     112.005              66              66
  117       -1126.368    -755.037       -1126.371    -755.010             117             117
   77        -489.250    -393.573        -489.251    -393.574              77              77
   76       -1047.031     476.186       -1047.014     476.200              76              76
  243        -434.214     858.068        -434.193     858.080             243             243
  156        -670.923    -118.380        -670.931    -118.359             156             156
  201         -94.607     365.886         -94.603     365.886             201             201
  176        -423.401     905.562        -423.385     905.583             176             176
  109         776.261     -22.855         776.258     -22.862             109             109
  234        -371.646    -354.505        -371.648    -354.487             234             234
   12        -479.458      93.906        -479.459      93.923              12              12
  161         164.304      36.334         164.299      36.334             161             161
  140         348.269    -520.343         348.257    -520.360             140             140
  225        -750.292     442.859        -750.281     442.868             225             225
   44         519.200    1317.597         519.237    1317.583              44              44
   26           5.145     353.043           5.156     353.061              26              26
  215         679.618     560.637         679.645     560.635             215             215
  243          68.601    -250.298          68.613    -250.280             243             243
  104        -839.413     364.340        -839.391     364.389             104             104
   63         136.595    -245.931         136.587    -245.913              63              63
  103           6.806    -485.229           6.803    -485.218             103             103
  170       -1342.052    -266.211       -1342.061    -266.162             170             170
   49        -113.006     644.258        -113.000     644.270              49              49
  250          -9.022     -78.279          -9.039     -78.260             250             250
  245         251.098    -135.894         251.083    -135.886             245             245
  168         360.832    -813.602         360.802    -813.611             168             168
  179        -227.000       0.002        -227.000       0.000             179             179
   97         360.767     813.623         360.800     813.613              97              97
  230         251.067     135.876         251.083     135.885             230             230
  158          -9.058      78.237          -9.040      78.259             158             158
  111        -112.992    -644.284        -113.000    -644.270             111             111
  128       -1342.074     266.100       -1342.063     266.159             128             128
  126           6.799     485.203           6.803     485.217             126             126
   26         136.578     245.891         136.587     245.913              26              26
  152        -839.362    -364.453        -839.390    -364.389             152             152
  200          68.629     250.257          68.613     250.280             200             200
   33         679.682    -560.632         679.646    -560.634              33              33
   38           5.174    -353.086           5.158    -353.061              38              38
  225         519.293   -1317.563         519.239   -1317.583             225             225
  246        -750.261    -442.884        -750.279    -442.870             246             246
  105         348.237     520.387         348.256     520.360             105             105
  120         164.290     -36.334         164.299     -36.334             120             120
  143        -479.461     -93.952        -479.459     -93.923             143             143
  202        -371.654     354.455        -371.649     354.487             202             202
  109         776.254      22.874         776.258      22.862             109             109
  157        -423.353    -905.622        -423.383    -905.583             157             157
  126         -94.596    -365.886         -94.603    -365.886             126             126
    0        -670.948     118.315        -670.931     118.357              -0               0
   76        -434.148    -858.105        -434.192    -858.081              76              76
  134       -1046.978    -476.232       -1047.013    -476.201             134             134
  119        -489.254     393.574        -489.251     393.573             119             119
  102       -1126.378     754.944       -1126.372     755.008             102             102
  218        -444.943    -112.036        -445.014    -112.006             218             218
   38         711.445     708.624         711.443     708.590              38              38
    9        -595.695     897.731        -595.686     897.819               9               9
  153        1237.395   -1508.576        1237.273   -1508.611             153             153
  125        -417.055    -463.900        -417.098    -463.885             125             125
    9         484.868    -258.296         484.832    -258.340               9               9
   34        -683.981     234.968        -684.000     235.000              34              34
  224         480.132     256.702         480.088     256.679             224             224
  210        1830.153    -587.079        1830.110    -587.203             210             210
   67         -64.313     963.331         -64.217     963.335              67              67
   28        -476.284     -33.794        -476.274     -33.733              28              28
   56        -976.960    -436.443        -977.017    -436.363              56              56
  214         -42.655    -553.055         -42.753    -553.064             214             214
  168        1261.889     280.529        1261.883     280.423             168             168
   69        -353.848     898.840        -353.793     898.877              69              69
   50         490.044    -281.990         490.015    -281.996              50              50
  149        -597.760       8.799        -597.776       8.855             149             149
  181         292.373    -245.243         292.324    -245.250             181             181
  204         102.674    -517.659         102.619    -517.678             204             204
   39         106.721     700.342         106.755     700.331              39              39
   29        -249.614    -308.029        -249.654    -308.005              29              29
   54        -204.679     136.599        -204.700     136.603              54              54
   92        -288.552     726.049        -288.541     726.077              92              92
   83        -127.371     673.245        -127.376     673.305              83              83
   34         205.344   -1002.282         205.216   -1002.260              34              34
   96         -76.689    -203.118         -76.763    -203.118              96              96
  173         542.795     343.524         542.766     343.494             173             173
   47         110.986    -469.419         110.905    -469.417              47              47
  114         287.308      93.361         287.270      93.336             114             114
   20        -429.873     223.796        -429.921     223.844              20              20
  183         522.543    -451.053         522.435    -451.085             183             183
   68        -566.188      58.221        -566.277      58.262              68              68
   86         666.716    -297.919         666.570    -297.984              86              86
  190         638.378     343.093         638.291     343.022             190             190
  184         739.013     605.105         738.941     605.048             184             184
  144         566.985     305.127         566.860     305.098             144             144
  124        1087.446     307.707        1087.279     307.634             124             124
  251        -240.796     974.157        -241.125     974.223             251             251
