SINAL     NFT                         FFT                         NFT INVERSA     FFT INVERSA
-----     -----------------------     -----------------------     -----------     -----------
  235       16877.000       0.000       16877.000       0.000             235             235
  128         407.675    -163.308         407.678    -163.308             128             128
  141           1.143    -857.875           1.146    -857.875             141             141
   44        -224.270     314.623        -224.266     314.623              44              44
   93         951.635     522.549         951.641     522.548              93              93
  233        -497.032    -585.285        -497.028    -585.283             233             233
  232         101.973    -631.833         101.976    -631.833             232             232
   16        -485.709     542.243        -485.702     542.244              16              16
  242       -1140.332     433.134       -1140.327     433.141             242             242
  122         -42.072     267.796         -42.070     267.798             122             122
  231        -289.103     157.965        -289.101     157.970             231             231
  135         123.505     479.755         123.509     479.758             135             135
  209         770.811    -427.908         770.810    -427.909             209             209
  220        -126.154    -234.061        -126.150    -234.058             220             220
   28        -304.290     578.906        -304.280     578.912              28              28
  151        -770.916    -416.161        -770.919    -416.149             151             151
   34         227.005    -479.163         227.000    -479.163              34              34
   91          -7.187     545.654          -7.179     545.658              91              91
   56        -702.866    -445.050        -702.872    -445.038              56              56
  189         204.169     537.163         204.170     537.165             189             189
   84         748.977     108.364         748.978     108.365              84              84
  145        -594.300    -588.015        -594.309    -587.998             145             145
  235         544.978    -735.692         544.963    -735.695             235             235
   53         567.017    -107.584         567.016    -107.589              53              53
  240         -26.569      13.730         -26.571      13.737             240             240
  183        1242.982    -635.333        1242.975    -635.348             183             183
  236        -157.573      29.946        -157.566      29.951             236             236
   93         788.425      35.519         788.431      35.512              93              93
  181         -73.109       8.281         -73.100       8.291             181             181
  148        -270.747    -132.355        -270.746    -132.337             148             148
  105         -13.518   -1057.779         -13.537   -1057.770             105             105
  223         555.426    -327.816         555.422    -327.823             223             223
  221         301.996    -311.001         302.000    -311.000             221             221
  138       -1085.229   -1238.948       -1085.255   -1238.924             138             138
  230         878.139     -58.001         878.136     -58.022             230             230
    0        -818.536    -823.809        -818.555    -823.793              -0               0
  151        1007.635    -186.551        1007.630    -186.580             151             151
  176        -805.668    -893.816        -805.687    -893.809             176             176
   23         313.411     215.130         313.407     215.104              23              23
  138         824.088     681.087         824.108     681.056             138             138
  110        -731.477     814.626        -731.457     814.645             110             110
  129         701.150     847.034         701.167     847.029             129             129
   22         159.545    -178.705         159.546    -178.688              22              22
  253        -584.332   -1099.104        -584.364   -1099.086             253             253
   10        -291.833     621.016        -291.834     621.024              10              10
  191         802.966   -1028.633         802.917   -1028.658             191             191
  144        1270.197     802.374        1270.221     802.329             144             144
   77        -376.427      20.677        -376.429      20.691              77              77
    8        1042.998     426.865        1043.001     426.837               8               8
   42        1285.472    -130.997        1285.477    -131.031              42              42
   68         293.324     340.441         293.353     340.436              68              68
   20         280.190      51.806         280.206      51.804              20              20
  232         -94.115     470.293         -94.092     470.309             232             232
  208         664.682    -201.883         664.682    -201.885             208             208
    3         604.645   -1116.945         604.632   -1116.965               3               3
   58        -881.948    -138.893        -881.935    -138.880              58              58
  222        -129.662     410.061        -129.646     410.051             222             222
  161         -81.286     504.714         -81.266     504.706             161             161
  150        -307.277    1177.176        -307.235    1177.186             150             150
   11         -96.866    1625.667         -96.816    1625.706              11              11
  239         627.995    -702.780         627.966    -702.766             239             239
  104        -601.532    -393.882        -601.556    -393.850             104             104
   74        1415.201     415.895        1415.216     415.841              74              74
  159         -33.603    1347.429         -33.525    1347.460             159             159
  233        -925.000      -0.095        -925.000       0.000             233             233
   44         -33.441   -1347.493         -33.523   -1347.461              44              44
  236        1415.233    -415.780        1415.216    -415.839             236             236
  172        -601.583     393.813        -601.556     393.849             172             172
  133         627.932     702.748         627.965     702.765             133             133
  112         -96.754   -1625.750         -96.813   -1625.705             112             112
   60        -307.183   -1177.199        -307.234   -1177.187              60              60
  229         -81.238    -504.695         -81.264    -504.706             229             229
  232        -129.624    -410.037        -129.646    -410.050             232             232
   52        -881.917     138.861        -881.935     138.878              52              52
   86         604.612    1116.993         604.630    1116.966              86              86
  231         664.683     201.890         664.683     201.887             231             231
   10         -94.057    -470.333         -94.091    -470.310              10              10
   58         280.230     -51.800         280.206     -51.803              58              58
  174         293.399    -340.428         293.354    -340.436             174             174
   53        1285.486     131.091        1285.477     131.034              53              53
   34        1043.005    -426.790        1043.001    -426.837              34              34
  201        -376.432     -20.716        -376.429     -20.691             201             201
  155        1270.265    -802.246        1270.222    -802.327             155             155
  216         802.824    1028.708         802.915    1028.660             216             216
    9        -291.836    -621.042        -291.833    -621.025               9               9
   80        -584.431    1099.048        -584.367    1099.085              80              80
  169         159.547     178.655         159.545     178.689             169             169
  213         701.206    -847.019         701.169    -847.028             213             213
  240        -731.410    -814.686        -731.456    -814.645             240             240
  251         824.155    -680.982         824.109    -681.054             251             251
  117         313.397    -215.040         313.407    -215.103             117             117
  205        -805.739     893.790        -805.690     893.808             205             205
   51        1007.617     186.655        1007.630     186.581              51              51
   61        -818.609     823.749        -818.557     823.792              61              61
  139         878.129      58.084         878.135      58.024             139             139
  244       -1085.332    1238.853       -1085.257    1238.921             244             244
    9         302.011     310.996         302.000     311.000               9               9
  184         555.407     327.849         555.421     327.824             184             184
   31         -13.611    1057.741         -13.540    1057.770              31              31
  231        -270.743     132.274        -270.746     132.337             231             231
   42         -73.067      -8.330         -73.100      -8.292              42              42
   99         788.452     -35.481         788.430     -35.510              99              99
   52        -157.544     -29.972        -157.567     -29.952              52              52
  169        1242.940     635.414        1242.974     635.350             169             169
   51         -26.578     -13.765         -26.571     -13.736              51              51
  240         567.008     107.617         567.015     107.590             240             240
   67         544.888     735.711         544.962     735.695              67              67
  195        -594.355     587.904        -594.310     587.996             195             195
  171         748.988    -108.370         748.979    -108.365             171             171
  110         204.179    -537.180         204.170    -537.166             110             110
   25        -702.914     444.959        -702.873     445.036              25              25
  130          -7.125    -545.682          -7.178    -545.658             130             130
  166         226.960     479.165         226.999     479.163             166             166
   37        -770.944     416.044        -770.920     416.147              37              37
  179        -304.200    -578.971        -304.280    -578.913             179             179
   91        -126.118     234.030        -126.150     234.057              91              91
   29         770.808     427.921         770.810     427.910              29              29
  238         123.547    -479.796         123.509    -479.759             238             238
  186        -289.077    -158.023        -289.101    -157.971             186             186
   68         -42.036    -267.832         -42.070    -267.798              68              68
  110       -1140.252    -433.250       -1140.327    -433.142             110             110
  165        -485.567    -542.273        -485.701    -542.246             165             165
  140         102.020     631.848         101.975     631.833             140             140
  215        -496.954     585.202        -497.028     585.282             215             215
  108         951.811    -522.508         951.641    -522.547             108             108
  255        -224.100    -314.639        -224.265    -314.624             255             255
   43           1.311     857.861           1.144     857.874              43              43
   13         408.116     163.294         407.679     163.309              13              13
