SINAL     NFT                         FFT                         NFT INVERSA     FFT INVERSA
-----     -----------------------     -----------------------     -----------     -----------
   20       15985.000       0.000       15985.000       0.000              20              20
  236        -280.619    -214.970        -280.616    -214.970             236             236
  153         187.998    -473.024         188.001    -473.024             153             153
   30        -397.719    -650.337        -397.716    -650.337              30              30
  137        -597.733      50.636        -597.730      50.635             137             137
    3         725.165    1112.570         725.170    1112.569               3               3
  160         -89.878    -433.656         -89.876    -433.655             160             160
   70           1.874     339.836           1.878     339.836              70              70
  169        -299.700    -663.962        -299.702    -663.961             169             169
   99         614.879     558.414         614.884     558.409              99              99
  233         186.166     479.655         186.171     479.654             233             233
   25        1126.647     903.572        1126.657     903.568              25              25
  167         431.849    -199.727         431.856    -199.725             167             167
  222        -870.497   -1004.055        -870.499   -1004.049             222             222
  143         237.487     591.939         237.494     591.935             143             143
  223         541.265     212.486         541.273     212.483             223             223
    0        -410.896     405.635        -410.886     405.641               0               0
  194         275.538     352.773         275.546     352.776             194             194
   67         133.363    -598.716         133.363    -598.715              67              67
  107         269.662     726.379         269.679     726.379             107             107
  160        -121.274    -732.262        -121.271    -732.255             160             160
  240        -538.170     -43.413        -538.161     -43.405             240             240
  147        -699.837     452.558        -699.826     452.573             147             147
  235         131.068    -942.916         131.061    -942.914             235             235
  183       -1038.496      17.290       -1038.492      17.305             183             183
  220         -77.945    -280.819         -77.950    -280.817             220             220
   74          80.939     136.494          80.943     136.494              74              74
   78         612.467      17.478         612.476      17.471              78              78
  117        -668.320     577.467        -668.295     577.487             117             117
  113       -1377.190    -334.355       -1377.196    -334.315             113             113
   27         185.757   -1412.743         185.726   -1412.741              27              27
    1        -261.716    -347.542        -261.726    -347.540               1               1
  187        1030.013    -900.972        1030.000    -901.000             187             187
  117        -310.047     136.702        -310.028     136.699             117             117
  102        -871.751    -109.280        -871.746    -109.268             102             102
  219        -712.062     189.669        -712.066     189.679             219             219
   45        1636.807     521.710        1636.827     521.671              45              45
   11       -1194.007     555.068       -1193.975     555.106              11              11
   84        -392.115    -370.817        -392.119    -370.796              84              84
   77        -543.359     -13.557        -543.355     -13.534              77              77
  109        -667.477    -583.311        -667.495    -583.284             109             109
  101         368.475    -383.224         368.468    -383.228             101             101
   13        -888.171    -649.440        -888.184    -649.415              13              13
  199        -739.049      85.693        -739.059      85.720             199             199
  236         593.735   -1284.362         593.692   -1284.374             236             236
  126        -185.822    -995.478        -185.846    -995.486             126             126
  238        -192.222    -717.783        -192.243    -717.804             238             238
  153          -5.936     744.510          -5.914     744.491             153             153
   11        -135.099    -616.348        -135.114    -616.359              11              11
  107        -539.136     651.694        -539.117     651.691             107             107
  106         218.114    1029.882         218.146    1029.879             106             106
  222        -607.487    -485.635        -607.506    -485.606             222             222
  212         798.616     -50.417         798.617     -50.443             212             212
  251        -424.789    -564.119        -424.793    -564.109             251             251
  157        -469.536      97.021        -469.524      97.029             157             157
   13        -973.078    -153.768        -973.086    -153.737              13              13
  208        -334.260   -1016.542        -334.310   -1016.551             208             208
  161         -74.118     733.777         -74.098     733.752             161             161
   29       -1069.631     464.186       -1069.633     464.214              29              29
  127         192.949     656.654         192.940     656.643             127             127
   50         438.316     368.234         438.307     368.220              50              50
  189        1054.906     752.664        1054.934     752.639             189             189
   59        -604.680    -214.770        -604.692    -214.722              59              59
   19         805.790   -1049.308         805.739   -1049.341              19              19
  126         143.000       0.028         143.000       0.000             126             126
  166         805.683    1049.377         805.737    1049.342             166             166
    5        -604.705     214.670        -604.692     214.721               5               5
  252        1054.966    -752.607        1054.935    -752.636             252             252
  193         438.297    -368.203         438.307    -368.219             193             193
  194         192.933    -656.629         192.941    -656.643             194             194
    9       -1069.635    -464.248       -1069.633    -464.215               9               9
  253         -74.072    -733.720         -74.097    -733.751             253             253
  199        -334.376    1016.563        -334.311    1016.551             199             199
  223        -973.098     153.692        -973.087     153.735             223             223
  146        -469.507     -97.040        -469.523     -97.029             146             146
   48        -424.800     564.095        -424.794     564.109              48              48
  101         798.617      50.482         798.617      50.444             101             101
   33        -607.538     485.560        -607.508     485.605              33              33
  213         218.197   -1029.874         218.148   -1029.878             213             213
   87        -539.086    -651.687        -539.116    -651.692              87              87
   44        -135.140     616.377        -135.114     616.359              44              44
  240          -5.871    -744.461          -5.912    -744.491             240             240
  131        -192.282     717.842        -192.244     717.804             131             131
   40        -185.896     995.501        -185.849     995.486              40              40
  135         593.607    1284.399         593.690    1284.375             135             135
  221        -739.076     -85.773        -739.058     -85.721             221             221
  125        -888.211     649.362        -888.185     649.414             125             125
   31         368.450     383.239         368.466     383.229              31              31
   89        -667.536     583.226        -667.496     583.284              89              89
  125        -543.347      13.479        -543.355      13.532             125             125
  122        -392.130     370.746        -392.119     370.796             122             122
   90       -1193.897    -555.202       -1193.975    -555.109              90              90
  227        1636.879    -521.570        1636.827    -521.669             227             227
   32        -712.074    -189.705        -712.065    -189.680              32              32
  230        -871.734     109.231        -871.746     109.267             230             230
   43        -309.974    -136.692        -310.028    -136.699              43              43
  212        1029.960     901.085        1030.000     901.000             212             212
    1        -261.757     347.531        -261.726     347.540               1               1
   57         185.618    1412.736         185.724    1412.741              57              57
  222       -1377.216     334.172       -1377.196     334.312             222             222
  251        -668.207    -577.562        -668.295    -577.488             251             251
   85         612.515     -17.437         612.478     -17.469              85              85
  115          80.958    -136.490          80.943    -136.493             115             115
  246         -77.974     280.810         -77.951     280.817             246             246
  183       -1038.472     -17.376       -1038.492     -17.306             183             183
    0         131.024     942.902         131.059     942.914              -0              -0
   74        -699.769    -452.651        -699.825    -452.574              74              74
   44        -538.113      43.364        -538.160      43.404              44              44
  170        -121.263     732.218        -121.273     732.255             170             170
  120         269.783    -726.384         269.680    -726.379             120             120
   29         133.360     598.706         133.362     598.715              29              29
   51         275.603    -352.791         275.547    -352.775              51              51
  176        -410.813    -405.687        -410.886    -405.641             176             176
  168         541.335    -212.449         541.273    -212.481             168             168
  141         237.559    -591.900         237.495    -591.935             141             141
   40        -870.522    1003.983        -870.500    1004.047              40              40
  103         431.926     199.708         431.856     199.725             103             103
  226        1126.773    -903.512        1126.659    -903.566             226             226
   31         186.235    -479.636         186.172    -479.653              31              31
   69         614.948    -558.335         614.885    -558.408              69              69
  221        -299.729     663.948        -299.703     663.961             221             221
   36           1.957    -339.842           1.879    -339.836              36              36
   50         -89.841     433.631         -89.876     433.655              50              50
   98         725.320   -1112.509         725.173   -1112.567              98              98
  106        -597.655     -50.639        -597.731     -50.637             106             106
  151        -397.628     650.327        -397.718     650.337             151             151
  247         188.173     473.030         188.000     473.024             247             247
   98        -280.216     214.922        -280.617     214.969              98              98
