SINAL     NFT                         FFT                         NFT INVERSA     FFT INVERSA
-----     -----------------------     -----------------------     -----------     -----------
   32       17322.000       0.000       17322.000       0.000              32              32
  126        -155.770     385.001        -155.767     385.002             126             126
  209         513.636    -700.547         513.639    -700.548             209             209
   83        -498.194    1549.720        -498.188    1549.721              83              83
  225         -61.837     122.721         -61.834     122.723             225             225
  233         415.309    -415.067         415.311    -415.067             233             233
  171          68.474      99.010          68.479      99.010             171             171
   41         115.092     397.004         115.098     397.005              41              41
  177        -148.151    -543.112        -148.149    -543.108             177             177
   68         507.632    -990.818         507.634    -990.820              68              68
   30        -961.048     -20.802        -961.041     -20.797              30              30
   24        -423.502    -925.629        -423.503    -925.626              24              24
   34        -471.902    -657.218        -471.902    -657.219              34              34
  140        -953.434    1053.559        -953.422    1053.565             140             140
  196        -978.663    -777.511        -978.671    -777.504             196             196
  151        -631.284     424.161        -631.287     424.164             151             151
  251        1484.146     157.928        1484.146     157.914             251             251
   55         301.071    -438.779         301.075    -438.783              55              55
  163       -1129.018     452.797       -1129.009     452.809             163             163
  245           3.426    -147.539           3.422    -147.536             245             245
   54         101.046    -236.461         101.041    -236.461              54              54
   38         474.527    -369.286         474.523    -369.292              38              38
  114          60.222   -1046.424          60.211   -1046.432             114             114
  237         121.892     438.443         121.900     438.429             237             237
   76         326.226     877.285         326.243     877.274              76              76
  213         264.859     605.370         264.874     605.366             213             213
  204          34.894     270.617          34.906     270.617             204             204
   99        -145.880     913.790        -145.861     913.798              99              99
  127         819.409      -2.866         819.420      -2.871             127             127
    1        -871.748     375.947        -871.731     375.974               1               1
  246         529.897    -757.094         529.896    -757.095             246             246
  238       -1684.957    -376.041       -1684.957    -376.009             238             238
  233         280.003      44.006         280.000      44.000             233             233
  150         119.637     207.063         119.647     207.065             150             150
   89         121.278    -284.276         121.283    -284.271              89              89
  158        -379.423    -456.304        -379.418    -456.291             158             158
   85       -1158.347    -525.736       -1158.352    -525.710              85              85
   87       -1001.138    -640.579       -1001.162    -640.561              87              87
  246         144.288    -520.301         144.265    -520.320             246             246
    3         131.408     648.137         131.423     648.121               3               3
  229         -81.263     605.152         -81.245     605.156             229             229
   10        -205.429    -156.447        -205.430    -156.435              10              10
  144        -488.477    -789.869        -488.498    -789.861             144             144
   13        -457.794     -45.379        -457.802     -45.382              13              13
   69         -15.503     614.688         -15.494     614.680              69              69
   13        -664.430     -13.732        -664.447     -13.715              13              13
  158         974.150    -241.273         974.126    -241.313             158             158
  252         963.078     894.803         963.110     894.765             252             252
  178         499.820     421.928         499.853     421.913             178             178
  100        -679.410     528.986        -679.379     529.015             100             100
   20        -437.623      16.853        -437.625      16.880              20              20
  107         616.927    -586.854         616.910    -586.872             107             107
   16           0.763    -404.540           0.767    -404.559              16              16
   68        -964.145    1015.265        -964.104    1015.281              68              68
   58        -464.784     974.399        -464.764     974.422              58              58
  245         860.481     311.555         860.493     311.542             245             245
  223        -760.851    -135.265        -760.849    -135.226             223             223
  112         -38.079    -308.187         -38.100    -308.191             112             112
   83         946.687     724.319         946.728     724.279              83              83
  152       -1563.629     330.090       -1563.611     330.150             152             152
  201         490.321    1137.410         490.352    1137.406             201             201
  128           3.057      52.041           3.064      52.067             128             128
   67        -309.921     -61.683        -309.921     -61.658              67              67
   37        -268.353     944.458        -268.321     944.492              37              37
  241         294.000      -0.030         294.000       0.000             241             241
  158        -268.285    -944.529        -268.319    -944.493             158             158
  119        -309.920      61.631        -309.921      61.657             119             119
  115           3.073     -52.095           3.064     -52.067             115             115
  238         490.391   -1137.401         490.354   -1137.405             238             238
  148       -1563.589    -330.224       -1563.610    -330.153             148             148
  197         946.778    -724.228         946.729    -724.277             197             197
   67         -38.126     308.194         -38.100     308.190              67              67
  241        -760.848     135.176        -760.850     135.225             241             241
  244         860.509    -311.521         860.493    -311.540             244             244
  162        -464.734    -974.453        -464.762    -974.422             162             162
  230        -964.044   -1015.306        -964.102   -1015.282             230             230
  140           0.773     404.587           0.766     404.559             140             140
  245         616.884     586.903         616.910     586.874             245             245
  111        -437.629     -16.921        -437.625     -16.880             111             111
  144        -679.327    -529.062        -679.378    -529.016             144             144
   21         499.909    -421.891         499.854    -421.914              21              21
  244         963.165    -894.696         963.111    -894.763             244             244
  100         974.082     241.389         974.126     241.316             100             100
  176        -664.479      13.682        -664.447      13.714             176             176
  239         -15.474    -614.666         -15.493    -614.680             239             239
  146        -457.818      45.387        -457.802      45.382             146             146
  210        -488.543     789.843        -488.500     789.860             210             210
  133        -205.432     156.408        -205.430     156.435             133             133
  211         -81.204    -605.165         -81.244    -605.156             211             211
  127         131.457    -648.083         131.423    -648.121             127             127
  101         144.209     520.365         144.264     520.320             101             101
   34       -1001.221     640.516       -1001.162     640.560              34              34
   39       -1158.366     525.639       -1158.352     525.708              39              39
   49        -379.407     456.257        -379.419     456.291              49              49
   18         121.295     284.259         121.282     284.271              18              18
  231         119.674    -207.071         119.647    -207.065             231             231
  126         279.991     -43.981         280.000     -44.000             126             126
   93       -1684.963     375.900       -1684.959     376.006              93              93
  194         529.885     757.101         529.894     757.096             194             194
   66        -871.667    -376.068        -871.729    -375.975              66              66
    1         819.458       2.894         819.420       2.873               1               1
  230        -145.782    -913.827        -145.858    -913.798             230             230
   12          34.952    -270.618          34.905    -270.617              12              12
  121         264.942    -605.349         264.876    -605.365             121             121
  220         326.319    -877.227         326.244    -877.274             220             220
  203         121.941    -438.362         121.901    -438.428             203             203
  210          60.153    1046.474          60.209    1046.433             210             210
    8         474.503     369.325         474.523     369.294               8               8
  179         101.017     236.462         101.041     236.461             179             179
  118           3.396     147.524           3.421     147.537             118             118
   39       -1128.955    -452.888       -1129.009    -452.811              39              39
  236         301.097     438.810         301.074     438.784             236             236
  219        1484.146    -157.813        1484.147    -157.913             219             219
  120        -631.303    -424.194        -631.286    -424.165             120             120
  115        -978.736     777.431        -978.672     777.502             115             115
  113        -953.311   -1053.621        -953.420   -1053.566             113             113
  115        -471.903     657.230        -471.903     657.218             115             115
  240        -423.525     925.597        -423.504     925.627             240             240
  139        -960.960      20.719        -961.040      20.795             139             139
  132         507.644     990.849         507.632     990.821             132             132
   90        -148.121     543.047        -148.150     543.108              90              90
  166         115.212    -397.036         115.099    -397.005             166             166
  255          68.576     -99.018          68.479     -99.010             255             255
  240         415.366     415.072         415.310     415.069             240             240
   14         -61.726    -122.782         -61.833    -122.723              14              14
  162        -497.899   -1549.758        -498.185   -1549.721             162             162
   84         513.817     700.613         513.638     700.548              84              84
  148        -155.285    -385.018        -155.766    -385.001             148             148
