SINAL     NFT                         FFT                         NFT INVERSA     FFT INVERSA
-----     -----------------------     -----------------------     -----------     -----------
  132       17581.000       0.000       17581.000       0.000             132             132
   31        -296.700    -582.544        -296.696    -582.544              31              31
  255         883.027     223.587         883.031     223.587             255             255
   65       -1122.960    -930.150       -1122.957    -930.148              65              65
  144         513.243     361.636         513.247     361.634             144             144
  157        -279.057     319.490        -279.051     319.491             157             157
    5        -792.558     313.624        -792.553     313.628               5               5
  247        -301.085     665.727        -301.080     665.730             247             247
  136        -186.410    -505.094        -186.410    -505.090             136             136
  170         -29.659    -355.576         -29.659    -355.575             170             170
  214         398.660     459.137         398.667     459.137             214             214
   53        -605.304   -1170.047        -605.308   -1170.042              53              53
  156        -520.103     -84.766        -520.104     -84.765             156             156
  171         327.625     316.839         327.626     316.835             171             171
  166         626.235     402.859         626.240     402.856             166             166
  216         769.336    -268.250         769.340    -268.254             216             216
  170        -598.803      74.434        -598.795      74.442             170             170
  143        -206.255    -364.851        -206.257    -364.846             143             143
  233         216.680     109.047         216.683     109.048             233             233
  169          14.158   -1309.575          14.146   -1309.577             169             169
  125         155.779     673.049         155.791     673.043             125             125
  103          84.259      51.725          84.266      51.728             103             103
   14        -451.129   -1141.851        -451.141   -1141.848              14              14
  218         174.376     272.909         174.382     272.897             218             218
   19        -226.639     705.795        -226.625     705.795              19              19
  200         285.029    -404.908         285.026    -404.916             200             200
  164        -116.653     953.936        -116.633     953.933             164             164
  167         109.582     739.297         109.597     739.299             167             167
  165         489.943     466.706         489.961     466.705             165             165
  184        -802.979    -114.856        -802.970    -114.835             184             184
   60        -389.678     378.592        -389.668     378.605              60              60
  153        -740.774     -82.824        -740.779     -82.801             153             153
   15         310.017    -684.995         310.000    -685.000              15              15
  212        -304.228     136.394        -304.227     136.396             212             212
   13         924.797     617.648         924.816     617.629              13              13
  157        -948.613     570.857        -948.592     570.891             157             157
  227         -85.113    -797.544         -85.131    -797.534             227             227
  244        -137.128      63.647        -137.123      63.647             244             244
  139        -637.859     812.653        -637.840     812.677             139             139
    8        -314.068    -574.958        -314.091    -574.937               8               8
   59         479.071    -852.011         479.045    -852.029              59              59
  119         291.103     892.946         291.136     892.934             119             119
  106        -575.146     210.683        -575.128     210.709             106             106
  163       -1339.655    -302.159       -1339.669    -302.114             163             163
   34         257.551    -369.635         257.529    -369.643              34              34
   44        -463.768      88.038        -463.768      88.048              44              44
  147        -434.942      -9.733        -434.950      -9.725             147             147
  101        -671.004     369.578        -671.007     369.595             101             101
  177        -699.183     232.421        -699.205     232.442             177             177
  220         133.862     749.497         133.849     749.497             220             220
  231         720.264     585.197         720.252     585.193             231             231
  126        1166.957    -444.128        1166.930    -444.148             126             126
  192        -118.497    -335.045        -118.519    -335.040             192             192
  202         849.306     477.190         849.306     477.162             202             202
  129         875.189     513.656         875.204     513.639             129             129
  171         272.496     200.152         272.501     200.165             171             171
  213         634.025    -782.902         633.992    -782.914             213             213
  117        1118.765     458.039        1118.793     458.003             117             117
  167        -143.148     -31.241        -143.132     -31.221             167             167
  109           9.619    -233.619           9.618    -233.610             109             109
  234        -724.770     137.768        -724.774     137.805             234             234
  239         380.564     115.648         380.544     115.652             239             239
  209        1136.172    -477.795        1136.149    -477.820             209             209
  200          48.223   -1192.268          48.180   -1192.275             200             200
  211         531.000       0.050         531.000       0.000             211             211
  152          48.131    1192.284          48.178    1192.276             152             152
   19        1136.123     477.849        1136.148     477.821              19              19
  194         380.522    -115.655         380.544    -115.651             194             194
  246        -724.778    -137.848        -724.773    -137.806             246             246
  144           9.617     233.599           9.618     233.610             144             144
  140        -143.113      31.196        -143.132      31.220             140             140
  133        1118.829    -457.956        1118.794    -458.001             133             133
  212         633.947     782.931         633.991     782.915             212             212
  134         272.508    -200.183         272.501    -200.165             134             134
   79         875.224    -513.614         875.204    -513.638              79              79
   65         849.305    -477.119         849.306    -477.160              65              65
  241        -118.552     335.033        -118.520     335.041             241             241
   85        1166.889     444.182        1166.929     444.151              85              85
  169         720.235    -585.186         720.253    -585.192             169             169
   17         133.828    -749.498         133.849    -749.497              17              17
   32        -699.240    -232.477        -699.204    -232.442              32              32
    8        -671.013    -369.626        -671.007    -369.596               8               8
   93        -434.966       9.707        -434.951       9.723              93              93
  191        -463.771     -88.067        -463.770     -88.048             191             191
  125         257.487     369.658         257.529     369.643             125             125
   78       -1339.699     302.022       -1339.670     302.112              78              78
   71        -575.092    -210.763        -575.129    -210.710              71              71
  194         291.208    -892.908         291.138    -892.933             194             194
   87         478.987     852.069         479.044     852.029              87              87
  136        -314.145     574.888        -314.092     574.936             136             136
  243        -637.792    -812.736        -637.838    -812.678             243             243
    0        -137.111     -63.649        -137.124     -63.647              -0               0
   28         -85.180     797.509         -85.132     797.534              28              28
  159        -948.534    -570.981        -948.591    -570.892             159             159
  215         924.872    -617.575         924.817    -617.628             215             215
    3        -304.224    -136.400        -304.227    -136.395               3               3
  188         309.948     685.014         310.000     685.000             188             188
  218        -740.792      82.723        -740.778      82.799             218             218
   26        -389.632    -378.652        -389.667    -378.606              26              26
  191        -802.944     114.760        -802.971     114.834             191             191
  229         490.028    -466.702         489.961    -466.705             229             229
  195         109.660    -739.304         109.599    -739.298             195             195
  154        -116.552    -953.920        -116.632    -953.933             154             154
  145         285.010     404.953         285.025     404.918             145             145
   69        -226.567    -705.800        -226.625    -705.796              69              69
  113         174.412    -272.841         174.383    -272.897             113             113
  129        -451.203    1141.832        -451.142    1141.847             129             129
   12          84.299     -51.739          84.265     -51.727              12              12
  218         155.860    -673.009         155.792    -673.043             218             218
  167          14.071    1309.589          14.144    1309.578             167             167
   95         216.705    -109.052         216.683    -109.047              95              95
   25        -206.272     364.818        -206.258     364.846              25              25
  171        -598.744     -74.502        -598.795     -74.442             171             171
   99         769.369     268.292         769.340     268.256              99              99
   98         626.282    -402.826         626.241    -402.855              98              98
   35         327.639    -316.802         327.626    -316.835              35              35
  205        -520.112      84.749        -520.104      84.764             205             205
  146        -605.359    1169.980        -605.310    1170.040             146             146
  242         398.745    -459.134         398.667    -459.136             242             242
  107         -29.662     355.563         -29.660     355.575             107             107
  126        -186.418     505.033        -186.411     505.090             126             126
  194        -300.986    -665.793        -301.079    -665.731             194             194
  156        -792.453    -313.701        -792.552    -313.628             156             156
  191        -278.910    -319.513        -279.051    -319.491             191             191
   97         513.387    -361.568         513.248    -361.633              97              97
   21       -1122.867     930.059       -1122.959     930.146              21              21
  192         883.300    -223.530         883.031    -223.585             192             192
   94        -296.292     582.500        -296.698     582.543              94              94
