SINAL     NFT                         FFT                         NFT INVERSA     FFT INVERSA
-----     -----------------------     -----------------------     -----------     -----------
  154       15530.000       0.000       15530.000       0.000             154             154
   90        -192.155    1416.181        -192.151    1416.181              90              90
   63        -953.870    -600.699        -953.868    -600.698              63              63
  164         177.934     104.053         177.937     104.054             164             164
   19         204.770    -109.597         204.773    -109.597              19              19
  173        -239.583     195.126        -239.579     195.129             173             173
  239        -361.288    -705.464        -361.287    -705.461             239             239
  192        -654.973    -657.540        -654.973    -657.537             192             192
   36         173.001    -656.021         172.999    -656.023              36              36
  214        -183.790     -89.393        -183.788     -89.393             214             214
   35         -54.461    -583.567         -54.462    -583.568              35              35
   86        -188.065     493.981        -188.061     493.981              86              86
   32         454.308    -775.702         454.305    -775.708              32              32
    9        -834.541    1077.822        -834.530    1077.826               9               9
  183        -214.479     366.811        -214.476     366.814             183             183
  170          84.404     778.270          84.411     778.273             170             170
  150        -606.309     427.507        -606.309     427.522             150             150
   55         765.809   -1160.306         765.792   -1160.309              55              55
   81         852.203     -10.999         852.202     -11.009              81              81
   35        1039.714     119.488        1039.721     119.479              35              35
   45           5.597    -610.478           5.598    -610.478              45              45
  228        -172.701     241.001        -172.692     240.999             228             228
  169        -266.995    1279.785        -266.974    1279.793             169             169
   11        -184.590    -283.718        -184.592    -283.705              11              11
  114        -399.177    -264.628        -399.185    -264.616             114             114
  253         943.280      99.252         943.279      99.244             253             253
   99         320.192    -516.624         320.189    -516.621              99              99
    8         598.800   -1061.820         598.791   -1061.833               8               8
  242        -333.142     311.428        -333.127     311.426             242             242
   70        -104.072     279.096        -104.061     279.096              70              70
   91         274.967     392.642         274.983     392.640              91              91
  148        -637.166      75.988        -637.156      76.006             148             148
   24        -184.005     -88.008        -184.000     -88.000              24              24
  192       -1143.797      49.994       -1143.794      50.020             192             192
  161        -725.102     386.181        -725.103     386.201             161             161
  142        -208.073     484.925        -208.075     484.942             142             142
  116        -225.448       5.819        -225.463       5.843             116             116
   17        1014.319   -1153.833        1014.288   -1153.847              17              17
   17       -1000.277    -478.074       -1000.292    -478.055              17              17
  219          47.735      99.360          47.718      99.354             219             219
  117         468.150     317.633         468.142     317.624             117             117
   33         229.090      -1.973         229.070      -1.972              33              33
  170        2240.604     -58.569        2240.599     -58.624             170             170
   18         397.209     295.554         397.236     295.553              18              18
  120        -449.775    -982.044        -449.799    -982.033             120             120
  229        1006.137    1526.781        1006.181    1526.759             229             229
  153         431.029    -518.515         431.029    -518.503             153             153
   74         102.000    -766.024         101.994    -766.020              74              74
  142        -385.695    -164.489        -385.691    -164.478             142             142
   29         312.875     384.227         312.895     384.225              29              29
   12        -761.852    -472.523        -761.863    -472.487              12              12
   80         260.643    -216.890         260.636    -216.893              80              80
  128        -990.861    -498.091        -990.887    -498.057             128             128
  144         606.262     -10.970         606.244     -10.995             144             144
   35         322.552     576.616         322.566     576.612              35              35
  170         552.593    -141.277         552.588    -141.276             170             170
  138         422.056    -553.781         422.045    -553.783             138             138
   66        -415.870    -413.494        -415.884    -413.473              66              66
   48         877.077    -225.267         877.073    -225.291              48              48
   43        -550.642    -583.139        -550.656    -583.108              43              43
   82           6.659   -1301.965           6.601   -1301.974              82              82
   13         532.650    -351.120         532.635    -351.166              13              13
  176         187.680     -35.911         187.688     -35.940             176             176
   99        -113.439     211.063        -113.424     211.053              99              99
   65        -170.000       0.003        -170.000       0.000              65              65
  170        -113.407    -211.042        -113.423    -211.053             170             170
  136         187.695      35.973         187.687      35.941             136             136
  205         532.618     351.218         532.634     351.167             205             205
  255           6.533    1301.984           6.599    1301.974             255             255
   41        -550.674     583.071        -550.657     583.107              41              41
  134         877.068     225.323         877.073     225.293             134             134
   81        -415.903     413.446        -415.885     413.472              81              81
    7         422.031     553.786         422.045     553.783               7               7
  239         552.580     141.278         552.588     141.277             239             239
    0         322.585    -576.607         322.565    -576.612              -0               0
  131         606.219      11.032         606.244      10.996             131             131
  252        -990.925     498.006        -990.888     498.056             252             252
  247         260.626     216.897         260.636     216.892             247             247
   47        -761.881     472.430        -761.863     472.486              47              47
  163         312.930    -384.221         312.897    -384.224             163             163
  208        -385.686     164.461        -385.691     164.478             208             208
   15         101.980     766.012         101.992     766.020              15              15
  179         431.026     518.483         431.028     518.504             179             179
  122        1006.268   -1526.715        1006.184   -1526.757             122             122
  117        -449.847     982.011        -449.800     982.033             117             117
  252         397.291    -295.550         397.236    -295.552             252             252
  240        2240.590      58.742        2240.599      58.627             240             240
   96         229.026       1.972         229.069       1.973              96              96
  157         468.123    -317.602         468.142    -317.623             157             157
   33          47.680     -99.341          47.718     -99.354              33              33
  139       -1000.331     478.005       -1000.294     478.053             139             139
  218        1014.207    1153.883        1014.284    1153.849             218             218
  218        -225.501      -5.906        -225.463      -5.843             218             218
  167        -208.078    -484.987        -208.074    -484.943             167             167
  200        -725.105    -386.258        -725.103    -386.203             200             200
  134       -1143.783     -50.097       -1143.794     -50.022             134             134
  122        -183.984      87.976        -184.000      88.000             122             122
  240        -637.122     -76.066        -637.155     -76.007             240             240
  149         275.038    -392.632         274.984    -392.639             149             149
  219        -104.026    -279.099        -104.061    -279.097             219             219
  128        -333.072    -311.424        -333.126    -311.427             128             128
  212         598.753    1061.882         598.789    1061.834             212             212
   85         320.172     516.613         320.187     516.622              85              85
  118         943.278     -99.208         943.279     -99.242             118             118
  109        -399.221     264.564        -399.186     264.616             109             109
   95        -184.606     283.643        -184.593     283.704              95              95
   88        -266.867   -1279.835        -266.972   -1279.794              88              88
  195        -172.643    -240.989        -172.692    -241.000             195             195
  118           5.604     610.480           5.597     610.478             118             118
  200        1039.765    -119.417        1039.722    -119.477             200             200
   55         852.199      11.073         852.202      11.010              55              55
   42         765.671    1160.331         765.788    1160.310              42              42
   31        -606.303    -427.628        -606.308    -427.522              31              31
  140          84.465    -778.294          84.412    -778.274             140             140
  235        -214.459    -366.840        -214.476    -366.814             235             235
  230        -834.425   -1077.864        -834.528   -1077.828             230             230
  193         454.276     775.766         454.305     775.708             193             193
   22        -188.009    -493.984        -188.060    -493.981              22              22
  152         -54.485     583.583         -54.463     583.568             152             152
  209        -183.766      89.387        -183.789      89.392             209             209
   52         172.970     656.042         172.998     656.023              52              52
   35        -654.993     657.467        -654.975     657.536              35              35
  223        -361.278     705.386        -361.289     705.460             223             223
   37        -239.475    -195.195        -239.578    -195.130              37              37
   57         204.864     109.581         204.773     109.597              57              57
   46         178.049    -104.066         177.937    -104.053              46              46
  138        -953.729     600.565        -953.869     600.696             138             138
   22        -191.609   -1416.225        -192.148   -1416.181              22              22
