SINAL     NFT                         FFT                         NFT INVERSA     FFT INVERSA
-----     -----------------------     -----------------------     -----------     -----------
   40       17364.000       0.000       17364.000       0.000              40              40
  151         812.502      24.528         812.506      24.528             151             151
    1         191.800    -489.098         191.803    -489.099               1               1
  237           6.116     342.235           6.121     342.235             237             237
  193         234.641    -389.483         234.644    -389.484             193             193
  148          38.030     936.812          38.038     936.813             148             148
  117        -689.924    -592.864        -689.921    -592.861             117             117
  184        -843.517     233.363        -843.513     233.366             184             184
  174        -291.179     231.590        -291.175     231.592             174             174
  214        -133.288    -116.510        -133.286    -116.508             214             214
  134        -303.322    -661.090        -303.325    -661.089             134             134
  100         678.794     150.729         678.799     150.722             100             100
  249        -643.193      45.982        -643.189      45.984             249             249
  155         347.479     996.057         347.490     996.054             155             155
  163          57.846      33.100          57.852      33.102             163             163
    3        -573.380    -125.800        -573.377    -125.794               3               3
  161        -107.215      67.696        -107.211      67.696             161             161
  238        -249.438     126.042        -249.433     126.046             238             238
  211        -287.936    -408.926        -287.939    -408.925             211             211
    2         168.950     452.080         168.959     452.075               2               2
  208       -1020.571     657.636       -1020.562     657.651             208             208
    3         433.468    -881.201         433.453    -881.208               3               3
  177         489.843     780.361         489.856     780.350             177             177
  214         616.387     439.688         616.402     439.680             214             214
  111         -53.774     365.995         -53.753     365.999             111             111
   31       -1433.844    -172.001       -1433.838    -171.978              31              31
  226        -990.972     138.806        -990.975     138.817             226             226
  174        -147.801    1119.745        -147.794    1119.747             174             174
  234         635.132     525.233         635.137     525.230             234             234
  186         206.879     379.627         206.887     379.632             186             186
   63         536.258     225.392         536.267     225.392              63              63
  155          15.806      66.112          15.816      66.119             155             155
  215        -184.027     905.981        -184.000     906.000             215             215
   63        -189.331    -682.558        -189.338    -682.536              63              63
   70        -711.239    -503.301        -711.248    -503.276              70              70
  126        -650.061    -923.161        -650.092    -923.147             126             126
  122        1162.288     445.000        1162.296     444.970             122             122
  102        -381.014      80.213        -381.006      80.227             102             102
  211        -133.208     595.117        -133.197     595.136             211             211
  134         364.904   -1230.848         364.871   -1230.846             134             134
   15         516.292     -61.960         516.294     -61.974              15              15
  170         853.966    -403.998         853.974    -404.021             170             170
    2       -1019.012      -5.652       -1018.994      -5.630               2               2
  195        -814.113     945.525        -814.096     945.555             195             195
  198        1239.790    -217.277        1239.783    -217.291             198             198
   16         228.515    -921.462         228.511    -921.463              16              16
  253        -432.233     481.070        -432.198     481.091             253             253
  230        -752.245   -1002.316        -752.262   -1002.284             230             230
   70        -542.778    -486.313        -542.789    -486.304              70              70
  129        -687.819     643.240        -687.801     643.265             129             129
  208        -178.714    -645.866        -178.741    -645.848             208             208
   29          84.932    -572.511          84.914    -572.517              29              29
   77        -579.587     476.769        -579.571     476.794              77              77
   63          -7.040    -560.456          -7.061    -560.441              63              63
   78        -586.249    -930.673        -586.288    -930.650              78              78
   84         187.774    -643.729         187.741    -643.745              84              84
  219         128.632     147.627         128.634     147.619             219             219
   77         242.443   -1028.927         242.407   -1028.941              77              77
   87         281.279    -109.151         281.286    -109.175              87              87
   82        -271.091    -254.688        -271.086    -254.684              82              82
  157        -580.504   -1107.989        -580.539   -1107.991             157             157
   61        -513.522     326.095        -513.513     326.080              61              61
   34        -464.262     836.209        -464.241     836.217              34              34
  153        -519.346    -410.952        -519.394    -410.934             153             153
  130        2168.000       0.106        2168.000       0.000             130             130
   15        -519.445     410.915        -519.395     410.934              15              15
  178        -464.216    -836.227        -464.240    -836.218             178             178
  209        -513.501    -326.064        -513.512    -326.080             209             209
  238        -580.582    1107.991        -580.540    1107.989             238             238
  135        -271.080     254.679        -271.086     254.684             135             135
  233         281.294     109.207         281.286     109.177             233             233
   87         242.360    1028.960         242.405    1028.942              87              87
  141         128.636    -147.609         128.634    -147.619             141             141
  140         187.696     643.769         187.740     643.746             140             140
  198        -586.343     930.618        -586.289     930.649             198             198
  205          -7.093     560.418          -7.062     560.441             205             205
   36        -579.547    -476.830        -579.570    -476.795              36              36
   67          84.887     572.525          84.913     572.517              67              67
  153        -178.784     645.821        -178.742     645.848             153             153
  143        -687.771    -643.307        -687.800    -643.266             143             143
  242        -542.806     486.287        -542.789     486.304             242             242
  110        -752.295    1002.227        -752.264    1002.283             110             110
  174        -432.133    -481.128        -432.197    -481.091             174             174
   30         228.501     921.464         228.509     921.463              30              30
   53        1239.771     217.321        1239.784     217.293              53              53
   62        -814.057    -945.617        -814.094    -945.557              62              62
  223       -1018.958       5.584       -1018.994       5.629             223             223
    3         853.992     404.072         853.973     404.023               3               3
  252         516.298      62.005         516.294      61.974             252             252
   34         364.792    1230.843         364.868    1230.847              34              34
  160        -133.168    -595.179        -133.196    -595.135             160             160
   91        -380.985     -80.262        -381.005     -80.228              91              91
  126        1162.316    -444.893        1162.296    -444.969             126             126
  222        -650.177     923.109        -650.094     923.145             222             222
  192        -711.272     503.204        -711.248     503.275             192             192
  106        -189.360     682.469        -189.340     682.535             106             106
  220        -183.920    -906.058        -184.000    -906.000             220             220
   42          15.849     -66.142          15.816     -66.120              42              42
   85         536.298    -225.387         536.268    -225.391              85              85
  232         206.915    -379.649         206.887    -379.632             232             232
  246         635.155    -525.215         635.137    -525.229             246             246
    0        -147.756   -1119.757        -147.791   -1119.747              -0               0
   97        -990.985    -138.865        -990.974    -138.819              97              97
  181       -1433.814     171.877       -1433.838     171.975             181             181
   88         -53.661    -366.015         -53.752    -365.999              88              88
  185         616.474    -439.640         616.403    -439.679             185             185
  236         489.922    -780.290         489.857    -780.348             236             236
  110         433.373     881.246         433.452     881.209             110             110
   56       -1020.514    -657.738       -1020.562    -657.653              56              56
   45         169.015    -452.043         168.960    -452.075              45              45
  196        -287.954     408.917        -287.939     408.925             196             196
  101        -249.401    -126.067        -249.433    -126.046             101             101
   76        -107.184     -67.702        -107.211     -67.696              76              76
   35        -573.350     125.746        -573.376     125.793              35              35
  147          57.904     -33.118          57.852     -33.101             147             147
  213         347.593    -996.023         347.492    -996.053             213             213
  185        -643.145     -46.003        -643.189     -45.984             185             185
  173         678.850    -150.639         678.799    -150.720             173             173
  187        -303.354     661.079        -303.325     661.090             187             187
  200        -133.260     116.484        -133.286     116.508             200             200
   79        -291.119    -231.621        -291.175    -231.592              79              79
  190        -843.429    -233.421        -843.512    -233.368             190             190
  232        -689.856     592.796        -689.922     592.860             232             232
   88          38.251    -936.809          38.041    -936.812              88              88
  180         234.755     389.522         234.644     389.485             180             180
   84           6.326    -342.221           6.122    -342.234              84              84
  249         192.024     489.125         191.803     489.099             249             249
  151         812.976     -24.467         812.506     -24.526             151             151
