SINAL     NFT                         FFT                         NFT INVERSA     FFT INVERSA
-----     -----------------------     -----------------------     -----------     -----------
  194       16828.000       0.000       16828.000       0.000             194             194
  104        -328.996    -604.053        -328.992    -604.053             104             104
   20          72.125     760.143          72.129     760.144              20              20
  246         137.301    -354.330         137.303    -354.329             246             246
  108         723.558   -1330.369         723.558   -1330.371             108             108
  202         288.053     540.717         288.058     540.715             202             202
  112         778.105     597.998         778.113     597.997             112             112
  140        -754.419    -698.893        -754.415    -698.889             140             140
  213        -450.240    -263.128        -450.236    -263.126             213             213
  148       -1319.944      77.953       -1319.941      77.959             148             148
  140        -188.183     183.308        -188.184     183.309             140             140
  249         714.481     171.032         714.483     171.028             249             249
   30         -12.117     -59.201         -12.115     -59.201              30              30
  115          88.940     544.402          88.945     544.402             115             115
   40         861.265      60.405         861.268      60.403              40              40
   54         190.032    -742.685         190.032    -742.684              54              54
   40          -9.095    -231.031          -9.091    -231.033              40              40
   69        -428.049     -58.126        -428.045     -58.126              69              69
  188          31.951     896.481          31.964     896.478             188             188
  140        -320.165     857.013        -320.153     857.021             140             140
  210          36.048     192.143          36.052     192.151             210             210
  192        -293.976    -525.857        -293.981    -525.848             192             192
   46        -197.729    -311.483        -197.734    -311.479              46              46
  106        -473.195       2.846        -473.199       2.852             106             106
  146         295.435     484.653         295.435     484.652             146             146
   88         761.105    -456.652         761.095    -456.660              88              88
  251         476.581    -353.619         476.577    -353.629             251             251
  179         290.474     116.338         290.477     116.327             179             179
   35         453.885    1032.781         453.904    1032.772              35              35
   12         757.494     391.819         757.510     391.814              12              12
   61        -552.895      47.450        -552.887      47.468              61              61
   88        -467.820     198.710        -467.820     198.725              88              88
  189         409.005     103.001         409.000     103.000             189             189
   39         617.325    -244.161         617.318    -244.169              39              39
   94         518.743       9.729         518.746       9.719              94              94
  249         401.993     375.402         402.007     375.397             249             249
  241         239.916     409.921         239.931     409.927             241             241
  172         145.502    -369.102         145.496    -369.095             172             172
  194         338.823     -39.395         338.823     -39.395             194             194
  125         711.322    -822.108         711.311    -822.125             125             125
  207        -321.841     342.095        -321.827     342.097             207             207
  178        1066.166    -246.291        1066.168    -246.325             178             178
   99        -768.905     917.641        -768.874     917.655              99              99
  188         732.356    1158.410         732.385    1158.403             188             188
  191         693.729    -358.191         693.732    -358.197             191             191
  209         -82.130     841.390         -82.091     841.405             209             209
  173        -304.027    -339.331        -304.031    -339.308             173             173
  185         -80.296     660.856         -80.282     660.872             185             185
  244        1183.083     124.980        1183.091     124.967             244             244
    5         390.061    -349.960         390.071    -349.952               5               5
  239        -310.996     114.207        -310.979     114.241             239             239
   52         324.027   -1549.583         323.983   -1549.582              52              52
   38         778.270    -463.357         778.277    -463.399              38              38
  228        -599.000     876.648        -598.949     876.666             228             228
   73         265.013    -505.541         265.012    -505.545              73              73
   44        -685.554     412.284        -685.528     412.306              44              44
  177         740.601     326.340         740.628     326.320             177             177
  191        -620.641     527.700        -620.598     527.740             191             191
   35        -514.746    -394.912        -514.756    -394.877              35              35
  222         771.345     202.591         771.371     202.573             222             222
   87        -945.357    -159.116        -945.339    -159.068              87              87
   91         443.193      44.078         443.224      44.069              91              91
  212       -2073.227     382.798       -2073.192     382.900             212             212
  228        -841.190    -917.397        -841.244    -917.352             228             228
  146         438.000       0.026         438.000       0.000             146             146
  182        -841.303     917.303        -841.246     917.350             182             182
  130       -2073.153    -383.013       -2073.191    -382.903             130             130
  191         443.258     -44.059         443.224     -44.069             191             191
   56        -945.320     159.010        -945.339     159.066              56              56
  233         771.403    -202.550         771.372    -202.572             233             233
   64        -514.768     394.833        -514.756     394.876              64              64
  185        -620.544    -527.791        -620.597    -527.741             185             185
   84         740.664    -326.294         740.629    -326.320              84              84
  118        -685.493    -412.337        -685.527    -412.307             118             118
  109         265.010     505.552         265.012     505.546             109             109
   33        -598.874    -876.695        -598.947    -876.668              33              33
  240         778.286     463.460         778.276     463.399             240             240
    6         323.915    1549.582         323.981    1549.583               6               6
  229        -310.951    -114.296        -310.978    -114.242             229             229
  112         390.087     349.939         390.071     349.953             112             112
  156        1183.104    -124.946        1183.091    -124.967             156             156
  100         -80.256    -660.900         -80.281    -660.873             100             100
  166        -304.038     339.265        -304.031     339.307             166             166
   20         -82.014    -841.434         -82.089    -841.405              20              20
  189         693.737     358.209         693.732     358.198             189             189
   18         732.447   -1158.388         732.388   -1158.402              18              18
  125        -768.807    -917.685        -768.872    -917.656             125             125
   14        1066.173     246.401        1066.168     246.328              14              14
  134        -321.796    -342.104        -321.827    -342.098             134             134
   31         711.280     822.169         711.309     822.127              31              31
   61         338.824      39.397         338.823      39.396              61              61
  156         145.481     369.077         145.495     369.095             156             156
   84         239.969    -409.941         239.932    -409.927              84              84
  136         402.043    -375.382         402.007    -375.397             136             136
  192         518.754      -9.691         518.747      -9.718             192             192
   24         617.297     244.192         617.317     244.171              24              24
  249         408.985    -102.998         409.000    -103.000             249             249
   27        -467.819    -198.775        -467.820    -198.726              27              27
  232        -552.855     -47.527        -552.886     -47.468             232             232
  132         757.567    -391.791         757.511    -391.812             132             132
  173         453.980   -1032.742         453.906   -1032.772             173             173
  160         290.491    -116.282         290.477    -116.326             160             160
  158         476.559     353.672         476.577     353.630             158             158
  104         761.050     456.694         761.093     456.661             104             104
  221         295.434    -484.647         295.435    -484.652             221             221
  204        -473.221      -2.881        -473.200      -2.853             204             204
  233        -197.757     311.461        -197.734     311.479             233             233
   68        -294.010     525.795        -293.982     525.847              68              68
  116          36.076    -192.198          36.052    -192.151             116             116
  175        -320.077    -857.072        -320.151    -857.022             175             175
   54          32.047    -896.461          31.965    -896.478              54              54
   21        -428.022      58.124        -428.046      58.125              21              21
   92          -9.063     231.049          -9.091     231.033              92              92
  183         190.024     742.685         190.031     742.685             183             183
   71         861.297     -60.373         861.268     -60.401              71              71
   26          88.993    -544.409          88.945    -544.402              26              26
   60         -12.097      59.197         -12.115      59.201              60              60
   63         714.502    -170.980         714.483    -171.027              63              63
  223        -188.189    -183.322        -188.184    -183.309             223             223
  214       -1319.909     -78.052       -1319.942     -77.961             214             214
   62        -450.183     263.100        -450.237     263.126              62              62
  164        -754.360     698.804        -754.416     698.887             164             164
   77         778.279    -597.961         778.114    -597.995              77              77
  153         288.204    -540.662         288.060    -540.714             153             153
  109         723.555    1330.436         723.556    1330.372             109             109
  203         137.398     354.286         137.303     354.329             203             203
   11          72.391    -760.159          72.130    -760.142              11              11
  201        -328.608     604.014        -328.994     604.052             201             201
