SINAL     NFT                         FFT                         NFT INVERSA     FFT INVERSA
-----     -----------------------     -----------------------     -----------     -----------
   19       18512.000       0.000       18512.000       0.000              19              19
  150         130.175     468.504         130.179     468.504             150             150
   99        -755.020     852.929        -755.015     852.929              99              99
  254         271.664     -62.870         271.667     -62.870             254             254
  222         162.400     452.677         162.405     452.677             222             222
   24        -143.437     217.817        -143.433     217.819              24              24
  223         968.736    -970.838         968.738    -970.839             223             223
   72        -685.159   -1449.519        -685.159   -1449.517              72              72
  199        -221.564    -408.283        -221.563    -408.287             199             199
  121         -86.234     793.182         -86.226     793.178             121             121
  128         270.481    1338.481         270.493    1338.481             128             128
  120          -3.450    -596.941          -3.448    -596.938             120             120
  167        -235.907     268.142        -235.900     268.144             167             167
   55        -319.786     139.491        -319.782     139.496              55              55
   45         586.233    -752.896         586.233    -752.899              45              45
  145        -622.257    -422.974        -622.252    -422.971             145             145
    7       -1045.331     -86.931       -1045.330     -86.924               7               7
    9         189.014     346.788         189.017     346.783               9               9
   47         434.660      78.426         434.665      78.420              47              47
  184          37.900     353.829          37.911     353.830             184             184
  187        -504.554    -793.957        -504.558    -793.952             187             187
  177         -79.708     332.965         -79.699     332.960             177             177
  243        -164.804     144.481        -164.797     144.479             243             243
  192        -303.576     538.097        -303.563     538.098             192             192
  152        -418.425     539.475        -418.414     539.482             152             152
  122         127.047     198.592         127.055     198.592             122             122
  224        -602.354     -65.926        -602.350     -65.918             224             224
  254        -138.818     652.037        -138.805     652.039             254             254
  126          46.757     464.903          46.774     464.907             126             126
  215       -1648.381      65.645       -1648.381      65.681             215             215
   46         811.497    -685.726         811.479    -685.744              46              46
   85        -307.172    1034.030        -307.146    1034.029              85              85
   34        -500.029    1373.978        -500.000    1374.000              34              34
   62        -190.649    -170.672        -190.655    -170.650              62              62
   17        -211.903     148.467        -211.903     148.488              17              17
  227         266.557    -906.490         266.538    -906.484             227             227
  174        -493.484    -276.091        -493.490    -276.077             174             174
  180         295.475    -413.695         295.465    -413.703             180             180
  236        -476.148     133.864        -476.145     133.874             236             236
  137        -179.933     382.338        -179.932     382.348             137             137
  165         504.240    -273.727         504.228    -273.731             165             165
  141         352.555    -381.640         352.549    -381.646             141             141
  206        -109.892     311.594        -109.882     311.602             206             206
  107         177.467       0.918         177.466       0.928             107             107
  151         311.609   -1028.361         311.582   -1028.361             151             151
  177         675.796    -513.294         675.793    -513.317             177             177
  193        -199.494    -340.896        -199.491    -340.898             193             193
  238         238.694      43.396         238.707      43.384             238             238
  192          15.315     -96.924          15.330     -96.924             192             192
  114        -723.052    -452.454        -723.055    -452.433             114             114
   60          54.895    -492.068          54.884    -492.082              60              60
  238        -297.470     306.815        -297.453     306.816             238             238
  169          92.989    -616.711          92.975    -616.726             169             169
   62         391.679     697.174         391.724     697.149              62              62
   88       -1033.889    -116.061       -1033.875    -116.029              88              88
  124         101.961       5.040         101.980       5.026             124             124
  178       -1924.272     362.440       -1924.252     362.499             178             178
   22        -523.068     670.379        -523.064     670.400              22              22
   96          76.848    -239.903          76.828    -239.905              96              96
  184        -158.676     568.463        -158.654     568.466             184             184
  240        -707.800     509.196        -707.787     509.232             240             240
  111        -385.333     711.167        -385.322     711.209             111             111
  137        -241.792   -1063.957        -241.861   -1063.925             137             137
  186         948.013    -552.113         947.978    -552.158             186             186
  100         124.000       0.020         124.000       0.000             100             100
  255         947.939     552.207         947.976     552.159             255             255
   86        -241.935    1063.892        -241.862    1063.926              86              86
  200        -385.310    -711.257        -385.322    -711.210             200             200
   43        -707.770    -509.272        -707.786    -509.232              43              43
  118        -158.628    -568.469        -158.653    -568.466             118             118
   83          76.803     239.908          76.827     239.906              83              83
   74        -523.057    -670.426        -523.063    -670.400              74              74
  160       -1924.226    -362.577       -1924.251    -362.500             160             160
  167         102.005      -5.007         101.980      -5.026             167             167
  154       -1033.855     115.982       -1033.875     116.027             154             154
   82         391.789    -697.112         391.725    -697.148              82              82
   18          92.953     616.750          92.974     616.727              18              18
  245        -297.428    -306.818        -297.453    -306.816             245             245
   25          54.867     492.102          54.883     492.082              25              25
  134        -723.062     452.398        -723.057     452.432             134             134
   39          15.355      96.923          15.330      96.924              39              39
  134         238.730     -43.363         238.707     -43.384             134             134
  245        -199.485     340.900        -199.491     340.897             245             245
  115         675.784     513.363         675.791     513.319             115             115
  179         311.526    1028.363         311.580    1028.362             179             179
  211         177.465      -0.948         177.466      -0.927             211             211
  221        -109.859    -311.618        -109.881    -311.602             221             221
  186         352.534     381.662         352.548     381.647             186             186
   48         504.200     273.739         504.228     273.732              48              48
   93        -179.929    -382.373        -179.931    -382.349              93              93
  189        -476.137    -133.897        -476.144    -133.874             189             189
  246         295.439     413.722         295.464     413.703             246             246
   83        -493.508     276.041        -493.491     276.076              83              83
  163         266.482     906.471         266.536     906.485             163             163
  222        -211.903    -148.547        -211.903    -148.489             222             222
  182        -190.672     170.585        -190.656     170.649             182             182
  122        -499.912   -1374.067        -500.000   -1374.000             122             122
  143        -307.062   -1034.028        -307.145   -1034.029             143             143
  225         811.418     685.809         811.478     685.746             225             225
  238       -1648.382     -65.812       -1648.381     -65.685             238             238
  253          46.834    -464.922          46.774    -464.907             253             253
   25        -138.752    -652.045        -138.804    -652.039              25              25
  151        -602.335      65.882        -602.350      65.917             151             151
  167         127.089    -198.592         127.056    -198.592             167             167
  182        -418.363    -539.513        -418.413    -539.482             182             182
    1        -303.501    -538.103        -303.562    -538.098               1               1
  218        -164.759    -144.468        -164.795    -144.478             218             218
   71         -79.654    -332.935         -79.699    -332.960              71              71
  216        -504.582     793.928        -504.559     793.952             216             216
   75          37.981    -353.833          37.912    -353.830              75              75
  178         434.696     -78.381         434.665     -78.419             178             178
  248         189.038    -346.751         189.018    -346.783             248             248
  203       -1045.322      86.877       -1045.330      86.924             203             203
  157        -622.221     422.945        -622.253     422.971             157             157
  246         586.226     752.932         586.232     752.900             246             246
  181        -319.739    -139.545        -319.781    -139.497             181             181
  202        -235.828    -268.165        -235.899    -268.144             202             202
   88          -3.435     596.912          -3.449     596.938              88              88
  177         270.647   -1338.475         270.495   -1338.480             177             177
   78         -86.120    -793.128         -86.225    -793.178              78              78
  147        -221.539     408.343        -221.563     408.287             147             147
  109        -685.176    1449.485        -685.161    1449.517             109             109
  212         968.757     970.872         968.736     970.841             212             212
  161        -143.330    -217.885        -143.432    -217.820             161             161
   32         162.559    -452.687         162.406    -452.676              32              32
  184         271.800      62.871         271.667      62.871             184             184
  189        -754.709    -853.000        -755.015    -852.931             189             189
  174         130.720    -468.463         130.179    -468.504             174             174
