SINAL     NFT                         FFT                         NFT INVERSA     FFT INVERSA
-----     -----------------------     -----------------------     -----------     -----------
  207       16047.000       0.000       16047.000       0.000             207             207
  195        1182.437     563.960        1182.440     563.960             195             195
  175         861.660     260.250         861.664     260.250             175             175
  185        -476.626    -133.218        -476.622    -133.216             185             185
   49          -9.661     115.801          -9.657     115.802              49              49
  248         -64.439     -58.117         -64.435     -58.114             248             248
  225        -236.782    -198.472        -236.779    -198.468             225             225
   77          38.741    -625.629          38.742    -625.627              77              77
  109        -317.034    -479.693        -317.033    -479.690             109             109
  158          21.738    -136.924          21.739    -136.923             158             158
  179         701.794    -468.186         701.794    -468.188             179             179
   11         427.097    -577.533         427.099    -577.535              11              11
  220        -711.019      42.425        -711.014      42.431             220             220
  133         191.243    -853.766         191.237    -853.768             133             133
  136         700.643    1205.317         700.657    1205.312             136             136
  187        -192.878    -904.467        -192.881    -904.461             187             187
   71         -83.594    -366.185         -83.595    -366.186              71              71
  153        -111.176     410.605        -111.171     410.607             153             153
   10         211.581    -532.410         211.573    -532.413              10              10
  218        1591.967     883.339        1591.982     883.322             218             218
  253        -350.380     250.192        -350.367     250.204             253             253
    0         -70.559    -240.810         -70.558    -240.801               0              -0
  102         155.205    -820.014         155.198    -820.012             102             102
   23        -390.687    -700.998        -390.697    -700.996              23              23
  209         837.515     472.808         837.523     472.792             209             209
  210         118.768     734.827         118.784     734.832             210             210
   87         446.810    -402.997         446.806    -402.994              87              87
  165         386.019    -677.382         386.012    -677.383             165             165
  190         795.035    -694.129         795.033    -694.144             190             190
   37        -136.740    -153.465        -136.731    -153.467              37              37
   73         136.739     -50.693         136.747     -50.701              73              73
   75        -137.771     739.092        -137.750     739.096              75              75
   33         332.996    -242.000         333.000    -242.000              33              33
   37        -167.905    -334.208        -167.901    -334.201              37              37
  129        -128.411   -1110.168        -128.426   -1110.176             129             129
  117         -90.180     860.511         -90.151     860.498             117             117
  154        -543.638     332.799        -543.622     332.803             154             154
  146        -506.546    1318.043        -506.515    1318.057             146             146
   82         221.883     219.524         221.890     219.528              82              82
   44        -703.368     593.610        -703.354     593.635              44              44
  156         190.048     324.804         190.051     324.809             156             156
   82         176.997     868.626         177.020     868.640              82              82
  105          95.760     -13.576          95.765     -13.552             105             105
   77        -798.303    -721.969        -798.326    -721.933              77              77
  114         451.236       1.926         451.228       1.921             114             114
   51        -121.780     368.461        -121.776     368.482              51              51
  126         490.305    -827.961         490.274    -827.957             126             126
   83         503.593    -991.203         503.563    -991.218              83              83
  120         671.592    -188.152         671.595    -188.186             120             120
   41          13.786     287.955          13.809     287.941              41              41
   67        -369.733    1474.359        -369.682    1474.379              67              67
  189          83.331     388.406          83.340     388.435             189             189
   88         353.542    -483.371         353.523    -483.356              88              88
  242        1178.812      51.282        1178.832      51.269             242             242
  116        -940.985   -1384.302        -941.016   -1384.255             116             116
  157         568.112    -534.267         568.101    -534.291             157             157
   42        -202.545    -447.667        -202.541    -447.673              42              42
   12        -752.158     842.229        -752.120     842.256              12              12
  234        -365.398    -339.441        -365.417    -339.414             234             234
   39          92.515    -720.582          92.479    -720.593              39              39
  216         502.829    1041.265         502.877    1041.247             216             216
  194        -957.411    -633.089        -957.437    -633.042             194             194
  139         754.963    -107.517         754.954    -107.555             139             139
   20        -480.795     909.971        -480.757     909.996              20              20
  194         311.000      -0.013         311.000       0.000             194             194
  155        -480.713    -910.024        -480.754    -909.997             155             155
   43         754.945     107.598         754.954     107.556              43              43
   43        -957.467     632.987        -957.438     633.040              43              43
  179         502.933   -1041.226         502.878   -1041.246             179             179
  100          92.437     720.606          92.479     720.593             100             100
  189        -365.442     339.380        -365.418     339.413             189             189
   25        -752.071    -842.292        -752.118    -842.258              25              25
  246        -202.537     447.680        -202.542     447.673             246             246
  127         568.086     534.326         568.101     534.292             127             127
  181        -941.061    1384.187        -941.018    1384.253             181             181
   45        1178.860     -51.247        1178.832     -51.267              45              45
   63         353.494     483.336         353.522     483.357              63              63
   21          83.354    -388.478          83.341    -388.435              21              21
   44        -369.598   -1474.410        -369.679   -1474.380              44              44
  193          13.847    -287.919          13.809    -287.941             193             193
  188         671.601     188.242         671.595     188.186             188             188
  248         503.509     991.247         503.561     991.219             248             248
  113         490.216     827.950         490.273     827.957             113             113
   15        -121.766    -368.523        -121.775    -368.483              15              15
   47         451.212      -1.910         451.228      -1.921              47              47
   60        -798.374     721.856        -798.327     721.930              60              60
    2          95.776      13.503          95.765      13.552               2               2
  254         177.072    -868.668         177.021    -868.640             254             254
   21         190.058    -324.820         190.052    -324.809              21              21
  192        -703.319    -593.695        -703.352    -593.637             192             192
   70         221.908    -219.536         221.890    -219.528              70              70
  254        -506.436   -1318.091        -506.513   -1318.057             254             254
    8        -543.582    -332.817        -543.622    -332.805               8               8
  158         -90.070    -860.463         -90.149    -860.498             158             158
  126        -128.469    1110.198        -128.427    1110.176             126             126
   96        -167.889     334.181        -167.901     334.201              96              96
  197         333.013     242.000         333.000     242.000             197             197
    8        -137.677    -739.109        -137.748    -739.096               8               8
   86         136.774      50.728         136.747      50.701              86              86
  176        -136.699     153.476        -136.731     153.467             176             176
  152         795.024     694.203         795.032     694.145             152             152
  215         385.986     677.390         386.012     677.384             215             215
  210         446.793     402.981         446.806     402.994             210             210
   40         118.851    -734.851         118.785    -734.831              40              40
   37         837.558    -472.718         837.524    -472.791              37              37
  132        -390.745     700.985        -390.698     700.996             132             132
  209         155.160     820.000         155.197     820.012             209             209
  235         -70.554     240.751         -70.559     240.801             235             235
   26        -350.296    -250.271        -350.367    -250.205              26              26
  174        1592.076    -883.211        1591.984    -883.318             174             174
  109         211.520     532.431         211.572     532.413             109             109
   97        -111.139    -410.617        -111.171    -410.606              97              97
  191         -83.604     366.190         -83.595     366.186             191             191
  129        -192.911     904.414        -192.883     904.461             129             129
  233         700.778   -1205.270         700.660   -1205.312             233             233
  191         191.177     853.796         191.236     853.769             191             191
   91        -710.975     -42.492        -711.015     -42.432              91              91
  246         427.115     577.564         427.098     577.536             246             246
  159         701.788     468.219         701.792     468.189             159             159
  152          21.746     136.903          21.738     136.923             152             152
  254        -317.029     479.645        -317.034     479.690             254             254
  113          38.751     625.589          38.741     625.627             113             113
   85        -236.721     198.395        -236.779     198.468              85              85
  178         -64.341      58.058         -64.436      58.114             178             178
  131          -9.526    -115.846          -9.656    -115.803             131             131
   38        -476.446     133.132        -476.623     133.215              38              38
   79         861.953    -260.226         861.665    -260.249              79              79
  152        1182.915    -563.882        1182.442    -563.957             152             152
