SINAL     NFT                         FFT                         NFT INVERSA     FFT INVERSA
-----     -----------------------     -----------------------     -----------     -----------
  156       15999.000       0.000       15999.000       0.000             156             156
  119        -818.673    -536.814        -818.670    -536.814             119             119
   45         -26.698      -1.449         -26.695      -1.449              45              45
   43        -777.379     692.261        -777.375     692.262              43              43
   28        -636.730    -139.375        -636.729    -139.374              28              28
    7         847.999    1051.198         848.004    1051.195               7               7
  110        -758.325     235.482        -758.322     235.486             110             110
  197        -252.258     764.462        -252.254     764.464             197             197
   36         696.320     146.528         696.323     146.527              36              36
    6         -27.494      54.017         -27.490      54.020               6               6
  231        -401.909     -57.017        -401.906     -57.012             231             231
   34        -730.657    -159.314        -730.659    -159.308              34              34
  105         853.685     353.830         853.687     353.827             105             105
  132          58.019    -825.923          58.015    -825.922             132             132
   87        -455.778     255.540        -455.777     255.544              87              87
  246         520.907    -254.863         520.901    -254.867             246             246
  210         558.216       3.631         558.214       3.624             210             210
  168         780.539    1084.045         780.549    1084.041             168             168
   25        2013.044    -889.112        2013.041    -889.129              25              25
  183         273.934    -396.019         273.945    -396.025             183             183
   29        -750.179     919.659        -750.158     919.667              29              29
  238        -628.447     507.932        -628.440     507.947             238             238
  195         455.899    -139.534         455.895    -139.532             195             195
  201         263.351      -9.899         263.352      -9.896             201             201
  127         703.507    -653.483         703.501    -653.490             127             127
    0         497.908    -452.551         497.909    -452.561              -0              -0
   61         326.252     553.753         326.274     553.749              61              61
   78        -914.960    -441.597        -914.961    -441.578              78              78
  243         788.774      60.417         788.781      60.404             243             243
  248        -359.984    -254.622        -359.976    -254.618             248             248
  139        -481.081     550.116        -481.062     550.122             139             139
  143       -1178.808     443.251       -1178.802     443.278             143             143
  233         563.992     578.999         564.000     579.000             233             233
   82        -850.597    -922.589        -850.621    -922.562              82              82
   63         322.288    -507.544         322.264    -507.558              63              63
  186        1276.180     862.611        1276.200     862.578             186             186
  206         -40.254     581.068         -40.233     581.077             206             206
   37         230.940      68.056         230.945      68.061              37              37
   58         201.817    -110.590         201.819    -110.590              58              58
   27         271.781     878.169         271.806     878.172              27              27
   47         724.870     231.259         724.888     231.263              47              47
  227          34.405    -416.594          34.414    -416.573             227             227
   90        -863.702   -1111.567        -863.724   -1111.535              90              90
  241         932.634    -223.927         932.640    -223.955             241             241
  202        -824.197     277.494        -824.169     277.523             202             202
  120        -638.646    -784.341        -638.659    -784.321             120             120
   54       -1199.156     545.941       -1199.145     545.975              54              54
   34        -183.404     -35.355        -183.419     -35.339              34              34
  231        -300.197     -98.396        -300.214     -98.376             231             231
  106          66.788    -339.524          66.761    -339.518             106             106
  253         312.214    -538.799         312.181    -538.809             253             253
  211         909.477    -109.169         909.472    -109.203             211             211
  230        -272.965      98.055        -272.963      98.060             230             230
  120        1030.482     651.706        1030.504     651.680             120             120
  113         679.826    -415.153         679.835    -415.163             113             113
  177        -697.196      62.980        -697.175      63.014             177             177
   15        -260.696    -548.740        -260.711    -548.722              15              15
   84        -299.951    -995.384        -299.986    -995.389              84              84
   85        -431.697    1035.258        -431.664    1035.259              85              85
  156         -69.411     671.433         -69.397     671.451             156             156
  158         -70.195    -248.346         -70.217    -248.323             158             158
   19         384.485    -220.413         384.466    -220.413              19              19
   70         115.033    -982.324         114.988    -982.329              70              70
  234         687.996     107.247         688.003     107.208             234             234
  136        -395.000      -0.011        -395.000       0.000             136             136
  198         688.010    -107.164         688.003    -107.206             198             198
   67         114.936     982.335         114.986     982.329              67              67
   81         384.446     220.413         384.466     220.413              81              81
  200         -70.243     248.296         -70.218     248.323             200             200
  187         -69.378    -671.473         -69.395    -671.451             187             187
   45        -431.623   -1035.261        -431.663   -1035.260              45              45
  202        -300.030     995.394        -299.987     995.389             202             202
  244        -260.731     548.697        -260.712     548.721             244             244
  188        -697.146     -63.061        -697.175     -63.016             188             188
  148         679.846     415.179         679.835     415.165             148             148
  185        1030.535    -651.641        1030.505    -651.678             185             185
   89        -272.961     -98.068        -272.963     -98.060              89              89
  250         909.463     109.258         909.471     109.206             250             250
   97         312.130     538.823         312.181     538.810              97              97
  112          66.716     339.506          66.760     339.518             112             112
  193        -300.242      98.343        -300.214      98.376             193             193
  161        -183.446      35.312        -183.419      35.339             161             161
   46       -1199.124    -546.041       -1199.144    -545.978              46              46
  210        -638.686     784.283        -638.661     784.320             210             210
   64        -824.114    -277.580        -824.168    -277.524              64              64
   12         932.650     224.014         932.639     223.957              12              12
   81        -863.773    1111.469        -863.726    1111.534              81              81
  195          34.432     416.526          34.413     416.572             195             195
  155         724.927    -231.271         724.888    -231.262             155             155
    8         271.867    -878.179         271.808    -878.172               8               8
    9         201.822     110.592         201.819     110.590               9               9
   11         230.958     -68.073         230.945     -68.061              11              11
  150         -40.177    -581.099         -40.232    -581.077             150             150
   74        1276.254    -862.487        1276.200    -862.575              74              74
   75         322.195     507.598         322.263     507.559              75              75
  246        -850.692     922.482        -850.623     922.560             246             246
   71         564.025    -579.003         564.000    -579.000              71              71
  132       -1178.783    -443.367       -1178.802    -443.280             132             132
  161        -480.997    -550.147        -481.061    -550.124             161             161
  170        -359.948     254.603        -359.976     254.617             170             170
    9         788.807     -60.351         788.781     -60.402               9               9
  213        -914.965     441.506        -914.962     441.577             213             213
  184         326.365    -553.730         326.276    -553.748             184             184
   56         497.916     452.604         497.909     452.561              56              56
   32         703.474     653.517         703.501     653.490              32              32
  115         263.357       9.881         263.351       9.896             115             115
  217         455.880     139.527         455.895     139.533             217             217
  128        -628.402    -508.026        -628.439    -507.949             128             128
  153        -750.037    -919.714        -750.157    -919.668             153             153
   24         274.007     396.065         273.944     396.026              24              24
  159        2013.019     889.242        2013.040     889.133             159             159
   62         780.615   -1084.011         780.551   -1084.039              62              62
   81         558.199      -3.572         558.214      -3.624              81              81
  248         520.855     254.900         520.900     254.868             248             248
  161        -455.770    -255.579        -455.777    -255.545             161             161
   20          57.971     825.909          58.013     825.922              20              20
   50         853.703    -353.792         853.687    -353.825              50              50
   32        -730.684     159.232        -730.659     159.305              32              32
  236        -401.880      56.952        -401.907      57.011             236             236
   68         -27.438     -54.057         -27.490     -54.020              68              68
  189         696.359    -146.513         696.323    -146.526             189             189
  231        -252.183    -764.511        -252.253    -764.465             231             231
  122        -758.243    -235.562        -758.321    -235.487             122             122
  122         848.147   -1051.120         848.006   -1051.193             122             122
  111        -636.689     139.339        -636.729     139.374             111             111
   23        -777.191    -692.309        -777.374    -692.263              23              23
  132         -26.496       1.485         -26.696       1.449             132             132
  129        -818.296     536.757        -818.671     536.813             129             129
