SINAL     NFT                         FFT                         NFT INVERSA     FFT INVERSA
-----     -----------------------     -----------------------     -----------     -----------
  194       16727.000       0.000       16727.000       0.000             194             194
   22         357.148     100.384         357.151     100.383              22              22
  251         -67.429     815.984         -67.425     815.984             251             251
  103         641.133     142.942         641.137     142.942             103             103
  118        -207.952    -340.103        -207.949    -340.103             118             118
   15         554.859     958.065         554.865     958.064              15              15
  208         199.013    -231.133         199.017    -231.132             208             208
  115        -543.676     -29.748        -543.672     -29.746             115             115
   34         376.031     247.544         376.036     247.542              34              34
  224          35.540      87.138          35.546      87.138             224             224
  239        -732.101     257.463        -732.096     257.467             239             239
   66         272.448     841.469         272.455     841.470              66              66
  110         -12.876    -295.930         -12.876    -295.925             110             110
   36         640.600    -526.254         640.599    -526.258              36              36
   79         247.399     -64.193         247.403     -64.197              79              79
   87         513.135    1018.375         513.149    1018.374              87              87
  255         219.402    -391.278         219.406    -391.275             255             255
   47        -326.289     169.100        -326.280     169.109              47              47
   33        -378.834   -1092.723        -378.842   -1092.716              33              33
  208         -89.864    -218.630         -89.865    -218.632             208             208
   75         156.445    -617.980         156.441    -617.987              75              75
  161         161.138     764.671         161.153     764.664             161             161
  146        -430.849     279.483        -430.841     279.488             146             146
  158         170.399     768.236         170.412     768.236             158             158
  116           1.110     -42.460           1.113     -42.456             116             116
   88          69.499    1017.187          69.518    1017.196              88              88
  176           2.638   -1112.975           2.625   -1112.963             176             176
   83          85.746   -1072.192          85.733   -1072.200              83              83
   26          29.763    1001.284          29.787    1001.280              26              26
  129        -362.740    -686.776        -362.748    -686.770             129             129
  138         525.707     289.202         525.723     289.185             138             138
  203       -1140.900     938.384       -1140.872     938.408             203             203
   86        -832.994     -64.025        -833.000     -64.000              86              86
  187          -4.769    -338.094          -4.784    -338.094             187             187
  121        -200.854     250.929        -200.856     250.931             121             121
  116         760.880     -10.619         760.881     -10.638             116             116
  111       -1074.206     146.052       -1074.204     146.071             111             111
   71          38.920     512.010          38.917     512.001              71              71
   13         611.803    1351.239         611.827    1351.227              13              13
  168         196.644     883.748         196.660     883.761             168             168
  134         539.228      90.047         539.226      90.054             134             134
  255         364.110    -438.540         364.094    -438.537             255             255
   31        1665.671    -335.182        1665.674    -335.228              31              31
  239        -357.010    1106.185        -356.958    1106.203             239             239
  215        -162.492    -897.041        -162.508    -897.029             215             215
  236          25.167     648.389          25.193     648.384             236             236
  161         224.387     450.521         224.412     450.517             161             161
  109        -158.039     883.149        -157.995     883.163             109             109
  253        -657.455    1092.675        -657.407    1092.725             253             253
  111       -1414.911    -589.852       -1414.937    -589.776             111             111
  233         131.109    -737.133         131.070    -737.128             233             233
  142        -191.803     121.410        -191.803     121.416             142             142
   57       -1265.244     325.147       -1265.256     325.193              57              57
  126         636.438     787.980         636.429     787.977             126             126
   15         976.467    -444.416         976.441    -444.432              15              15
  223         -37.882     416.104         -37.875     416.116             223             223
   38        1131.611     296.073        1131.625     296.052              38              38
   65        -720.724     -43.002        -720.718     -42.957              65              65
  122        -371.171     347.208        -371.175     347.246             122             122
  253         128.468    -428.007         128.431    -427.987             253             253
   77         -71.384    -551.164         -71.434    -551.151              77              77
   92         897.991     130.892         897.967     130.862              92              92
   45         829.053     314.955         829.046     314.940              45              45
    4        1550.225    -503.451        1550.208    -503.498               4               4
  108        -201.000      -0.012        -201.000       0.000             108             108
  168        1550.188     503.550        1550.207     503.501             168             168
  130         829.040    -314.923         829.047    -314.939             130             130
  242         897.941    -130.828         897.967    -130.861             242             242
   82         -71.491     551.136         -71.434     551.151              82              82
   83         128.385     427.962         128.429     427.986              83              83
  114        -371.178    -347.293        -371.174    -347.247             114             114
  159        -720.710      42.898        -720.718      42.955             159             159
   98        1131.644    -296.024        1131.625    -296.052              98              98
  229         -37.864    -416.132         -37.874    -416.117             229             229
   85         976.403     444.456         976.440     444.433              85              85
    1         636.418    -787.970         636.430    -787.976               1               1
  160       -1265.274    -325.263       -1265.256    -325.194             160             160
  248        -191.803    -121.426        -191.803    -121.417             248             248
   17         131.008     737.120         131.069     737.128              17              17
   91       -1414.978     589.649       -1414.938     589.772              91              91
  220        -657.325   -1092.809        -657.406   -1092.725             220             220
  136        -157.918    -883.188        -157.994    -883.164             136             136
  221         224.457    -450.510         224.412    -450.517             221             221
   23          25.241    -648.374          25.194    -648.384              23              23
   41        -162.540     897.008        -162.509     897.029              41              41
  234        -356.852   -1106.239        -356.955   -1106.204             234             234
   84        1665.679     335.326        1665.673     335.231              84              84
   66         364.059     438.531         364.094     438.538              66              66
   59         539.221     -90.070         539.226     -90.054              59              59
   80         196.701    -883.791         196.662    -883.761              80              80
  226         611.886   -1351.196         611.829   -1351.226             226             226
  156          38.910    -511.979          38.917    -512.001             156             156
   86       -1074.198    -146.120       -1074.203    -146.072              86              86
   39         760.882      10.690         760.880      10.640              39              39
  190        -200.861    -250.938        -200.856    -250.932             190             190
  214          -4.827     338.092          -4.785     338.094             214             214
   14        -833.019      63.924        -833.000      64.000              14              14
  191       -1140.782    -938.488       -1140.871    -938.410             191             191
  218         525.773    -289.126         525.723    -289.184             218             218
    4        -362.777     686.746        -362.749     686.769               4               4
  242          29.878   -1001.265          29.788   -1001.279             242             242
  206          85.680    1072.228          85.732    1072.200             206             206
  128           2.566    1112.918           2.622    1112.963             128             128
  220          69.604   -1017.235          69.521   -1017.197             220             220
   27           1.126      42.437           1.113      42.455              27              27
  124         170.475    -768.237         170.413    -768.236             124             124
   94        -430.803    -279.514        -430.841    -279.489              94              94
  100         161.236    -764.625         161.155    -764.663             100             100
   82         156.413     618.029         156.440     617.988              82              82
  236         -89.867     218.637         -89.865     218.631             236             236
  234        -378.895    1092.671        -378.844    1092.715             234             234
  204        -326.218    -169.169        -326.278    -169.110             204             204
    0         219.435     391.251         219.406     391.275               0               0
   75         513.268   -1018.356         513.151   -1018.372              75              75
  217         247.432      64.228         247.402      64.197             217             217
   38         640.581     526.294         640.598     526.259              38              38
  247         -12.883     295.878         -12.877     295.925             247             247
   68         272.535    -841.481         272.457    -841.469              68              68
  174        -732.041    -257.527        -732.096    -257.470             174             174
  162          35.619     -87.141          35.546     -87.138             162             162
  112         376.108    -247.517         376.036    -247.542             112             112
  161        -543.605      29.700        -543.672      29.745             161             161
  248         199.099     231.122         199.016     231.132             248             248
   47         555.035    -958.025         554.867    -958.062              47              47
  238        -207.860     340.093        -207.949     340.103             238             238
  121         641.300    -142.910         641.137    -142.941             121             121
  157         -67.141    -815.984         -67.423    -815.985             157             157
  196         357.602    -100.324         357.151    -100.382             196             196
