SINAL     NFT                         FFT                         NFT INVERSA     FFT INVERSA
-----     -----------------------     -----------------------     -----------     -----------
    4       16152.000       0.000       16152.000       0.000               4               4
  115        -386.528     675.021        -386.524     675.020             115             115
  226         326.013    1370.373         326.018    1370.373             226             226
  158        -269.588    -439.771        -269.585    -439.770             158             158
  156        -529.790    -407.098        -529.788    -407.096             156             156
   46         481.888     205.533         481.891     205.532              46              46
   61         -78.947     734.803         -78.941     734.805              61              61
  125         235.981   -1027.048         235.981   -1027.046             125             125
  216        -330.843    -165.081        -330.840    -165.079             216             216
   82         201.154    -346.338         201.154    -346.339              82              82
    8         607.841    -291.081         607.844    -291.086               8               8
  139        -316.506      92.302        -316.499      92.303             139             139
   47        -556.064     425.649        -556.057     425.654              47              47
  163         257.483     117.545         257.488     117.546             163             163
   28        -599.902     -69.815        -599.899     -69.807              28              28
  167         221.672    -487.820         221.670    -487.819             167             167
  118         -56.937    -744.569         -56.940    -744.569             118             118
   19        -326.457       9.245        -326.454       9.248              19              19
  169        -211.825    -952.785        -211.835    -952.785             169             169
  231         662.108      68.250         662.110      68.237             231             231
  116         992.722    -146.044         992.730    -146.062             116             116
   60          72.437     605.513          72.461     605.510              60              60
   46        -650.878    -398.933        -650.867    -398.926              46              46
  124       -1115.047     346.269       -1115.032     346.281             124             124
    1       -1373.054     328.893       -1373.046     328.914               1               1
  236       -1049.972    -117.865       -1049.981    -117.845             236             236
   51         441.474    -905.774         441.453    -905.786              51              51
  166        -197.080     363.177        -197.073     363.170             166             166
   32         237.134     798.753         237.155     798.747              32              32
   17       -1640.787     155.589       -1640.787     155.621              17              17
  168         786.464    -388.669         786.451    -388.685             168             168
   71        -761.849     466.910        -761.842     466.921              71              71
   29          63.002     346.999          63.000     347.000              29              29
   70         635.805    -126.190         635.798    -126.201              70              70
   85         561.627     243.503         561.636     243.492              85              85
   75         662.290      57.617         662.306      57.610              75              75
  109        -915.164    -956.796        -915.173    -956.778             109             109
  162        -210.917     312.701        -210.907     312.697             162             162
   97        -365.061      55.561        -365.058      55.567              97              97
  159         -51.586    -231.722         -51.592    -231.726             159             159
  205        -182.839      18.815        -182.841      18.808             205             205
  175         770.023     939.981         770.054     939.957             175             175
  154        -320.941     120.957        -320.923     120.969             154             154
  106        -388.326     -48.576        -388.317     -48.568             106             106
  237        -559.763     382.485        -559.747     382.497             237             237
   24        -681.917      -7.748        -681.923      -7.736              24              24
  136         573.108    1314.993         573.147    1314.979             136             136
  176        -481.001     355.489        -480.980     355.524             176             176
   78        -805.052    -184.611        -805.059    -184.569              78              78
  112        -419.376    -232.188        -419.398    -232.165             112             112
  179         720.388    -460.988         720.369    -461.009             179             179
  190        -424.158     420.340        -424.141     420.362             190             190
  224         233.346   -1171.269         233.309   -1171.275             224             224
   63        -259.247    -402.447        -259.252    -402.462              63              63
  164        -783.583     589.650        -783.566     589.653             164             164
  174          24.065    1391.746          24.104    1391.747             174             174
  183        -133.262    -115.204        -133.273    -115.187             183             183
   25         270.073     633.682         270.094     633.684              25              25
  211        -397.817    -535.644        -397.841    -535.622             211             211
  247         454.402     690.574         454.427     690.561             247             247
  254        -718.428     143.845        -718.428     143.890             254             254
   96         815.233     -11.675         815.228     -11.689              96              96
   86         256.010    -417.042         256.013    -417.040              86              86
   62        -944.474    -439.441        -944.485    -439.405              62              62
  134         222.000       0.017         222.000       0.000             134             134
  202        -944.497     439.364        -944.485     439.403             202             202
   49         256.015     417.038         256.012     417.040              49              49
  121         815.221      11.706         815.228      11.690             121             121
   35        -718.427    -143.942        -718.428    -143.890              35              35
  241         454.459    -690.544         454.428    -690.560             241             241
   32        -397.869     535.595        -397.841     535.621              32              32
   25         270.122    -633.686         270.095    -633.684              25              25
  252        -133.288     115.165        -133.273     115.187             252             252
   99          24.159   -1391.749          24.106   -1391.747              99              99
  168        -783.542    -589.659        -783.565    -589.654             168             168
   73        -259.260     402.482        -259.253     402.462              73              73
  147         233.253    1171.285         233.308    1171.276             147             147
  170        -424.115    -420.395        -424.141    -420.362             170             170
  237         720.339     461.043         720.369     461.010             237             237
   72        -419.434     232.126        -419.398     232.164              72              72
  195        -805.072     184.499        -805.059     184.569             195             195
   97        -480.943    -355.583        -480.980    -355.524              97              97
  144         573.220   -1314.952         573.149   -1314.978             144             144
   44        -681.934       7.710        -681.923       7.734              44              44
  101        -559.716    -382.523        -559.747    -382.498             101             101
   34        -388.300      48.550        -388.317      48.567              34              34
  123        -320.886    -120.995        -320.923    -120.970             123             123
  120         770.122    -939.902         770.056    -939.955             120             120
   15        -182.845     -18.790        -182.841     -18.807              15              15
  185         -51.606     231.737         -51.592     231.727             185             185
  206        -365.052     -55.583        -365.058     -55.567             206             206
   41        -210.881    -312.689        -210.906    -312.698              41              41
   27        -915.198     956.728        -915.174     956.776              27              27
   46         662.350     -57.586         662.306     -57.608              46              46
  225         561.662    -243.463         561.637    -243.492             225             225
  202         635.777     126.235         635.797     126.203             202             202
   55          62.993    -347.004          63.000    -347.000              55              55
  175        -761.817    -466.958        -761.841    -466.923             175             175
   78         786.405     388.744         786.450     388.687              78              78
  190       -1640.785    -155.742       -1640.787    -155.625             190             190
  210         237.230    -798.722         237.156    -798.746             210             210
   90        -197.044    -363.142        -197.072    -363.170              90              90
  209         441.371     905.837         441.452     905.787             209             209
  236       -1050.019     117.762       -1049.981     117.843             236             236
  192       -1373.011    -329.012       -1373.045    -328.915             192             192
  175       -1114.955    -346.341       -1115.030    -346.283             175             175
  102        -650.817     398.890        -650.868     398.925             102             102
   30          72.590    -605.492          72.463    -605.510              30              30
  214         992.773     146.163         992.730     146.064             214             214
  244         662.122     -68.153         662.110     -68.234             244             244
   92        -211.904     952.788        -211.837     952.784              92              92
   58        -326.432      -9.266        -326.454      -9.248              58              58
   58         -56.963     744.569         -56.941     744.569              58              58
  204         221.653     487.815         221.670     487.820             204             204
  229        -599.876      69.734        -599.900      69.805             229             229
  223         257.531    -117.547         257.489    -117.545             223             223
  233        -555.989    -425.698        -556.057    -425.654             233             233
   29        -316.423     -92.309        -316.499     -92.302              29              29
   94         607.881     291.147         607.844     291.086              94              94
  113         201.161     346.356         201.154     346.339             113             113
  112        -330.803     165.055        -330.841     165.080             112             112
  230         235.962    1027.032         235.979    1027.047             230             230
  112         -78.813    -734.851         -78.940    -734.806             112             112
   76         481.975    -205.489         481.891    -205.531              76              76
  136        -529.735     407.047        -529.788     407.096             136             136
  123        -269.471     439.698        -269.586     439.769             123             123
   93         326.340   -1370.374         326.020   -1370.373              93              93
  162        -386.049    -675.014        -386.523    -675.021             162             162
