SINAL     NFT                         FFT                         NFT INVERSA     FFT INVERSA
-----     -----------------------     -----------------------     -----------     -----------
  207       15755.000       0.000       15755.000       0.000             207             207
  123        -681.024     325.700        -681.021     325.701             123             123
   75        -200.697     165.352        -200.694     165.353              75              75
   16        -702.160    -521.073        -702.158    -521.071              16              16
   32         285.131    -646.675         285.132    -646.676              32              32
  223        -448.703     623.583        -448.698     623.584             223             223
  118        -703.452    -220.332        -703.451    -220.328             118             118
  117         417.244    -248.491         417.245    -248.491             117             117
  150         146.799     137.297         146.802     137.297             150             150
   14        -638.675    -875.854        -638.678    -875.851              14              14
  171         754.620     719.654         754.625     719.648             171             171
  182         175.744     471.121         175.751     471.122             182             182
  115        -733.542     381.717        -733.538     381.727             115             115
  208        -224.723    -776.138        -224.732    -776.132             208             208
   30         952.245    -113.717         952.244    -113.723              30              30
   57         -98.551      77.459         -98.548      77.463              57              57
  103          35.946    -751.176          35.938    -751.175             103             103
  255         237.787    -429.735         237.781    -429.741             255             255
   60         175.288     776.541         175.293     776.537              60              60
  126        1091.847     624.130        1091.854     624.121             126             126
  187         174.074      13.541         174.076      13.545             187             187
  154         203.003      77.515         203.001      77.518             154             154
    9        1050.558    -308.978        1050.551    -308.988               9               9
  168        1536.015     338.867        1536.028     338.849             168             168
   57         361.006    -360.138         361.014    -360.141              57              57
  103         517.158     729.488         517.183     729.484             103             103
  147        -207.204       7.129        -207.188       7.142             147             147
   47        -852.379    -262.080        -852.376    -262.058              47              47
  173          10.164     171.241          10.170     171.250             173             173
   79        -484.801    -541.639        -484.809    -541.620              79              79
   18         -76.058    -256.408         -76.067    -256.401              18              18
   83         248.745    -239.007         248.735    -239.005              83              83
  123        1344.006    -616.977        1344.000    -617.000             123             123
  201        -453.800    -703.395        -453.803    -703.389             201             201
  128         403.175     329.160         403.193     329.148             128             128
  172       -1281.729     -66.225       -1281.728     -66.194             172             172
  147         501.424      96.465         501.421      96.459             147             147
  132        -126.498    -393.599        -126.507    -393.592             132             132
   21         141.342      52.629         141.338      52.628              21              21
  187        1087.743     -80.596        1087.748     -80.615             187             187
  163        -710.355   -1093.250        -710.376   -1093.234             163             163
  135         725.505     -37.367         725.509     -37.398             135             135
   61        -784.669     -95.919        -784.666     -95.910              61              61
   53        -244.977     547.361        -244.972     547.357              53              53
   82         785.832     559.793         785.846     559.767              82              82
  185        -504.588    1044.120        -504.561    1044.145             185             185
  118         696.126    -370.224         696.111    -370.231             118             118
  190         -74.980     -33.065         -74.981     -33.064             190             190
   64         108.053     616.826         108.062     616.825              64              64
  235        1167.077     536.882        1167.093     536.859             235             235
  185         223.729     295.058         223.747     295.071             185             185
   30         606.707    -445.273         606.701    -445.276              30              30
   88         270.642    -429.902         270.641    -429.908              88              88
  237         671.500      60.946         671.523      60.917             237             237
    7        -277.534    1376.033        -277.461    1376.059               7               7
  147        -540.982    -716.347        -540.992    -716.303             147             147
  193        -145.453      16.188        -145.440      16.205             193             193
   43       -1309.278    -273.694       -1309.292    -273.635              43              43
    9          49.020    -274.129          48.987    -274.127               9               9
  208         615.770      80.872         615.763      80.850             208             208
  192         690.214     664.686         690.252     664.674             192             192
  179        -537.146    -354.402        -537.147    -354.359             179             179
  125        -148.566      99.820        -148.565      99.850             125             125
  141         -64.831   -1763.196         -64.906   -1763.193             141             141
  206         333.000       0.050         333.000       0.000             206             206
  126         -64.989    1763.191         -64.909    1763.194             126             126
  142        -148.562     -99.882        -148.564     -99.850             142             142
   70        -537.150     354.312        -537.148     354.359              70              70
  242         690.295    -664.660         690.253    -664.674             242             242
    6         615.755     -80.821         615.763     -80.848               6               6
  115          48.947     274.124          48.987     274.126             115             115
  171       -1309.310     273.558       -1309.292     273.632             171             171
  228        -145.423     -16.227        -145.440     -16.205             228             228
  173        -541.008     716.243        -540.993     716.302             173             173
   74        -277.356   -1376.095        -277.458   -1376.059              74              74
  252         671.557     -60.875         671.524     -60.916             252             252
  173         270.638     429.917         270.641     429.908             173             173
   45         606.693     445.280         606.701     445.277              45              45
  212         223.777    -295.093         223.748    -295.071             212             212
   29        1167.120    -536.819        1167.094    -536.857              29              29
   70         108.078    -616.823         108.063    -616.825              70              70
  103         -74.984      33.060         -74.982      33.063             103             103
  211         696.082     370.246         696.110     370.232             211             211
    1        -504.507   -1044.192        -504.559   -1044.146               1               1
  103         785.873    -559.717         785.847    -559.767             103             103
    0        -244.960    -547.351        -244.971    -547.358              -0               0
    4        -784.659      95.890        -784.666      95.908               4               4
  149         725.519      37.465         725.509      37.400             149             149
   61        -710.424    1093.196        -710.377    1093.233              61              61
  168        1087.758      80.661        1087.748      80.617             168             168
  183         141.328     -52.626         141.338     -52.628             183             183
  222        -126.533     393.576        -126.509     393.593             222             222
  216         501.412     -96.441         501.421     -96.458             216             216
  182       -1281.726      66.109       -1281.728      66.192             182             182
  198         403.243    -329.115         403.193    -329.148             198             198
   18        -453.812     703.371        -453.805     703.389              18              18
  162        1343.982     617.069        1344.000     617.000             162             162
   47         248.702     238.998         248.734     239.005              47              47
  144         -76.096     256.376         -76.067     256.400             144             144
  151        -484.840     541.557        -484.810     541.620             151             151
  240          10.191    -171.283          10.170    -171.251             240             240
  208        -852.365     261.971        -852.376     262.056             208             208
  197        -207.125      -7.197        -207.188      -7.143             197             197
    5         517.294    -729.468         517.186    -729.484               5               5
  248         361.049     360.153         361.014     360.141             248             248
   30        1536.088    -338.760        1536.028    -338.847              30              30
  205        1050.520     309.046        1050.551     308.990             205             205
   75         202.995     -77.531         203.001     -77.517              75              75
  127         174.090     -13.564         174.076     -13.545             127             127
   32        1091.897    -624.065        1091.855    -624.119              32              32
   48         175.329    -776.507         175.295    -776.537              48              48
  180         237.738     429.785         237.779     429.742             180             180
  213          35.876     751.166          35.937     751.175             213             213
  202         -98.530     -77.495         -98.549     -77.464             202             202
   19         952.229     113.785         952.244     113.725              19              19
  142        -224.818     776.079        -224.734     776.132             142             142
  193        -733.494    -381.834        -733.538    -381.728             193             193
   98         175.828    -471.133         175.751    -471.122              98              98
   89         754.687    -719.576         754.626    -719.647              89              89
    0        -638.737     875.806        -638.681     875.850               0               0
  135         146.851    -137.307         146.803    -137.297             135             135
  135         417.240     248.510         417.244     248.492             135             135
  203        -703.443     220.241        -703.452     220.327             203             203
   63        -448.573    -623.629        -448.697    -623.586              63              63
    1         285.160     646.700         285.131     646.676               1               1
  103        -702.089     520.973        -702.159     521.070             103             103
   24        -200.485    -165.417        -200.694    -165.353              24              24
   95        -680.579    -325.782        -681.021    -325.702              95              95
