SINAL     NFT                         FFT                         NFT INVERSA     FFT INVERSA
-----     -----------------------     -----------------------     -----------     -----------
  236       17040.000       0.000       17040.000       0.000             236             236
  210         -25.275    -437.226         -25.272    -437.226             210             210
  223         534.416     232.627         534.420     232.627             223             223
  228         922.991     229.652         922.995     229.651             228             228
  160        -475.023     852.614        -475.017     852.617             160             160
   49         431.971     264.967         431.974     264.969              49              49
  244         298.040    -591.118         298.041    -591.115             244             244
   46         253.861    -705.600         253.862    -705.599              46              46
   44         868.408    -254.883         868.410    -254.884              44              44
  130         473.014   -1090.411         473.013   -1090.413             130             130
  148         784.457       0.365         784.463       0.360             148             148
   14          95.998    -403.411          96.003    -403.411              14              14
   40         230.505     172.644         230.514     172.643              40              40
  159        -197.529    -160.305        -197.524    -160.303             159             159
  166         180.630     333.849         180.639     333.851             166             166
  135        -492.980    -751.728        -492.982    -751.723             135             135
  116         623.756    1069.193         623.771    1069.190             116             116
  128         -24.686    -908.398         -24.687    -908.392             128             128
  167        -349.745     151.993        -349.737     152.001             167             167
  203        -598.931    -908.959        -598.939    -908.949             203             203
   97         304.023    -359.429         304.018    -359.436              97              97
  124         755.997     940.616         756.016     940.610             124             124
   14        -466.069    -552.781        -466.068    -552.766              14              14
  254         -25.417    -960.583         -25.423    -960.583             254             254
  214        -797.158     345.415        -797.149     345.424             214             214
  156        -451.152     514.088        -451.149     514.100             156             156
   70         545.178    -576.268         545.164    -576.273              70              70
   18         845.802    1005.092         845.825    1005.088              18              18
  211        -218.042    -983.843        -218.048    -983.823             211             211
  163        -850.928   -1170.067        -850.947   -1170.048             163             163
  168          18.150    -742.299          18.131    -742.305             168             168
  147         553.383     -54.353         553.382     -54.368             147             147
   69        -215.989    -613.998        -216.000    -614.000              69              69
  158          69.677     267.816          69.682     267.806             158             158
   20         198.868     -52.057         198.868     -52.066              20              20
  205        -796.921     132.820        -796.926     132.833             205             205
   33         714.298     280.208         714.289     280.189              33              33
  170         848.463      65.036         848.458      65.011             170             170
  167        1026.757     600.857        1026.774     600.828             167             167
   36         634.452     653.797         634.477     653.786              36              36
  175         317.824     522.452         317.845     522.454             175             175
   99         754.535     131.741         754.550     131.735              99              99
  220        -125.426    -275.280        -125.425    -275.269             220             220
   78        1221.228     328.947        1221.251     328.920              78              78
   64        -765.516     191.596        -765.497     191.631              64              64
  226         873.054    -851.739         873.036    -851.760             226             226
  244         505.395     274.495         505.425     274.474             244             244
  219        -353.649     695.531        -353.607     695.544             219             219
  159          72.196     441.177          72.228     441.190             159             159
  159        -825.281    -164.296        -825.275    -164.254             159             159
  169          -6.494    -291.560          -6.504    -291.552             169             169
  157         797.304     208.138         797.330     208.121             157             157
   59       -1240.053    -670.511       -1240.059    -670.469              59              59
  208        -297.859     237.058        -297.854     237.056             208             208
  187         -18.382    1237.140         -18.342    1237.148             187             187
  122         550.789      91.741         550.806      91.746             122             122
  217        -929.105    -465.899        -929.107    -465.856             217             217
   94        -930.929     724.481        -930.912     724.526              94              94
   21          -2.529    -557.988          -2.569    -557.978              21              21
    6         389.036     509.331         389.047     509.319               6               6
  228        -174.212     450.427        -174.200     450.449             228             228
  181         307.672     415.493         307.682     415.506             181             181
  197         236.723    -120.279         236.719    -120.262             197             197
  193          84.116    -267.460          84.110    -267.446             193             193
   80        -168.000      -0.020        -168.000       0.000              80              80
  193          84.103     267.431          84.110     267.446             193             193
   53         236.715     120.244         236.719     120.262              53              53
   20         307.694    -415.520         307.683    -415.506              20              20
   37        -174.186    -450.474        -174.200    -450.449              37              37
  138         389.062    -509.305         389.048    -509.319             138             138
  112          -2.618     557.964          -2.570     557.977             112             112
  184        -930.891    -724.585        -930.911    -724.528             184             184
  174        -929.109     465.800        -929.107     465.855             174             174
   76         550.828     -91.751         550.806     -91.745              76              76
  139         -18.284   -1237.160         -18.340   -1237.148             139             139
  180        -297.847    -237.055        -297.854    -237.057             180             180
   20       -1240.067     670.405       -1240.059     670.467              20              20
  202         797.368    -208.093         797.330    -208.120             202             202
  244          -6.520     291.540          -6.505     291.552             244             244
   92        -825.266     164.184        -825.275     164.252              92              92
  253          72.282    -441.213          72.229    -441.190             253             253
   12        -353.533    -695.570        -353.606    -695.545              12              12
   78         505.481    -274.433         505.426    -274.473              78              78
  153         873.001     851.802         873.035     851.762             153             153
  156        -765.460    -191.700        -765.496    -191.632             156             156
  218        1221.300    -328.863        1221.252    -328.918             218             218
  139        -125.424     275.247        -125.425     275.269             139             139
   61         754.581    -131.721         754.550    -131.734              61              61
   53         317.892    -522.459         317.846    -522.454              53              53
  254         634.536    -653.757         634.479    -653.784             254             254
  231        1026.815    -600.759        1026.775    -600.826             231             231
  114         848.446     -64.950         848.458     -65.010             114             114
   67         714.267    -280.136         714.290    -280.187              67              67
   53        -796.941    -132.867        -796.927    -132.834              53              53
  130         198.868      52.091         198.868      52.066             130             130
  228          69.694    -267.780          69.682    -267.806             228             228
   37        -216.032     614.006        -216.000     614.000              37              37
  154         553.379      54.420         553.382      54.370             154             154
  147          18.063     742.324          18.129     742.305             147             147
    9        -851.020    1169.980        -850.950    1170.046               9               9
  139        -218.074     983.751        -218.049     983.823             139             139
   33         845.915   -1005.069         845.827   -1005.087              33              33
   98         545.108     576.291         545.164     576.273              98              98
  164        -451.134    -514.154        -451.148    -514.101             164             164
  181        -797.109    -345.465        -797.148    -345.425             181             181
   18         -25.460     960.583         -25.425     960.583              18              18
   30        -466.064     552.691        -466.069     552.765              30              30
   55         756.119    -940.574         756.018    -940.609              55              55
  177         303.993     359.473         304.018     359.436             177             177
   94        -598.993     908.886        -598.941     908.948              94              94
   29        -349.683    -152.053        -349.736    -152.002              29              29
  224         -24.699     908.348         -24.688     908.392             224             224
   97         623.884   -1069.172         623.772   -1069.190              97              97
  142        -493.004     751.675        -492.984     751.722             142             142
  180         180.716    -333.863         180.640    -333.851             180             180
  181        -197.478     160.274        -197.524     160.301             181             181
  211         230.596    -172.633         230.514    -172.643             211             211
  207          96.049     403.413          96.003     403.411             207             207
  159         784.537      -0.300         784.464      -0.360             159             159
   94         472.991    1090.433         473.011    1090.413              94              94
  124         868.444     254.914         868.410     254.886             124             124
  152         253.855     705.574         253.861     705.598             152             152
  110         298.062     591.062         298.040     591.115             110             110
   12         432.070    -265.019         431.975    -264.969              12              12
  182        -474.826    -852.703        -475.016    -852.617             182             182
  249         923.180    -229.594         922.995    -229.650             249             249
   22         534.642    -232.594         534.420    -232.627              22              22
  163         -24.876     437.201         -25.273     437.225             163             163
