SINAL     NFT                         FFT                         NFT INVERSA     FFT INVERSA
-----     -----------------------     -----------------------     -----------     -----------
  128       16661.000       0.000       16661.000       0.000             128             128
   44         -79.445    -503.050         -79.442    -503.050              44              44
  127        -575.883      54.393        -575.879      54.394             127             127
   83          32.943    -388.052          32.945    -388.053              83              83
  169         104.975     610.974         104.979     610.974             169             169
  133        -162.408   -1474.457        -162.409   -1474.457             133             133
  123         244.187     823.187         244.192     823.185             123             123
  224         316.307    -378.356         316.309    -378.358             224             224
   48         361.687     579.236         361.694     579.233              48              48
  190         849.847     793.347         849.858     793.343             190             190
   75        -751.004    -170.658        -750.998    -170.653              75              75
    4        -179.313     612.893        -179.304     612.895               4               4
  159        -763.860    -173.257        -763.856    -173.250             159             159
  201        -682.495     -30.709        -682.493     -30.704             201             201
  188        -571.609     412.112        -571.605     412.118             188             188
  233        -840.505     256.733        -840.506     256.743             233             233
   76         861.780    -689.854         861.770    -689.863              76              76
   87        -275.237     723.158        -275.229     723.160              87              87
  154         262.068     648.247         262.074     648.250             154             154
  131         512.214    -619.292         512.207    -619.292             131             131
   90         688.734    -772.892         688.728    -772.904              90              90
  193         585.035     625.643         585.052     625.631             193             193
    5        -335.006     144.507        -334.993     144.512               5               5
  217        -419.244     519.277        -419.229     519.284             217             217
   41        -899.878     -39.242        -899.877     -39.226              41              41
  231         -98.709     281.244         -98.708     281.246             231             231
   81        -121.883     412.922        -121.879     412.929              81              81
  217         251.418    -171.493         251.412    -171.493             217             217
  119         685.895     260.025         685.904     260.017             119             119
  193        -185.707     120.972        -185.696     120.979             193             193
  132        -335.977     410.453        -335.965     410.468             132             132
  108        -192.562    -193.574        -192.564    -193.560             108             108
  178        -561.981    -717.016        -562.000    -717.000             178             178
  195         672.025    -287.262         672.018    -287.282             195             195
  193        -567.415    1073.560        -567.390    1073.577             193             193
  191         197.867    -672.051         197.851    -672.045             191             191
   60        -705.831       6.724        -705.835       6.744              60              60
  153         164.719    -255.197         164.701    -255.195             153             153
  122         399.371    -650.962         399.347    -650.973             122             122
   60         529.015    -179.003         529.007    -179.026              60              60
  179         484.953     793.823         484.974     793.807             179             179
  225         627.838     192.476         627.850     192.467             225             225
  201        -222.789     -96.531        -222.786     -96.520             201             201
   52         793.193     283.864         793.208     283.850              52              52
  232        -219.487    -410.670        -219.487    -410.656             232             232
   14         326.334    -772.952         326.324    -772.967              14              14
  145        -579.723      49.210        -579.711      49.212             145             145
   52        -381.625     435.606        -381.613     435.608              52              52
  167         -27.770     100.146         -27.770     100.136             167             167
   94          12.489     947.555          12.519     947.548              94              94
   54        -286.413     980.137        -286.387     980.157              54              54
  164         319.403    -139.933         319.394    -139.933             164             164
    1         171.439     837.279         171.468     837.285               1               1
  130          93.072    -261.169          93.068    -261.162             130             130
  178        -702.132     743.924        -702.115     743.956             178             178
  224         476.259     549.571         476.257     549.581             224             224
  253        1353.240    -963.697        1353.209    -963.734             253             253
  172         345.736     879.590         345.793     879.581             172             172
  216         -96.957     318.694         -96.917     318.720             216             216
  224       -1324.435     -42.887       -1324.431     -42.816             224             224
  162        -377.865    -234.043        -377.901    -234.014             162             162
   59        1656.409     481.052        1656.427     481.011              59              59
  140        -254.988    -743.658        -254.992    -743.624             140             140
  187        -388.565    -653.257        -388.577    -653.241             187             187
   17        -701.000      -0.020        -701.000       0.000              17              17
  145        -388.592     653.223        -388.579     653.240             145             145
  171        -254.997     743.588        -254.993     743.624             171             171
  105        1656.448    -480.961        1656.428    -481.008             105             105
   19        -377.942     233.980        -377.901     234.013              19              19
   81       -1324.427      42.727       -1324.432      42.812              81              81
   30         -96.869    -318.752         -96.917    -318.720              30              30
  181         345.866    -879.569         345.795    -879.580             181             181
   30        1353.168     963.784        1353.208     963.735              30              30
  165         476.258    -549.592         476.259    -549.580             165             165
   61        -702.090    -744.002        -702.114    -743.957              61              61
   33          93.062     261.151          93.068     261.162              33              33
   20         171.512    -837.291         171.469    -837.284              20              20
  133         319.378     139.934         319.393     139.934             133             133
  208        -286.343    -980.190        -286.385    -980.157             208             208
   57          12.568    -947.536          12.521    -947.548              57              57
  172         -27.770    -100.121         -27.770    -100.137             172             172
  219        -381.590    -435.612        -381.612    -435.609             219             219
  215        -579.689     -49.217        -579.710     -49.213             215             215
  201         326.303     772.995         326.323     772.967             201             201
   92        -219.488     410.627        -219.488     410.655              92              92
  122         793.238    -283.819         793.209    -283.848             122             122
  175        -222.782      96.498        -222.786      96.521             175             175
   28         627.877    -192.445         627.850    -192.466              28              28
  173         485.021    -793.771         484.974    -793.807             173             173
  178         528.988     179.082         529.007     179.027             178             178
  170         399.288     651.001         399.346     650.974             170             170
   89         164.655     255.192         164.700     255.196              89              89
  189        -705.847      -6.796        -705.835      -6.745             189             189
   15         197.808     672.030         197.850     672.045              15              15
  135        -567.318   -1073.626        -567.388   -1073.578             135             135
   21         671.998     287.339         672.017     287.283              21              21
  248        -562.057     716.952        -562.000     717.000             248             248
  191        -192.570     193.510        -192.565     193.559             191             191
  168        -335.925    -410.517        -335.964    -410.468             168             168
  109        -185.660    -121.008        -185.697    -120.981             109             109
   10         685.937    -259.983         685.904    -260.015              10              10
  187         251.390     171.492         251.411     171.493             187             187
   43        -121.863    -412.957        -121.878    -412.929              43              43
  158         -98.701    -281.260         -98.708    -281.247             158             158
  100        -899.874      39.152        -899.877      39.225             100             100
  253        -419.158    -519.323        -419.228    -519.286             253             253
   32        -334.930    -144.536        -334.993    -144.513              32              32
   32         585.146    -625.571         585.054    -625.630              32              32
  159         688.694     772.968         688.727     772.905             159             159
  232         512.162     619.294         512.205     619.293             232             232
  162         262.110    -648.266         262.075    -648.248             162             162
  101        -275.173    -723.170        -275.228    -723.160             101             101
  208         861.703     689.927         861.770     689.864             208             208
   81        -840.514    -256.831        -840.505    -256.745              81              81
  210        -571.567    -412.166        -571.604    -412.118             210             210
  178        -682.472      30.652        -682.493      30.702             178             178
   85        -763.819     173.172        -763.856     173.248              85              85
   13        -179.195    -612.921        -179.302    -612.896              13              13
   42        -750.924     170.583        -750.998     170.652              42              42
   42         850.008    -793.286         849.859    -793.341              42              42
   45         361.795    -579.176         361.694    -579.233              45              45
  141         316.333     378.401         316.309     378.359             141             141
  205         244.312    -823.129         244.194    -823.183             205             205
  125        -162.457    1474.457        -162.412    1474.457             125             125
   80         105.126    -610.980         104.980    -610.974              80              80
  229          33.035     388.061          32.944     388.051             229             229
  110        -575.665     -54.442        -575.880     -54.393             110             110
  151         -79.035     503.032         -79.443     503.049             151             151
