SINAL     NFT                         FFT                         NFT INVERSA     FFT INVERSA
-----     -----------------------     -----------------------     -----------     -----------
   35       15549.000       0.000       15549.000       0.000              35              35
   35         222.972     183.015         222.975     183.014              35              35
  126          95.708     384.357          95.711     384.356             126             126
  147        -177.524     765.739        -177.520     765.737             147             147
   49         229.125    2146.803         229.133    2146.804              49              49
   12        -692.393   -1034.369        -692.392   -1034.366              12              12
    6        -488.804     786.893        -488.799     786.895               6               6
  255         148.415    -203.526         148.416    -203.525             255             255
   62         -51.792    -544.081         -51.791    -544.082              62              62
  117        -442.006     354.736        -442.002     354.736             117             117
  108         826.391     336.597         826.395     336.590             108             108
  216        -429.841     770.065        -429.832     770.067             216             216
   16         356.891     836.214         356.899     836.215              16              16
   52          93.485    -468.548          93.485    -468.545              52              52
   41        -149.306     116.206        -149.303     116.208              41              41
  171         328.669    -287.897         328.668    -287.899             171             171
   22         339.235     -49.883         339.238     -49.889              22              22
  248         858.039     361.825         858.051     361.816             248             248
   51         -29.677    -169.742         -29.667    -169.742              51              51
   55        -390.188    -355.950        -390.183    -355.948              55              55
  120        -220.850     208.806        -220.839     208.801             120             120
  223        -844.400    1490.724        -844.376    1490.737             223             223
  190         469.587    -571.118         469.586    -571.121             190             190
   78       -1008.836     705.395       -1008.818     705.410              78              78
  128        -820.705     326.033        -820.700     326.054             128             128
  226          -2.457   -1018.022          -2.474   -1018.018             226             226
   37         437.712    -306.396         437.714    -306.409              37              37
   33       -1009.310      -3.436       -1009.301      -3.427              33              33
  197        -836.767     268.417        -836.764     268.425             197             197
   97        -594.240     287.531        -594.242     287.537              97              97
  212         114.785     594.945         114.788     594.942             212             212
  254         327.017     110.255         327.019     110.248             254             254
   37        -923.999     168.984        -924.000     169.000              37              37
   92         828.909     216.274         828.908     216.250              92              92
  184        -271.668    1228.063        -271.640    1228.068             184             184
  172        -199.674     607.749        -199.668     607.764             172             172
  157         597.259     348.062         597.260     348.062             157             157
  167         874.144     -75.817         874.147     -75.823             167             167
   89         712.912    -445.080         712.921    -445.090              89              89
   99       -1263.023    -181.527       -1263.017    -181.496              99              99
  107         208.143    -354.634         208.131    -354.646             107             107
  119         289.004     940.319         289.034     940.310             119             119
  184        -135.173     -48.927        -135.165     -48.915             184             184
   32        -153.169    -514.819        -153.177    -514.820              32              32
    0         -47.832     756.077         -47.804     756.069              -0               0
   25        -248.740    1106.654        -248.703    1106.671              25              25
   13         135.121     103.492         135.133     103.509              13              13
   87        -617.979    -826.210        -617.993    -826.187              87              87
   53        -683.251     450.093        -683.238     450.111              53              53
   24        -313.734     -13.479        -313.744     -13.469              24              24
  141         133.697     601.965         133.709     601.963             141             141
  141         -29.226     499.028         -29.214     499.041             141             141
  201         414.416      -2.260         414.418      -2.260             201             201
  210        -322.155      96.630        -322.149      96.649             210             210
  215         533.202     420.432         533.225     420.426             215             215
  181        -731.131     237.427        -731.112     237.473             181             181
    8        -447.620    -400.817        -447.639    -400.783               8               8
  107        -132.823     -73.455        -132.837     -73.440             107             107
  197         130.277      31.338         130.266      31.346             197             197
  238         909.866    -310.242         909.859    -310.264             238             238
  104         139.661     240.684         139.693     240.696             104             104
  186        -400.852    -541.023        -400.852    -540.982             186             186
  116        -834.823   -1476.547        -834.877   -1476.513             116             116
  164          67.071    -767.070          67.043    -767.101             164             164
  193        -821.000       0.002        -821.000       0.000             193             193
  128          67.012     767.132          67.041     767.101             128             128
  115        -834.937    1476.473        -834.879    1476.511             115             115
  115        -400.853     540.935        -400.853     540.981             115             115
    9         139.730    -240.710         139.693    -240.696               9               9
   87         909.850     310.292         909.858     310.266              87              87
   51         130.254     -31.357         130.267     -31.347              51              51
  151        -132.853      73.420        -132.837      73.439             151             151
    8        -447.666     400.739        -447.640     400.783               8               8
   21        -731.086    -237.537        -731.112    -237.475              21              21
  146         533.258    -420.417         533.226    -420.426             146             146
   50        -322.140     -96.677        -322.149     -96.649              50              50
   65         414.422       2.261         414.419       2.260              65              65
  178         -29.195    -499.062         -29.213    -499.041             178             178
  201         133.729    -601.959         133.710    -601.963             201             201
   83        -313.760      13.452        -313.744      13.468              83              83
   35        -683.217    -450.142        -683.238    -450.111              35              35
  193        -618.021     826.144        -617.995     826.186             193             193
  153         135.155    -103.540         135.133    -103.509             153             153
  222        -248.631   -1106.703        -248.700   -1106.672             222             222
  133         -47.749    -756.054         -47.803    -756.070             133             133
  112        -153.194     514.822        -153.178     514.820             112             112
   29        -135.150      48.891        -135.165      48.915              29              29
  218         289.102    -940.290         289.037    -940.309             218             218
  125         208.104     354.674         208.131     354.647             125             125
  212       -1263.004     181.420       -1263.018     181.494             212             212
  244         712.940     445.116         712.920     445.091             244             244
   30         874.152      75.843         874.146      75.826              30              30
   37         597.263    -348.060         597.260    -348.061              37              37
  213        -199.650    -607.805        -199.667    -607.764             213             213
  162        -271.561   -1228.084        -271.638   -1228.069             162             162
   27         828.905    -216.179         828.908    -216.248              27              27
   86        -924.004    -169.049        -924.000    -169.000              86              86
  129         327.028    -110.228         327.019    -110.248             129             129
  105         114.803    -594.929         114.790    -594.941             105             105
  100        -594.248    -287.558        -594.242    -287.537             100             100
   95        -836.750    -268.458        -836.763    -268.426              95              95
   26       -1009.270       3.386       -1009.301       3.425              26              26
  168         437.723     306.461         437.714     306.410             168             168
   59          -2.550    1018.002          -2.476    1018.018              59              59
  236        -820.678    -326.147        -820.699    -326.055             236             236
   38       -1008.728    -705.484       -1008.816    -705.412              38              38
   77         469.579     571.136         469.585     571.121              77              77
   12        -844.245   -1490.802        -844.373   -1490.738              12              12
  159        -220.777    -208.778        -220.838    -208.802             159             159
   54        -390.153     355.941        -390.183     355.948              54              54
  140         -29.609     169.736         -29.668     169.742             140             140
   93         858.127    -361.751         858.051    -361.814              93              93
  162         339.258      49.926         339.238      49.889             162             162
  253         328.663     287.922         328.668     287.900             253             253
  186        -149.273    -116.226        -149.303    -116.208             186             186
  212          93.483     468.525          93.484     468.546             212             212
  187         356.986    -836.218         356.900    -836.214             187             187
   80        -429.736    -770.092        -429.831    -770.068              80              80
  168         826.451    -336.502         826.396    -336.589             168             168
  181        -441.956    -354.737        -442.002    -354.736             181             181
  227         -51.790     544.098         -51.792     544.083             227             227
  172         148.438     203.519         148.416     203.526             172             172
  143        -488.688    -786.932        -488.798    -786.896             143             143
   62        -692.380    1034.278        -692.394    1034.365              62              62
  167         229.429   -2146.808         229.136   -2146.802             167             167
  172        -177.311    -765.694        -177.518    -765.737             172             172
  146          95.962    -384.284          95.712    -384.355             146             146
  239         223.405    -182.930         222.975    -183.014             239             239
