SINAL     NFT                         FFT                         NFT INVERSA     FFT INVERSA
-----     -----------------------     -----------------------     -----------     -----------
  209       16448.000       0.000       16448.000       0.000             209             209
  113        -462.404      53.168        -462.401      53.168             113             113
    2        -181.240    -285.580        -181.237    -285.580               2               2
   35        -118.329    -122.637        -118.326    -122.637              35              35
   20        -592.040     248.317        -592.036     248.319              20              20
  200         162.296    -192.540         162.298    -192.540             200             200
  170         471.900     532.138         471.905     532.138             170             170
  236       -1065.772   -1208.330       -1065.774   -1208.326             236             236
  106         410.346     316.914         410.349     316.909             106             106
   44        -719.517     527.716        -719.513     527.720              44              44
  107         833.402    -146.227         833.401    -146.230             107             107
  169        -227.833    -400.578        -227.835    -400.578             169             169
   56         750.711     688.338         750.716     688.331              56              56
  221         911.331    -449.129         911.332    -449.139             221             221
  184        -532.620     860.347        -532.608     860.347             184             184
  102        -226.146    1575.801        -226.132    1575.806             102             102
   86        -183.822    -218.793        -183.827    -218.785              86              86
  100         697.762     305.428         697.763     305.421             100             100
   16        -119.272    1457.294        -119.261    1457.303              16              16
  178        1664.887    -673.421        1664.877    -673.429             178             178
  165         534.016    -611.040         534.010    -611.046             165             165
  164        1460.037     233.351        1460.045     233.331             164             164
  219         759.012     460.039         759.030     460.031             219             219
   71         302.343      -3.634         302.354      -3.636              71              71
  200         352.070     842.743         352.094     842.741             200             200
  162         -53.437     777.440         -53.413     777.454             162             162
  142        -223.549    -451.542        -223.549    -451.523             142             142
  218         304.103    -880.279         304.095    -880.279             218             218
    5        -170.692    -116.956        -170.687    -116.954               5               5
  128         324.969     282.560         324.979     282.555             128             128
  235         230.382     569.051         230.404     569.054             235             235
   24        -429.545    -239.295        -429.539    -239.276              24              24
   22        -946.989    -437.024        -947.000    -437.000              22              22
  226         484.269    -167.177         484.258    -167.188             226             226
   53         584.305     101.363         584.308     101.347              53              53
  145         838.296     757.099         838.325     757.082             145             145
   44        -313.600     549.863        -313.572     549.881              44              44
   24        -449.072     329.397        -449.058     329.423              24              24
   66        -534.593     301.344        -534.591     301.382              66              66
  193         846.198   -1351.574         846.163   -1351.577             193             193
  227          71.809    -849.367          71.795    -849.372             227             227
  223          -5.055    -148.636          -5.055    -148.644             223             223
  240         262.833     264.133         262.843     264.122             240             240
  114          75.876       5.488          75.881       5.486             114             114
   83         256.273    -174.505         256.276    -174.517              83              83
   10        -653.317     150.101        -653.314     150.105              10              10
   69         641.714    1966.145         641.762    1966.134              69              69
  238         985.670    -212.153         985.673    -212.158             238             238
   55         159.814     -76.791         159.827     -76.785              55              55
  215         735.580     -48.921         735.602     -48.941             215             215
  195        -840.866     794.755        -840.819     794.788             195             195
   74        -291.161     804.655        -291.131     804.689              74              74
  172         314.636    -392.710         314.632    -392.697             172             172
  153         -30.641     415.108         -30.607     415.128             153             153
   78        -893.498     284.806        -893.475     284.869              78              78
  161        -551.055    -822.269        -551.086    -822.220             161             161
   39        -402.199    -839.226        -402.238    -839.204              39              39
   35          31.294     332.994          31.296     333.002              35              35
  161         561.254    -279.973         561.247    -279.976             161             161
   85        -514.061     -14.690        -514.056     -14.647              85              85
  221        -179.272   -1538.416        -179.338   -1538.402             221             221
  210         517.037      41.561         517.040      41.532             210             210
  224        -299.364    -255.717        -299.368    -255.705             224             224
  229         191.276    -563.898         191.261    -563.914             229             229
   61        -730.000      -0.012        -730.000       0.000              61              61
  111         191.243     563.931         191.260     563.915             111             111
  161        -299.373     255.690        -299.368     255.704             161             161
  177         517.043     -41.500         517.039     -41.532             177             177
   55        -179.417    1538.385        -179.340    1538.402              55              55
  169        -514.050      14.594        -514.056      14.645             169             169
   13         561.238     279.981         561.247     279.977              13              13
   37          31.297    -333.010          31.296    -333.001              37              37
    3        -402.289     839.176        -402.239     839.204               3               3
  158        -551.128     822.153        -551.087     822.219             158             158
   87        -893.443    -284.960        -893.475    -284.872              87              87
  215         -30.556    -415.157         -30.606    -415.129             215             215
  168         314.627     392.678         314.632     392.697             168             168
  183        -291.082    -804.742        -291.128    -804.690             183             183
   94        -840.743    -794.841        -840.817    -794.790              94              94
  180         735.639      48.975         735.602      48.943             180             180
  226         159.849      76.775         159.827      76.785             226             226
  198         985.677     212.169         985.672     212.159             198             198
  227         641.855   -1966.113         641.766   -1966.134             227             227
  139        -653.308    -150.117        -653.314    -150.108             139             139
  200         256.282     174.540         256.276     174.517             200             200
   90          75.892      -5.483          75.882      -5.486              90              90
  156         262.866    -264.101         262.844    -264.122             156             156
   12          -5.056     148.662          -5.055     148.645              12              12
   45          71.762     849.382          71.794     849.372              45              45
  146         846.078    1351.587         846.161    1351.578             146             146
  182        -534.585    -301.473        -534.591    -301.383             182             182
  160        -449.022    -329.491        -449.057    -329.425             160             160
  160        -313.499    -549.929        -313.571    -549.881             160             160
    2         838.404    -757.036         838.327    -757.081               2               2
  156         584.317    -101.302         584.309    -101.346             156             156
   27         484.226     167.221         484.257     167.189              27              27
  203        -947.033     436.927        -947.000     437.000             203             203
  207        -429.520     239.214        -429.539     239.275             207             207
  125         230.478    -569.064         230.405    -569.054             125             125
  224         325.020    -282.535         324.981    -282.555             224             224
   35        -170.671     116.948        -170.687     116.954              35              35
  170         304.061     880.279         304.093     880.280             170             170
  113        -223.552     451.447        -223.549     451.523             113             113
   87         -53.314    -777.514         -53.413    -777.455              87              87
    9         352.203    -842.733         352.095    -842.741               9               9
  212         302.408       3.648         302.355       3.637             212             212
  243         759.120    -459.989         759.031    -460.030             243             243
   37        1460.087    -233.222        1460.045    -233.328              37              37
   55         533.979     611.074         534.009     611.046              55              55
  233        1664.813     673.486        1664.875     673.432             233             233
  248        -119.183   -1457.360        -119.257   -1457.303             248             248
   13         697.767    -305.375         697.762    -305.421              13              13
   53        -183.864     218.735        -183.827     218.785              53              53
   87        -226.012   -1575.846        -226.130   -1575.807              87              87
   51        -532.504    -860.350        -532.606    -860.347              51              51
  170         911.340     449.229         911.331     449.141             170             170
  243         750.768    -688.259         750.717    -688.330             243             243
  216        -227.860     400.580        -227.836     400.578             216             216
   53         833.389     146.285         833.401     146.233              53              53
   84        -719.467    -527.776        -719.513    -527.721              84              84
  178         410.393    -316.842         410.350    -316.909             178             178
   11       -1065.827    1208.241       -1065.776    1208.324              11              11
  245         472.021    -532.122         471.906    -532.136             245             245
   11         162.333     192.550         162.297     192.540              11              11
   52        -591.933    -248.370        -592.037    -248.319              52              52
   92        -118.200     122.632        -118.326     122.636              92              92
   88        -181.058     285.555        -181.238     285.580              88              88
  231        -461.963     -53.222        -462.401     -53.170             231             231
