SINAL     NFT                         FFT                         NFT INVERSA     FFT INVERSA
-----     -----------------------     -----------------------     -----------     -----------
  137       16786.000       0.000       16786.000       0.000             137             137
  106        -425.556    -528.999        -425.553    -528.999             106             106
  119        -853.409     876.323        -853.405     876.325             119             119
  234        -529.965     484.103        -529.962     484.105             234             234
   12        -471.004    -862.254        -471.003    -862.252              12              12
  129        -559.993    -241.563        -559.992    -241.561             129             129
   53           0.882     640.556           0.885     640.557              53              53
  172         132.758     -67.696         132.759     -67.694             172             172
  140         613.857    -945.135         613.854    -945.135             140             140
    1         -61.310    -974.423         -61.311    -974.422               1               1
   89        -190.737     206.340        -190.733     206.340              89              89
  145        -364.059    -136.308        -364.059    -136.304             145             145
   89         424.239    -747.335         424.234    -747.338              89              89
  140         458.093     561.876         458.100     561.874             140             140
  186          83.019    -590.272          83.019    -590.270             186             186
  128         -25.451    -266.648         -25.448    -266.647             128             128
   69        -113.562    -591.869        -113.564    -591.870              69              69
  135        -825.399     719.490        -825.391     719.497             135             135
  170         343.876     485.444         343.877     485.446             170             170
  226        1041.485    -352.235        1041.485    -352.239             226             226
  175        -341.380    -838.710        -341.384    -838.702             175             175
  193          -2.658    -590.010          -2.663    -590.012             193             193
  176         -47.842     176.666         -47.837     176.668             176             176
   10        -225.853   -1406.314        -225.872   -1406.315              10              10
    4         460.103     773.055         460.117     773.042               4               4
   41        -223.298    -724.814        -223.307    -724.813              41              41
  219         142.917      -6.332         142.916      -6.342             219             219
   49         784.358      -2.152         784.365      -2.174              49              49
  179        -560.418     903.936        -560.394     903.940             179             179
  121         205.371     440.385         205.383     440.381             121             121
  161         -42.372     951.866         -42.344     951.872             161             161
   65        -784.217      23.465        -784.208      23.489              65              65
  122       -1260.003     397.964       -1260.000     398.000             122             122
  243        -426.571    -667.928        -426.604    -667.913             243             243
  255         691.235     476.464         691.231     476.449             255             255
  216         504.822     529.062         504.829     529.064             216             216
  237         712.246    -688.324         712.233    -688.328             237             237
  187        -327.182    -437.370        -327.190    -437.361             187             187
   32         253.233     156.860         253.235     156.857              32              32
  238        -359.012    -302.572        -359.028    -302.555             238             238
  175        1188.846   -1363.109        1188.806   -1363.150             175             175
  115         113.732     661.816         113.755     661.795             115             115
  237         446.131     728.359         446.155     728.346             237             237
  151         117.645    -269.920         117.646    -269.926             151             151
   95        -259.274    1060.244        -259.243    1060.249              95              95
   95         251.860     575.703         251.873     575.709              95              95
  167         482.621    -301.684         482.611    -301.692             167             167
  223         909.525     874.165         909.566     874.145             223             223
  161        -956.462     538.077        -956.436     538.130             161             161
  204         531.555    -174.375         531.547    -174.368             204             204
   20         449.190    -408.867         449.189    -408.867              20              20
  187        -472.728     301.678        -472.710     301.709             187             187
  125         244.841    -428.197         244.830    -428.186             125             125
   76        -163.201     -87.235        -163.198     -87.212              76              76
  125        -263.478    -802.898        -263.510    -802.875             125             125
  111        1015.097    -352.714        1015.092    -352.742             111             111
   57        -302.770    -797.337        -302.776    -797.327              57              57
  224        -752.739     121.308        -752.730     121.334             224             224
  232         -61.766    -186.734         -61.778    -186.724             232             232
   45        -258.143    -407.364        -258.167    -407.346              45              45
  130         698.763    -914.289         698.730    -914.318             130             130
   33        -418.687    -624.280        -418.703    -624.284              33              33
  198        -105.523     323.866        -105.513     323.854             198             198
  157        -204.282    -266.920        -204.300    -266.921             157             157
  179         626.000       0.042         626.000       0.000             179             179
   89        -204.321     266.923        -204.301     266.921              89              89
   90        -105.501    -323.842        -105.512    -323.855              90              90
  236        -418.722     624.287        -418.704     624.283             236             236
  225         698.690     914.352         698.728     914.319             225             225
   24        -258.195     407.323        -258.167     407.345              24              24
   66         -61.793     186.711         -61.778     186.723              66              66
   98        -752.719    -121.367        -752.729    -121.335              98              98
  102        -302.787     797.313        -302.777     797.327             102             102
   87        1015.085     352.782        1015.092     352.744              87              87
  239        -263.556     802.842        -263.511     802.874             239             239
  160        -163.194      87.178        -163.198      87.211             160             160
  123         244.814     428.171         244.830     428.186             123             123
   85        -472.681    -301.758        -472.708    -301.710              85              85
   98         449.187     408.868         449.188     408.867              98              98
  210         531.533     174.356         531.546     174.369             210             210
  127        -956.392    -538.217        -956.435    -538.130             127             127
  148         909.640    -874.106         909.568    -874.143             148             148
   38         482.594     301.705         482.611     301.692              38              38
    9         251.897    -575.720         251.874    -575.709               9               9
  244        -259.182   -1060.259        -259.242   -1060.249             244             244
   64         117.646     269.940         117.645     269.927              64              64
  195         446.207    -728.318         446.157    -728.345             195             195
  199         113.804    -661.749         113.755    -661.794             199             199
    9        1188.718    1363.240        1188.805    1363.151               9               9
  115        -359.065     302.516        -359.029     302.554             115             115
  222         253.239    -156.849         253.235    -156.857             222             222
    0        -327.210     437.338        -327.191     437.361              -0              -0
    4         712.198     688.340         712.232     688.329               4               4
   67         504.847    -529.067         504.830    -529.063              67              67
  132         691.220    -476.409         691.231    -476.449             132             132
  122        -426.698     667.872        -426.605     667.913             122             122
  111       -1259.992    -398.109       -1260.000    -398.000             111             111
  150        -784.182     -23.568        -784.208     -23.490             150             150
  206         -42.250    -951.892         -42.343    -951.872             206             206
   88         205.428    -440.365         205.385    -440.381              88              88
  213        -560.307    -903.955        -560.394    -903.941             213             213
  117         784.390       2.263         784.365       2.176             117             117
  153         142.914       6.384         142.916       6.342             153             153
  193        -223.345     724.807        -223.309     724.813             193             193
   54         460.177    -772.986         460.117    -773.042              54              54
  195        -225.969    1406.318        -225.875    1406.314             195             195
  199         -47.811    -176.677         -47.837    -176.668             199             199
  120          -2.690     590.020          -2.664     590.011             120             120
   67        -341.410     838.659        -341.385     838.702              67              67
  254        1041.479     352.269        1041.484     352.241             254             254
  184         343.888    -485.455         343.877    -485.445             184             184
   82        -825.341    -719.546        -825.390    -719.499              82              82
  136        -113.578     591.880        -113.564     591.870             136             136
  187         -25.438     266.642         -25.449     266.647             187             187
  195          83.009     590.256          83.017     590.270             195             195
   95         458.169    -561.845         458.101    -561.873              95              95
  119         424.179     747.372         424.233     747.339             119             119
  136        -364.062     136.255        -364.060     136.303             136             136
  247        -190.685    -206.350        -190.734    -206.341             247             247
  189         -61.340     974.420         -61.314     974.422             189             189
   11         613.816     945.136         613.853     945.135              11              11
   39         132.772      67.637         132.759      67.693              39              39
  244           0.957    -640.589           0.886    -640.557             244             244
   19        -559.970     241.509        -559.992     241.559              19              19
   92        -470.994     862.165        -471.004     862.250              92              92
   41        -529.800    -484.214        -529.961    -484.106              41              41
   36        -853.116    -876.406        -853.403    -876.326              36              36
   62        -425.138     528.958        -425.554     528.998              62              62
