SINAL     NFT                         FFT                         NFT INVERSA     FFT INVERSA
-----     -----------------------     -----------------------     -----------     -----------
  137       17441.000       0.000       17441.000       0.000             137             137
  162          33.388     518.177          33.392     518.178             162             162
  158         285.786    -853.579         285.789    -853.578             158             158
  185        -226.636    -690.843        -226.633    -690.842             185             185
  239        -152.299     134.927        -152.295     134.928             239             239
   49        -350.719    -858.396        -350.718    -858.394              49              49
  196          26.562    -702.836          26.562    -702.836             196             196
  235        1209.671    -347.799        1209.675    -347.804             235             235
  207        -925.932      71.739        -925.926      71.744             207             207
  197         -82.711    -371.909         -82.710    -371.908             197             197
  129         125.897      -8.917         125.901      -8.917             129             129
   92        -771.159    -839.080        -771.161    -839.076              92              92
  103         463.626     103.617         463.629     103.609             103             103
  109        -867.569    1398.415        -867.556    1398.423             109             109
  197         325.721     321.571         325.724     321.577             197             197
  126        -308.257    -938.826        -308.265    -938.815             126             126
   99         292.628   -1062.564         292.617   -1062.566              99              99
  244         333.336    -154.205         333.336    -154.210             244             244
  179         140.847    -401.810         140.843    -401.812             179             179
  196        1060.338    -482.173        1060.338    -482.188             196             196
   39        -259.913      70.161        -259.905      70.161              39              39
  180         565.713     157.638         565.723     157.630             180             180
  142          68.178    -571.544          68.182    -571.548             142             142
   49        -982.232     817.453        -982.214     817.465              49              49
   75        -110.847      62.729        -110.842      62.735              75              75
  245        -513.818     -76.888        -513.816     -76.877             245             245
  150        -712.544    -430.581        -712.555    -430.570             150             150
  152         283.242    -161.106         283.234    -161.117             152             152
  220          41.907     914.217          41.921     914.214             220             220
   47         580.408     540.687         580.419     540.687              47              47
   36         206.144    -827.672         206.136    -827.671              36              36
  190        -356.130     713.558        -356.110     713.568             190             190
   51        -897.992    -143.030        -898.000    -143.000              51              51
   30         370.673    -838.405         370.645    -838.409              30              30
   39        -188.244    -515.388        -188.267    -515.394              39              39
  233        1146.007     784.540        1146.014     784.508             233             233
  213        1318.245     531.479        1318.265     531.455             213             213
   88         233.112     206.326         233.133     206.334              88              88
  168         -57.549    -964.145         -57.560    -964.139             168             168
   55        -324.246     388.153        -324.233     388.160              55              55
  139          52.212    -344.624          52.199    -344.624             139             139
   93         964.820     597.969         964.839     597.951              93              93
   59         388.547   -1218.790         388.531   -1218.799              59              59
  222        -333.989     582.609        -333.963     582.611             222             222
   66         659.794    -305.353         659.799    -305.375              66              66
   59        -647.620    1050.679        -647.576    1050.703              59              59
    8          -4.380    -476.334          -4.388    -476.317               8               8
  193        -202.798    -799.077        -202.818    -799.071             193             193
  123         667.388    -542.530         667.384    -542.566             123             123
   88        -763.876     500.258        -763.846     500.268              88              88
  103        -232.357     317.562        -232.347     317.566             103             103
   17         275.328      33.327         275.334      33.313              17              17
  145        -255.819     269.727        -255.802     269.723             145             145
  232        -297.963    1217.803        -297.921    1217.814             232             232
  200         325.157     467.292         325.177     467.299             200             200
  190         169.689    -371.149         169.695    -371.149             190             190
  192        -835.483    1084.347        -835.432    1084.386             192             192
   69        -308.617     -78.277        -308.617     -78.247              69              69
  164        -899.793     199.747        -899.793     199.796             164             164
  207        -179.328    -314.310        -179.362    -314.295             207             207
    2         808.369     573.843         808.386     573.819               2               2
  242        -344.540     350.184        -344.524     350.220             242             242
  207         394.089    -478.073         394.071    -478.071             207             207
    9         252.234     280.897         252.262     280.899               9               9
  149       -1253.000      -0.071       -1253.000       0.000             149             149
  237         252.293    -280.900         252.263    -280.898             237             237
  108         394.049     478.071         394.070     478.072             108             108
  106        -344.506    -350.262        -344.524    -350.222             106             106
  120         808.405    -573.792         808.386    -573.819             120             120
   19        -179.402     314.276        -179.362     314.294              19              19
  164        -899.792    -199.856        -899.793    -199.797             164             164
  112        -308.617      78.207        -308.617      78.245             112             112
  157        -835.363   -1084.437        -835.430   -1084.386             157             157
  196         169.700     371.149         169.694     371.149             196             196
  237         325.205    -467.308         325.178    -467.298             237             237
  250        -297.858   -1217.830        -297.919   -1217.815             250             250
   99        -255.775    -269.719        -255.801    -269.724              99              99
  205         275.344     -33.291         275.335     -33.313             205             205
   50        -232.331    -317.571        -232.346    -317.565              50              50
   91        -763.798    -500.285        -763.845    -500.269              91              91
    7         667.376     542.626         667.383     542.566               7               7
  224        -202.856     799.057        -202.820     799.070             224             224
  124          -4.405     476.287          -4.389     476.317             124             124
  114        -647.492   -1050.751        -647.574   -1050.705             114             114
   33         659.808     305.417         659.799     305.375              33              33
  241        -333.909    -582.617        -333.961    -582.612             241             241
  183         388.495    1218.820         388.529    1218.801             183             183
  250         964.882    -597.911         964.841    -597.949             250             250
  198          52.171     344.624          52.199     344.624             198             198
  185        -324.200    -388.177        -324.231    -388.160             185             185
  170         -57.590     964.126         -57.562     964.139             170             170
  226         233.185    -206.354         233.133    -206.333             226             226
   24        1318.318    -531.391        1318.266    -531.454              24              24
  176        1146.036    -784.420        1146.017    -784.506             176             176
  147        -188.330     515.408        -188.268     515.393             147             147
  187         370.565     838.423         370.644     838.410             187             187
  223        -898.024     142.910        -898.000     143.000             223             223
   31        -356.044    -713.599        -356.109    -713.568              31              31
  185         206.105     827.670         206.134     827.671             185             185
  145         580.456    -540.682         580.419    -540.686             145             145
   29          41.971    -914.205          41.922    -914.215              29              29
   41         283.203     161.160         283.233     161.118              41              41
  106        -712.599     430.522        -712.556     430.568             106             106
   79        -513.808      76.828        -513.816      76.876              79              79
  138        -110.826     -62.759        -110.843     -62.734             138             138
  190        -982.122    -817.522        -982.211    -817.467             190             190
  232          68.202     571.569          68.181     571.548             232             232
  214         565.769    -157.589         565.723    -157.628             214             214
   31        -259.861     -70.161        -259.905     -70.162              31              31
  235        1060.333     482.281        1060.337     482.191             235             235
  207         140.819     401.823         140.842     401.811             207             207
   51         333.334     154.242         333.335     154.211              51              51
    3         292.536    1062.581         292.616    1062.566               3               3
  238        -308.329     938.735        -308.267     938.815             238             238
  196         325.752    -321.626         325.724    -321.577             196             196
  197        -867.429   -1398.502        -867.553   -1398.425             197             197
  139         463.665    -103.535         463.629    -103.609             139             139
   66        -771.195     839.026        -771.162     839.075              66              66
  104         125.952       8.916         125.901       8.917             104             104
    1         -82.699     371.893         -82.711     371.908               1               1
  141        -925.835     -71.821        -925.926     -71.745             141             141
  161        1209.730     347.908        1209.674     347.807             161             161
  145          26.550     702.832          26.561     702.836             145             145
   95        -350.710     858.327        -350.720     858.393              95              95
   57        -152.169    -134.976        -152.295    -134.928              57              57
  166        -226.525     690.796        -226.634     690.841             166             166
    3         285.957     853.530         285.787     853.578               3               3
  133          33.894    -518.246          33.393    -518.179             133             133
