SINAL     NFT                         FFT                         NFT INVERSA     FFT INVERSA
-----     -----------------------     -----------------------     -----------     -----------
   51       15628.000       0.000       15628.000       0.000              51              51
  147       -1523.375     396.526       -1523.372     396.527             147             147
  219        -462.216     283.064        -462.214     283.065             219             219
    0        -175.013    -606.913        -175.011    -606.913               0               0
  116         122.023     501.907         122.026     501.906             116             116
   53         157.667    1189.301         157.673    1189.302              53              53
   73           3.131     124.362           3.133     124.365              73              73
   20         367.554    -537.284         367.553    -537.283              20              20
   85         834.322    -292.363         834.324    -292.367              85              85
    6        -506.942     499.699        -506.935     499.702               6               6
   79        -284.400     391.377        -284.396     391.382              79              79
   58         640.806    -782.126         640.803    -782.126              58              58
   70         785.180     -41.688         785.186     -41.691              70              70
  216        -684.122    -971.957        -684.124    -971.950             216             216
  183         -54.258    -424.019         -54.259    -424.021             183             183
   76         414.317    -410.501         414.318    -410.508              76              76
   18        -379.674     523.736        -379.664     523.737              18              18
   24        -106.780     167.303        -106.776     167.303              24              24
   89         -74.086    1061.159         -74.072    1061.163              89              89
  236        -425.208     313.135        -425.205     313.153             236             236
  124        1109.162   -1467.504        1109.147   -1467.509             124             124
  249        -707.851   -1039.548        -707.860   -1039.541             249             249
  157        1171.194    -123.222        1171.200    -123.243             157             157
   26       -1357.798     -29.523       -1357.790     -29.506              26              26
  172        -281.887    -695.377        -281.900    -695.379             172             172
  152         216.284    1319.835         216.304    1319.831             152             152
  171         603.366    -582.833         603.362    -582.836             171             171
   27        -389.107    -399.169        -389.106    -399.164              27              27
   89        -195.361     578.129        -195.347     578.134              89              89
    7        -617.517    -190.453        -617.522    -190.429               7               7
   77         740.406   -1836.294         740.370   -1836.308              77              77
   98         124.457    -329.380         124.457    -329.396              98              98
  134         209.989     198.016         210.000     198.000             134             134
   12         282.997     318.931         283.017     318.920              12              12
  229        -904.177     -60.438        -904.169     -60.423             229             229
  198        -353.426     638.116        -353.414     638.125             198             198
  128         166.159    -473.484         166.146    -473.483             128             128
    1         266.401    -452.845         266.395    -452.855               1               1
   66        -295.471    -618.814        -295.485    -618.819              66              66
  188         881.151     -32.609         881.158     -32.651             188             188
  241        -644.794    1154.847        -644.756    1154.854             241             241
   10         775.319    -252.390         775.321    -252.414              10              10
  137         -90.429     375.988         -90.398     375.979             137             137
   31        -505.219     809.712        -505.179     809.722              31              31
  222        -820.229      57.608        -820.217      57.628             222             222
  169        -757.102     906.213        -757.076     906.232             169             169
  139         -23.429     673.719         -23.408     673.729             139             139
  240       -1094.123     389.256       -1094.114     389.302             240             240
   61         -88.333     259.717         -88.336     259.737              61              61
   69         243.375    -112.024         243.373    -112.012              69              69
  248       -1079.075   -1030.203       -1079.111   -1030.165             248             248
  149        -224.696     -17.638        -224.716     -17.638             149             149
  205         591.872    -211.816         591.855    -211.846             205             205
  182        -133.844     588.450        -133.826     588.448             182             182
  180          29.951     -20.544          29.941     -20.547             180             180
   40         826.098     363.481         826.116     363.449              40              40
  177        -595.674    -106.145        -595.669    -106.134             177             177
    7         102.592    1239.035         102.640    1239.027               7               7
  189        -614.233     307.748        -614.223     307.779             189             189
  130          20.774    1055.236          20.802    1055.250             130             130
  242         385.191     330.980         385.205     330.994             242             242
   22        -402.503     165.844        -402.494     165.890              22              22
  204        -154.239    -693.231        -154.272    -693.206             204             204
  129        -699.399     340.130        -699.412     340.167             129             129
  218        2168.000       0.071        2168.000       0.000             218             218
  254        -699.424    -340.209        -699.411    -340.169             254             254
   80        -154.307     693.182        -154.272     693.207              80              80
    2        -402.483    -165.943        -402.493    -165.892               2               2
   31         385.221    -331.010         385.205    -330.994              31              31
  246          20.840   -1055.268          20.805   -1055.251             246             246
  247        -614.211    -307.817        -614.223    -307.779             247             247
   75         102.702   -1239.018         102.643   -1239.027              75              75
  200        -595.661     106.118        -595.669     106.133             200             200
   64         826.142    -363.404         826.117    -363.447              64              64
   74          29.930      20.552          29.942      20.547              74              74
  131        -133.800    -588.445        -133.825    -588.448             131             131
  250         591.830     211.891         591.855     211.846             250             250
  115        -224.748      17.640        -224.716      17.639             115             115
  112       -1079.170    1030.102       -1079.113    1030.163             112             112
   73         243.371     111.993         243.373     112.013              73              73
   49         -88.341    -259.770         -88.336    -259.737              49              49
  179       -1094.097    -389.385       -1094.113    -389.304             179             179
  210         -23.365    -673.746         -23.405    -673.729             210             210
  140        -757.026    -906.269        -757.074    -906.233             140             140
   52        -820.194     -57.668        -820.217     -57.629              52              52
  189        -505.096    -809.743        -505.176    -809.722             189             189
  235         -90.334    -375.960         -90.397    -375.979             235             235
   34         775.325     252.467         775.320     252.416              34              34
   64        -644.671   -1154.871        -644.755   -1154.855              64              64
   30         881.173      32.752         881.158      32.653              30              30
   40        -295.519     618.832        -295.485     618.819              40              40
  250         266.376     452.879         266.393     452.856             250             250
  199         166.111     473.482         166.145     473.483             199             199
  149        -353.382    -638.150        -353.413    -638.125             149             149
  234        -904.150      60.380        -904.170      60.422             234             234
  190         283.073    -318.885         283.017    -318.919             190             190
  228         210.032    -197.951         210.000    -198.000             228             228
  144         124.453     329.454         124.456     329.398             144             144
  246         740.245    1836.359         740.367    1836.310             246             246
  146        -617.544     190.348        -617.523     190.429             146             146
  131        -195.294    -578.156        -195.346    -578.135             131             131
   30        -389.104     399.145        -389.107     399.164              30              30
   59         603.345     582.850         603.361     582.837              59              59
  162         216.387   -1319.814         216.305   -1319.831             162             162
  218        -281.959     695.388        -281.900     695.380             218             218
   80       -1357.752      29.419       -1357.790      29.504              80              80
   42        1171.230     123.349        1171.200     123.244              42              42
   30        -707.909    1039.505        -707.862    1039.540              30              30
  177        1109.062    1467.540        1109.145    1467.511             177             177
   66        -425.186    -313.258        -425.204    -313.153              66              66
   79         -73.977   -1061.193         -74.070   -1061.164              79              79
  183        -106.745    -167.305        -106.775    -167.303             183             183
  235        -379.591    -523.743        -379.664    -523.737             235             235
   41         414.320     410.570         414.317     410.510              41              41
   15         -54.274     424.032         -54.260     424.021              15              15
   46        -684.147     971.885        -684.126     971.949              46              46
  202         785.240      41.725         785.186      41.691             202             202
    3         640.756     782.138         640.801     782.128               3               3
  179        -284.353    -391.453        -284.396    -391.383             179             179
  148        -506.838    -499.752        -506.934    -499.703             148             148
    9         834.360     292.431         834.324     292.368               9               9
  224         367.539     537.278         367.553     537.284             224             224
   38           3.181    -124.424           3.134    -124.365              38              38
   71         157.820   -1189.312         157.675   -1189.302              71              71
  156         122.125    -501.867         122.026    -501.906             156             156
  126        -174.978     606.905        -175.013     606.913             126             126
   14        -462.042    -283.119        -462.214    -283.066              14              14
  137       -1522.939    -396.645       -1523.371    -396.529             137             137
