SINAL     NFT                         FFT                         NFT INVERSA     FFT INVERSA
-----     -----------------------     -----------------------     -----------     -----------
  110       16812.000       0.000       16812.000       0.000             110             110
   27        -704.278    -470.240        -704.275    -470.240              27              27
  109        1008.658     308.068        1008.661     308.067             109             109
  139         577.730    -508.936         577.733    -508.937             139             139
   80        -307.399    -170.858        -307.395    -170.857              80              80
  170        -363.794    -874.812        -363.792    -874.812             170             170
  204        -232.045     391.747        -232.040     391.746             204             204
  147        -351.602     289.482        -351.597     289.483             147             147
  254        -238.348     570.635        -238.343     570.635             254             254
   18         -77.443    1328.025         -77.433    1328.029              18              18
  218        -422.171   -1640.974        -422.179   -1640.969             218             218
  254         135.294       0.016         135.295       0.011             254             254
   21         735.472     275.342         735.478     275.332              21              21
  181        -219.659    1096.538        -219.644    1096.539             181             181
  236        -764.229     120.350        -764.225     120.357             236             236
  195          17.186     981.306          17.195     981.308             195             195
   16          21.918    -271.712          21.917    -271.709              16              16
  111         392.054    -174.614         392.056    -174.620             111             111
  224        -265.094     830.576        -265.079     830.578             224             224
    2        -705.549     830.168        -705.539     830.183               2               2
   78         103.327    -389.320         103.319    -389.312              78              78
   69         908.257    -878.014         908.250    -878.026              69              69
   32        -701.320     407.848        -701.309     407.855              32              32
   76         338.458     -67.487         338.459     -67.492              76              76
   73         -37.639     393.183         -37.628     393.183              73              73
  142         -35.002     634.884         -34.988     634.891             142             142
  233        -484.759    -340.954        -484.762    -340.938             233             233
   46        -189.560     -67.543        -189.563     -67.533              46              46
  104        -183.488   -1215.467        -183.515   -1215.465             104             104
   78        1319.689     216.302        1319.696     216.270              78              78
  141        -442.997     168.318        -442.984     168.324             141             141
  160        -213.009    -754.870        -213.020    -754.875             160             160
  172        -324.016     806.005        -324.000     806.000             172             172
  140        -185.503     161.716        -185.507     161.711             140             140
  103         652.602    1304.579         652.625    1304.560             103             103
   24         473.283    1043.525         473.307    1043.523              24              24
  133        1147.773     514.641        1147.798     514.629             133             133
   39        -417.256     321.178        -417.231     321.204              39              39
  191         132.969    -340.541         132.976    -340.532             191             191
  196        -791.102      47.311        -791.089      47.338             196             196
  197        -473.390    -233.669        -473.391    -233.650             197             197
  147       -1112.242    -435.548       -1112.259    -435.521             147             147
  162        -280.665     304.515        -280.676     304.518             162             162
  200         706.605     280.741         706.602     280.720             200             200
  146        -121.867     463.035        -121.863     463.040             146             146
  144        1105.023     504.493        1105.035     504.467             144             144
  133           6.513     319.054           6.530     319.061             133             133
   23          47.819     408.542          47.833     408.549              23              23
  215         118.066     608.280         118.083     608.291             215             215
   18         497.150     125.895         497.152     125.898              18              18
  198         877.904     206.369         877.921     206.363             198             198
  221         904.046    -414.936         904.066    -414.946             221             221
  135       -1421.343    -347.191       -1421.331    -347.135             135             135
  136         174.882     -69.370         174.888     -69.368             136             136
  205        -791.608    -280.185        -791.607    -280.151             205             205
  207        -604.909    -261.796        -604.924    -261.776             207             207
  243          89.361     235.807          89.362     235.803             243             243
  233         -14.715     104.718         -14.713     104.719             233             233
  184         -22.044     513.327         -22.026     513.332             184             184
   45         165.008     384.941         165.026     384.948              45              45
  190         -88.512     324.398         -88.491     324.420             190             190
  142        -476.029     209.731        -476.018     209.774             142             142
   97        -367.782    -869.180        -367.826    -869.156              97              97
  146         106.977     794.408         106.995     794.411             146             146
   66         604.000      -0.002         604.000       0.000              66              66
  167         107.016    -794.415         106.996    -794.411             167             167
  209        -367.875     869.128        -367.827     869.154             209             209
  232        -476.006    -209.825        -476.018    -209.776             232             232
  228         -88.467    -324.444         -88.491    -324.420             228             228
   41         165.048    -384.955         165.027    -384.947              41              41
  119         -22.003    -513.338         -22.025    -513.332             119             119
  176         -14.710    -104.719         -14.713    -104.719             176             176
   24          89.364    -235.796          89.362    -235.802              24              24
   22        -604.945     261.748        -604.924     261.775              22              22
  130        -791.608     280.104        -791.608     280.150             130             130
  246         174.898      69.366         174.889      69.368             246             246
   37       -1421.313     347.049       -1421.331     347.132              37              37
  109         904.096     414.963         904.066     414.947             109             109
  132         877.947    -206.351         877.921    -206.361             132             132
  242         497.157    -125.904         497.153    -125.898             242             242
  185         118.111    -608.311         118.083    -608.291             185             185
   63          47.858    -408.561          47.833    -408.549              63              63
  123           6.562    -319.075           6.530    -319.062             123             123
  222        1105.060    -504.416        1105.036    -504.465             222             222
  186        -121.853    -463.048        -121.861    -463.040             186             186
  240         706.594    -280.677         706.601    -280.719             240             240
   70        -280.699    -304.523        -280.676    -304.518              70              70
  112       -1112.297     435.461       -1112.260     435.519             112             112
   35        -473.394     233.607        -473.392     233.649              35              35
   75        -791.058     -47.403        -791.088     -47.340              75              75
   42         132.989     340.511         132.975     340.532              42              42
  149        -417.169    -321.269        -417.230    -321.205             149             149
  210        1147.862    -514.596        1147.799    -514.627             210             210
  123         473.372   -1043.516         473.309   -1043.523             123             123
   70         652.691   -1304.505         652.627   -1304.558              70              70
  115        -185.517    -161.696        -185.506    -161.711             115             115
  135        -323.952    -805.985        -324.000    -806.000             135             135
  196        -213.061     754.889        -213.022     754.875             196             196
  144        -442.940    -168.347        -442.984    -168.325             144             144
   32        1319.719    -216.155        1319.696    -216.268              32              32
   29        -183.618    1215.458        -183.517    1215.465              29              29
   31        -189.575      67.495        -189.563      67.533              31              31
   66        -484.777     340.874        -484.763     340.938              66              66
   20         -34.925    -634.920         -34.986    -634.891              20              20
  114         -37.582    -393.185         -37.628    -393.183             114             114
  247         338.460      67.517         338.459      67.493             247             247
  253        -701.258    -407.894        -701.309    -407.857             253             253
  150         908.208     878.088         908.248     878.027             150             150
  117         103.275     389.271         103.319     389.312             117             117
   18        -705.475    -830.275        -705.537    -830.185              18              18
  228        -264.984    -830.594        -265.078    -830.578             228             228
   77         392.069     174.657         392.056     174.620              77              77
   84          21.907     271.683          21.917     271.709              84              84
   78          17.273    -981.325          17.197    -981.308              78              78
   76        -764.191    -120.419        -764.224    -120.358              76              76
   69        -219.502   -1096.544        -219.643   -1096.539              69              69
  198         735.539    -275.234         735.478    -275.331             198             198
  205         135.305       0.046         135.295      -0.011             205             205
   15        -422.282    1640.915        -422.182    1640.970              15              15
  161         -77.289   -1328.076         -77.431   -1328.028             161             161
  208        -238.254    -570.633        -238.342    -570.635             208             208
   64        -351.513    -289.480        -351.596    -289.482              64              64
   70        -231.930    -391.714        -232.039    -391.746              70              70
  154        -363.761     874.817        -363.794     874.812             154             154
  169        -307.262     170.837        -307.396     170.857             169             169
  175         577.872     508.976         577.732     508.938             175             175
   99        1008.884    -307.988        1008.662    -308.065              99              99
  217        -703.898     470.178        -704.276     470.238             217             217
