SINAL     NFT                         FFT                         NFT INVERSA     FFT INVERSA
-----     -----------------------     -----------------------     -----------     -----------
  172       15711.000       0.000       15711.000       0.000             172             172
  174        -496.026      51.029        -496.023      51.030             174             174
   68        -493.897   -1186.347        -493.896   -1186.347              68              68
  171         269.338    1198.168         269.342    1198.167             171             171
  184         832.284     392.652         832.288     392.651             184             184
   38        -595.980     861.259        -595.975     861.262              38              38
   98         354.342     268.210         354.345     268.212              98              98
   89         549.375    -333.667         549.377    -333.666              89              89
   40         627.690    -747.290         627.691    -747.293              40              40
   19        -188.884     351.556        -188.878     351.557              19              19
   12         423.036     722.593         423.045     722.595              12              12
  108        -120.149    -895.296        -120.149    -895.289             108             108
   86         588.091    -856.999         588.091    -857.003              86              86
  216        -676.542     -44.432        -676.535     -44.427             216             216
  177        -688.674    -256.224        -688.674    -256.219             177             177
  104        -102.865     -86.615        -102.865     -86.615             104             104
   43         449.058     451.273         449.067     451.268              43              43
  121        -736.656     430.707        -736.646     430.718             121             121
  142        -872.245     222.871        -872.245     222.887             142             142
  186        1077.660    -512.011        1077.654    -512.019             186             186
   91        -834.253     759.452        -834.241     759.470              91              91
  161         296.687    -976.851         296.672    -976.846             161             161
  133         742.122    -413.953         742.121    -413.961             133             133
  210        -629.981    -395.072        -629.981    -395.061             210             210
  214        -137.895    -570.441        -137.902    -570.441             214             214
  204        -805.459      44.727        -805.463      44.737             204             204
   75         567.765     213.909         567.760     213.899              75              75
  109         608.627     358.781         608.634     358.777             109             109
   90        -234.299    -260.706        -234.302    -260.696              90              90
  100         123.204     -77.939         123.200     -77.937             100             100
  144         333.560    -239.134         333.554    -239.138             144             144
   37         357.552     178.477         357.558     178.474              37              37
  112        -181.994    -275.008        -182.000    -275.000             112             112
  244         139.407     154.404         139.406     154.406             244             244
  155         308.493    -849.644         308.467    -849.652             155             155
  217        1054.022     927.163        1054.040     927.139             217             217
  179         983.442    -338.204         983.445    -338.223             179             179
  141         172.133     875.973         172.170     875.976             141             141
  182        -537.067     -27.349        -537.062     -27.317             182             182
  111         681.895    -942.102         681.874    -942.109             111             111
  216         408.603    -301.403         408.609    -301.417             216             216
   70        -270.376     732.790        -270.345     732.804              70              70
  114         -24.244    -523.382         -24.252    -523.369             114             114
  199         190.358      43.571         190.370      43.575             199             199
    6        -730.493    -369.946        -730.497    -369.913               6               6
   26        -190.636    -504.927        -190.654    -504.913              26              26
  100        -357.703    -615.777        -357.731    -615.762             100             100
   92         713.950    -453.844         713.927    -453.864              92              92
  166         574.948    -616.711         574.933    -616.731             166             166
   81         226.558   -1174.205         226.528   -1174.235              81              81
  139         414.036    1340.701         414.088    1340.674             139             139
    5         279.536    -636.538         279.530    -636.549               5               5
   55          80.416     590.168          80.458     590.157              55              55
   68       -1206.780     121.146       -1206.771     121.188              68              68
  196         348.964     212.208         348.964     212.200             196             196
   24        -151.049    -430.034        -151.066    -430.031              24              24
  128         457.590     301.757         457.603     301.731             128             128
    0         112.800     520.863         112.830     520.859              -0               0
  118        -243.920     193.565        -243.905     193.578             118             118
   25         -34.210     561.629         -34.187     561.640              25              25
   62         186.751      -4.339         186.758      -4.334              62              62
  182        -258.865     610.159        -258.835     610.190             182             182
  210         317.446    -969.751         317.422    -969.750             210             210
   95        -900.756     225.777        -900.740     225.813              95              95
  188           5.000      -0.008           5.000       0.000             188             188
  154        -900.721    -225.852        -900.739    -225.814             154             154
  218         317.392     969.749         317.420     969.750             218             218
    5        -258.800    -610.226        -258.833    -610.191               5               5
  230         186.766       4.328         186.758       4.334             230             230
  246         -34.157    -561.652         -34.185    -561.640             246             246
   39        -243.887    -193.594        -243.905    -193.579              39              39
  170         112.869    -520.854         112.831    -520.859             170             170
   17         457.620    -301.697         457.603    -301.731              17              17
  183        -151.088     430.027        -151.066     430.031             183             183
  231         348.966    -212.189         348.965    -212.200             231             231
  170       -1206.758    -121.251       -1206.771    -121.190             170             170
  248          80.519    -590.141          80.458    -590.157             248             248
   70         279.521     636.568         279.530     636.550              70              70
   12         414.171   -1340.629         414.090   -1340.672              12              12
  165         226.478    1174.283         226.526    1174.235             165             165
  176         574.907     616.765         574.932     616.732             176             176
  185         713.887     453.902         713.926     453.866             185             185
  100        -357.784     615.736        -357.732     615.762             100             100
  159        -190.689     504.885        -190.655     504.912             159             159
   67        -730.505     369.848        -730.497     369.912              67              67
  109         190.394     -43.584         190.370     -43.575             109             109
  253         -24.268     523.342         -24.253     523.369             253             253
  231        -270.278    -732.834        -270.344    -732.805             231             231
  142         408.621     301.447         408.609     301.417             142             142
  225         681.824     942.127         681.872     942.110             225             225
   52        -537.051      27.239        -537.062      27.315              52              52
    2         172.263    -875.985         172.172    -875.976               2               2
   94         983.453     338.271         983.445     338.224              94              94
  179        1054.092    -927.072        1054.042    -927.137             179             179
  176         308.395     849.677         308.466     849.653             176             176
  226         139.401    -154.412         139.406    -154.406             226             226
  211        -182.017     274.977        -182.000     275.000             211             211
   64         357.575    -178.461         357.558    -178.473              64              64
  165         333.533     239.153         333.553     239.138             165             165
  177         123.185      77.933         123.200      77.937             177             177
   89        -234.314     260.660        -234.303     260.695              89              89
    5         608.663    -358.753         608.635    -358.775               5               5
  115         567.745    -213.860         567.761    -213.898             115             115
  156        -805.480     -44.778        -805.464     -44.738             156             156
    5        -137.935     570.437        -137.902     570.440               5               5
   62        -629.982     395.008        -629.981     395.060              62              62
   72         742.115     413.999         742.120     413.962              72              72
   70         296.588     976.822         296.670     976.847              70              70
    9        -834.175    -759.569        -834.240    -759.471               9               9
  116        1077.617     512.072        1077.652     512.021             116             116
  196        -872.247    -222.991        -872.245    -222.889             196             196
    9        -736.581    -430.795        -736.646    -430.720               9               9
  189         449.132    -451.236         449.068    -451.269             189             189
  112        -102.865      86.617        -102.865      86.615             112             112
   73        -688.669     256.166        -688.674     256.217              73              73
  134        -676.473      44.379        -676.535      44.425             134             134
   34         588.089     857.039         588.090     857.004              34              34
  183        -120.168     895.221        -120.152     895.289             183             183
  167         423.153    -722.617         423.046    -722.595             167             167
   59        -188.790    -351.578        -188.877    -351.558              59              59
  156         627.699     747.324         627.690     747.293             156             156
  141         549.397     333.651         549.376     333.666             141             141
    9         354.404    -268.249         354.345    -268.211               9               9
  209        -595.827    -861.348        -595.973    -861.264             209             209
  139         832.421    -392.600         832.289    -392.650             139             139
  185         269.534   -1198.115         269.344   -1198.166             185             185
   79        -493.822    1186.327        -493.898    1186.346              79              79
   65        -495.606     -51.099        -496.022     -51.030              65              65
