SINAL     NFT                         FFT                         NFT INVERSA     FFT INVERSA
-----     -----------------------     -----------------------     -----------     -----------
   31       16081.000       0.000       16081.000       0.000              31              31
   59        -286.270    -107.312        -286.267    -107.312              59              59
  192         203.735    -241.025         203.738    -241.025             192             192
  156         -87.474     234.841         -87.470     234.841             156             156
  248         148.099     -41.946         148.102     -41.944             248             248
  106          58.791   -1280.264          58.792   -1280.264             106             106
   81        -958.893    -498.866        -958.892    -498.865              81              81
  223         278.677     346.343         278.680     346.340             223             223
  176        -163.138     455.046        -163.133     455.048             176             176
   33         601.892    -959.332         601.891    -959.334              33              33
  170        -550.617    -217.618        -550.614    -217.616             170             170
  129         314.261    -703.195         314.261    -703.200             129             129
   95       -1090.840     121.800       -1090.836     121.805              95              95
  161         421.830     303.405         421.833     303.400             161             161
   86         405.652     -99.192         405.658     -99.197              86              86
  216        -588.347     -13.317        -588.341     -13.316             216             216
  127        -406.943    1145.517        -406.927    1145.523             127             127
   86        -780.664    -492.844        -780.668    -492.830              86              86
  167          85.191    -216.961          85.189    -216.959             167             167
   62        -147.847   -1532.573        -147.863   -1532.576              62              62
   42        -517.311     890.360        -517.300     890.360              42              42
  131          35.531    -811.196          35.517    -811.200             131             131
   10        1027.576     675.629        1027.590     675.611              10              10
  141        -943.088    -247.584        -943.084    -247.572             141             141
   12        -407.431    -264.482        -407.438    -264.483              12              12
  191         515.331     604.181         515.340     604.167             191             191
   50          51.294    -120.317          51.297    -120.323              50              50
  107          87.913     483.783          87.929     483.775             107             107
  249       -1038.382     974.191       -1038.363     974.211             249             249
  236         145.264    -689.972         145.250    -689.975             236             236
  228        -819.665    1018.465        -819.650    1018.478             228             228
  207         328.665    -176.712         328.654    -176.714             207             207
  114         -92.994     -30.001         -93.000     -30.000             114             114
    0          74.072     159.611          74.065     159.609              -0              -0
  241         953.568    -340.254         953.554    -340.281             241             241
   89        1082.614    1205.823        1082.649    1205.798              89              89
  193          50.889     -39.697          50.901     -39.690             193             193
  208        -221.764     -16.536        -221.762     -16.525             208             208
   69        1164.755    -928.775        1164.741    -928.808              69              69
   48         -76.742      88.615         -76.724      88.599              48              48
  131         172.614     687.173         172.644     687.154             131             131
  130         841.897    1425.713         841.960    1425.694             130             130
   33       -1087.960       5.525       -1087.932       5.566              33              33
    7        -798.937    -257.574        -798.933    -257.554               7               7
  124        -503.791     571.558        -503.768     571.569             124             124
  104        -459.610     238.664        -459.597     238.678             104             104
  138        -334.316     310.697        -334.298     310.705             138             138
  185       -1081.651     595.188       -1081.631     595.219             185             185
  103        -899.080     749.490        -899.074     749.523             103             103
  152         692.363    1010.118         692.385    1010.116             152             152
  211        -547.335     -30.777        -547.338     -30.734             211             211
   58         437.191    -556.973         437.170    -556.978              58              58
   23         319.188     528.178         319.222     528.174              23              23
   60        -888.060     130.195        -888.039     130.239              60              60
  192       -1326.579     100.933       -1326.584     100.994             192             192
  150        -228.484     -86.261        -228.509     -86.240             150             150
  162         165.929     306.671         165.927     306.685             162             162
  225        -266.053    -746.908        -266.089    -746.880             225             225
  251        -316.062    -890.623        -316.113    -890.619             251             251
   77         590.531     485.746         590.532     485.709              77              77
   66         376.008     917.318         376.038     917.313              66              66
  168         399.504    -251.639         399.496    -251.637             168             168
  231         545.640     -38.893         545.655     -38.908             231             231
  168        -691.453     313.772        -691.429     313.811             168             168
   51         -51.000      -0.020         -51.000       0.000              51              51
   37        -691.403    -313.853        -691.428    -313.812              37              37
   25         545.669      38.925         545.654      38.909              25              25
   15         399.486     251.635         399.495     251.637              15              15
  208         376.075    -917.308         376.039    -917.313             208             208
  132         590.535    -485.664         590.533    -485.708             132             132
  216        -316.179     890.615        -316.116     890.619             216             216
  232        -266.136     746.845        -266.090     746.879             232             232
  164         165.925    -306.702         165.927    -306.685             164             164
   35        -228.543      86.211        -228.510      86.240              35              35
   97       -1326.590    -101.080       -1326.583    -100.996              97              97
  249        -888.009    -130.304        -888.039    -130.241             249             249
  234         319.272    -528.167         319.223    -528.174             234             234
   36         437.137     556.985         437.169     556.978              36              36
  105        -547.342      30.664        -547.337      30.732             105             105
   18         692.423   -1010.111         692.388   -1010.115              18              18
  224        -899.061    -749.579        -899.073    -749.523             224             224
  248       -1081.594    -595.276       -1081.630    -595.221             248             248
   38        -334.266    -310.719        -334.298    -310.705              38              38
   71        -459.573    -238.704        -459.597    -238.679              71              71
  177        -503.724    -571.591        -503.767    -571.570             177             177
   49        -798.925     257.510        -798.933     257.552              49              49
  165       -1087.873      -5.653       -1087.931      -5.567             165             165
  206         842.098   -1425.651         841.963   -1425.692             206             206
  140         172.711    -687.111         172.644    -687.154             140             140
  126         -76.679     -88.563         -76.723     -88.599             126             126
   22        1164.706     928.890        1164.740     928.811              22              22
  238        -221.756      16.497        -221.761      16.525             238             238
   38          50.932      39.672          50.901      39.690              38              38
  232        1082.744   -1205.726        1082.651   -1205.795             232             232
  128         953.516     340.360         953.554     340.283             128             128
  103          74.047    -159.601          74.066    -159.607             103             103
   62         -93.017      29.997         -93.000      30.000              62              62
    5         328.619     176.722         328.654     176.715               5               5
  167        -819.598   -1018.527        -819.649   -1018.480             167             167
  133         145.199     689.985         145.249     689.975             133             133
   37       -1038.290    -974.289       -1038.362    -974.212              37              37
   88          87.991    -483.744          87.929    -483.774              88              88
  207          51.308     120.345          51.297     120.323             207             207
  148         515.379    -604.108         515.341    -604.165             148             148
   35        -407.468     264.486        -407.438     264.482              35              35
  150        -943.069     247.514        -943.084     247.570             150             150
  109        1027.663    -675.514        1027.591    -675.608             109             109
    2          35.443     811.222          35.516     811.201               2               2
  253        -517.238    -890.365        -517.299    -890.360             253             253
  243        -147.960    1532.592        -147.866    1532.576             243             243
   88          85.173     216.945          85.188     216.959              88              88
  133        -780.697     492.739        -780.669     492.829             133             133
   86        -406.813   -1145.565        -406.926   -1145.523              86              86
  150        -588.292      13.295        -588.340      13.314             150             150
   15         405.699      99.237         405.657      99.198              15              15
  193         421.865    -303.353         421.834    -303.399             193             193
   88       -1090.797    -121.851       -1090.835    -121.805              88              88
  243         314.258     703.249         314.260     703.200             243             243
  173        -550.576     217.584        -550.614     217.615             173             173
   48         601.871     959.365         601.889     959.335              48              48
   36        -163.056    -455.084        -163.133    -455.048              36              36
  149         278.747    -346.296         278.681    -346.340             149             149
  140        -958.866     498.821        -958.893     498.863             140             140
    1          58.796    1280.253          58.790    1280.264               1               1
  232         148.209      41.909         148.102      41.945             232             232
   75         -87.309    -234.870         -87.470    -234.843              75              75
    9         203.924     241.028         203.738     241.025               9               9
  205        -285.856     107.264        -286.267     107.311             205             205
