SINAL     NFT                         FFT                         NFT INVERSA     FFT INVERSA
-----     -----------------------     -----------------------     -----------     -----------
   43       15414.000       0.000       15414.000       0.000              43              43
  229         203.692     -15.777         203.695     -15.778             229             229
    3         306.713     769.771         306.717     769.771               3               3
  247        -248.110    -508.016        -248.108    -508.016             247             247
    9         -25.678     712.860         -25.673     712.860               9               9
    2        -260.265    -105.443        -260.262    -105.441               2               2
  166       -1037.343     -58.766       -1037.341     -58.761             166             166
   66         393.690   -1094.054         393.686   -1094.056              66              66
  239         414.369     -70.161         414.370     -70.167             239             239
  186        1028.873     801.309        1028.881     801.301             186             186
   85          86.367     522.298          86.376     522.297              85              85
   55        -310.551     679.297        -310.544     679.300              55              55
  223         748.415     683.505         748.424     683.503             223             223
  151        -460.462    -392.598        -460.462    -392.590             151             151
    5        1238.508    -840.793        1238.505    -840.805               5               5
  154        -140.921     541.716        -140.909     541.711             154             154
   83         419.782    1810.959         419.806    1810.958              83              83
  248         883.095     -89.954         883.104     -89.954             248             248
   28         310.602      51.222         310.621      51.224              28              28
   46       -1729.369      23.810       -1729.356      23.837              46              46
   60        -508.461    -350.850        -508.459    -350.839              60              60
  131       -1357.498     445.653       -1357.490     445.677             131             131
  254        -186.732    -452.457        -186.741    -452.443             254             254
  208        -211.349    -755.318        -211.360    -755.308             208             208
   98         230.698   -1021.667         230.686   -1021.669              98              98
    0        -420.792    -874.816        -420.799    -874.816              -0              -0
   28       -1206.783       1.308       -1206.783       1.319              28              28
   79        -884.049     346.955        -884.057     346.966              79              79
  198        1233.858    -184.598        1233.844    -184.622             198             198
  137         473.409    -300.052         473.407    -300.072             137             137
  162         515.506    2006.496         515.549    2006.488             162             162
  132        -249.341    -220.909        -249.338    -220.887             132             132
  201         -57.991    -528.008         -58.000    -528.000             201             201
   14         198.621    -355.671         198.616    -355.675              14              14
   94         470.244      57.540         470.253      57.530              94              94
    2        -505.009    -567.252        -505.012    -567.244               2               2
   52        -494.629     344.152        -494.624     344.156              52              52
  217         876.571     282.674         876.581     282.653             217             217
  206        -769.803     238.930        -769.793     238.947             206             206
   32         522.709     649.882         522.724     649.873              32              32
  161         -16.310     533.671         -16.290     533.683             161             161
   60        -201.407     479.058        -201.393     479.084              60              60
  237         309.007    -721.006         308.988    -720.996             237             237
   17         118.777    -241.150         118.772    -241.146              17              17
   29         543.459       2.245         543.464       2.240              29              29
  212         583.716    -468.679         583.715    -468.683             212             212
  203         807.793    -558.592         807.807    -558.612             203             203
   69       -1375.982     171.567       -1375.953     171.616              69              69
   57         100.208    -705.051         100.194    -705.043              57              57
   80        -213.212    -831.048        -213.223    -831.045              80              80
   74        -427.961     108.609        -427.945     108.616              74              74
  131        -132.195     366.109        -132.171     366.126             131             131
  163        -232.402    -821.974        -232.413    -821.951             163             163
  211        -477.355    -595.640        -477.357    -595.616             211             211
  160       -1164.683   -1180.019       -1164.719   -1179.980             160             160
  249         117.909    -754.344         117.888    -754.362             249             249
  253       -1472.734    -878.845       -1472.766    -878.815             253             253
   29         -47.602    -265.849         -47.625    -265.880              29              29
  197        -195.254     318.585        -195.246     318.567             197             197
  204        -352.961     373.990        -352.955     373.989             204             204
   76         431.420     447.125         431.437     447.108              76              76
   33        -220.170    -267.400        -220.168    -267.386              33              33
  125        -768.216    -910.519        -768.250    -910.507             125             125
  206        -146.543     577.390        -146.526     577.376             206             206
  185         -26.000       0.004         -26.000       0.000             185             185
  155        -146.508    -577.361        -146.526    -577.376             155             155
   15        -768.289     910.491        -768.251     910.505              15              15
   98        -220.165     267.372        -220.168     267.386              98              98
   11         431.457    -447.087         431.438    -447.107              11              11
   65        -352.947    -373.988        -352.955    -373.989              65              65
  138        -195.237    -318.543        -195.246    -318.566             138             138
   70         -47.655     265.918         -47.626     265.880              70              70
  228       -1472.808     878.775       -1472.766     878.814             228             228
   84         117.859     754.386         117.887     754.362              84              84
   42       -1164.770    1179.925       -1164.720    1179.979              42              42
  146        -477.360     595.581        -477.358     595.615             146             146
  118        -232.430     821.917        -232.414     821.951             118             118
  180        -132.135    -366.151        -132.171    -366.126             180             180
   38        -427.920    -108.630        -427.945    -108.617              38              38
  123        -213.241     831.039        -213.224     831.044             123             123
    3         100.171     705.029         100.194     705.042               3               3
   98       -1375.904    -171.704       -1375.953    -171.618              98              98
   38         807.833     558.648         807.807     558.613              38              38
  217         583.714     468.694         583.715     468.685             217             217
  154         543.473      -2.232         543.464      -2.240             154             154
  116         118.763     241.137         118.772     241.146             116             116
  147         308.948     720.978         308.987     720.997             147             147
    1        -201.363    -479.140        -201.392    -479.085               1               1
   10         -16.245    -533.709         -16.289    -533.683              10              10
  139         522.762    -649.848         522.726    -649.871             139             139
   43        -769.768    -238.991        -769.792    -238.949              43              43
   91         876.606    -282.595         876.581    -282.650              91              91
  222        -494.611    -344.169        -494.623    -344.157             222             222
  198        -505.023     567.223        -505.014     567.244             198             198
  136         470.281     -57.502         470.254     -57.530             136             136
   94         198.598     355.688         198.615     355.676              94              94
  134         -58.028     527.975         -58.000     528.000             134             134
  255        -249.331     220.820        -249.339     220.887             255             255
  124         515.702   -2006.459         515.553   -2006.487             124             124
   63         473.393     300.141         473.405     300.073              63              63
  134        1233.793     184.713        1233.844     184.624             134             134
  194        -884.089    -347.010        -884.057    -346.968             194             194
  228       -1206.784      -1.363       -1206.784      -1.320             228             228
   16        -420.828     874.816        -420.800     874.815              16              16
    1         230.632    1021.680         230.686    1021.670               1               1
  121        -211.414     755.261        -211.361     755.307             121             121
   65        -186.783     452.381        -186.741     452.444              65              65
    8       -1357.447    -445.809       -1357.489    -445.680               8               8
   79        -508.450     350.777        -508.460     350.838              79              79
    7       -1729.276     -23.999       -1729.355     -23.840               7               7
  254         310.739     -51.239         310.622     -51.224             254             254
  222         883.168      89.960         883.105      89.956             222             222
  208         419.977   -1810.949         419.807   -1810.957             208             208
  214        -140.814    -541.678        -140.908    -541.711             214             214
  232        1238.476     840.915        1238.504     840.808             232             232
  117        -460.465     392.517        -460.462     392.589             117             117
   11         748.512    -683.484         748.425    -683.502              11              11
  189        -310.458    -679.331        -310.542    -679.300             189             189
  163          86.482    -522.283          86.376    -522.297             163             163
  255        1028.990    -801.185        1028.882    -801.299             255             255
  135         414.382      70.256         414.370      70.167             135             135
   11         393.602    1094.101         393.683    1094.057              11              11
    4       -1037.310      58.656       -1037.341      58.760               4               4
   25        -260.179     105.397        -260.262     105.441              25              25
  240         -25.506    -712.863         -25.672    -712.860             240             240
  158        -247.999     507.994        -248.108     508.016             158             158
  182         306.999    -769.747         306.718    -769.770             182             182
  153         204.101      15.818         203.695      15.778             153             153
