SINAL     NFT                         FFT                         NFT INVERSA     FFT INVERSA
-----     -----------------------     -----------------------     -----------     -----------
  219       16971.000       0.000       16971.000       0.000             219             219
   23          90.560     191.002          90.564     191.002              23              23
   88        -954.675    -981.299        -954.672    -981.298              88              88
  227        -133.451     320.855        -133.448     320.854             227             227
  137         455.181     187.429         455.183     187.428             137             137
   30         850.969    -183.711         850.972    -183.713              30              30
  133        -239.151    -477.613        -239.148    -477.613             133             133
   40        -565.323     308.429        -565.320     308.429              40              40
  185         869.365    1327.646         869.374    1327.643             185             185
  248         309.723    -391.171         309.726    -391.171             248             248
   71         177.741     789.200         177.752     789.202              71              71
  101        -382.018    -476.265        -382.016    -476.259             101             101
   24        -774.359     -74.967        -774.357     -74.960              24              24
  213          34.097    -459.277          34.093    -459.277             213             213
  177        -238.609     349.838        -238.607     349.841             177             177
  225        1085.245    -723.961        1085.239    -723.971             225             225
   82         954.126     751.836         954.140     751.826              82              82
   86         122.695    -723.655         122.697    -723.657              86              86
  193        -532.507     710.972        -532.494     710.976             193             193
   42         601.045     346.280         601.053     346.278              42              42
  207          14.779   -1009.685          14.774   -1009.684             207             207
   29         -88.406      -2.041         -88.398      -2.047              29              29
   72        -246.713     374.354        -246.699     374.352              72              72
   97        -692.358     345.629        -692.348     345.632              97              97
  235        -456.078    1393.598        -456.056    1393.604             235             235
  191        -660.725     446.429        -660.721     446.444             191             191
  234         -87.394    1019.508         -87.386    1019.518             234             234
  232         820.860    -235.242         820.853    -235.249             232             232
  236         159.120     980.561         159.141     980.565             236             236
   91         262.525     -54.810         262.529     -54.804              91              91
  255        -241.245     229.009        -241.237     229.021             255             255
  105        -241.900     343.217        -241.895     343.231             105             105
  225         509.990     302.998         510.000     303.000             225             225
  221        -781.393    -490.140        -781.402    -490.115             221             221
  198         -99.069     508.556         -99.067     508.565             198             198
   27         654.648    -505.619         654.634    -505.628              27              27
  141         -51.886     345.386         -51.879     345.384             141             141
   61         935.119    1229.351         935.155    1229.336              61              61
   23        -671.079     814.141        -671.050     814.180              23              23
  117         -43.768     -19.756         -43.765     -19.729             117             117
  170        -811.180     -52.680        -811.181     -52.637             170             170
   85       -1188.249     105.200       -1188.268     105.257              85              85
   89         494.922    -708.135         494.871    -708.124              89              89
   22        1176.314    -747.883        1176.278    -747.901              22              22
  112         839.281    -508.619         839.267    -508.635             112             112
  196          84.682      27.762          84.682      27.770             196             196
   67         784.129    -481.271         784.113    -481.278              67              67
  225         326.250   -1228.722         326.217   -1228.733             225             225
  240         587.830     745.844         587.859     745.826             240             240
  130        -216.152    -597.878        -216.169    -597.860             130             130
   26         670.413    -474.645         670.395    -474.666              26              26
   41         743.951      55.607         743.964      55.584              41              41
  190         353.975    -115.278         353.995    -115.283             190             190
  181       -1215.134    -722.746       -1215.152    -722.707             181             181
    0         535.260    -231.183         535.246    -231.219              -0               0
  122        -432.380     891.033        -432.353     891.038             122             122
    8         377.854     457.411         377.861     457.402               8               8
   33         228.433     945.800         228.466     945.813              33              33
   63        -472.347    -470.853        -472.382    -470.809              63              63
  251        1600.429    -469.251        1600.400    -469.304             251             251
   42         651.854     138.897         651.877     138.875              42              42
  232         625.250    -107.246         625.281    -107.267             232             232
  164       -1967.661     567.994       -1967.636     568.080             164             164
  255        1016.471     144.760        1016.457     144.739             255             255
   65          21.000      -0.019          21.000       0.000              65              65
   22        1016.444    -144.714        1016.458    -144.737              22              22
    7       -1967.608    -568.175       -1967.635    -568.083               7               7
  194         625.313     107.292         625.280     107.268             194             194
   17         651.903    -138.849         651.877    -138.874              17              17
  248        1600.366     469.369        1600.399     469.307             248             248
   14        -472.425     470.755        -472.382     470.809              14              14
  212         228.509    -945.829         228.467    -945.813             212             212
  158         377.871    -457.391         377.861    -457.402             158             158
  139        -432.314    -891.047        -432.352    -891.039             139             139
  137         535.226     231.271         535.246     231.221             137             137
   58       -1215.182     722.650       -1215.155     722.705              58              58
  242         354.023     115.291         353.995     115.284             242             242
  147         743.983     -55.545         743.964     -55.582             147             147
  198         670.366     474.701         670.395     474.667             198             198
  184        -216.198     597.829        -216.171     597.860             184             184
  219         587.908    -745.796         587.860    -745.826             219             219
   69         326.155    1228.754         326.214    1228.734              69              69
   89         784.084     481.293         784.112     481.279              89              89
  152          84.680     -27.785          84.682     -27.771             152             152
   47         839.238     508.669         839.266     508.636              47              47
  221        1176.205     747.940        1176.277     747.903             221             221
  162         494.767     708.101         494.870     708.124             162             162
  176       -1188.307    -105.381       -1188.268    -105.260             176             176
  129        -811.183      52.541        -811.181      52.636             129             129
  121         -43.757      19.666         -43.764      19.728             121             121
  235        -670.978    -814.276        -671.049    -814.181             235             235
   68         935.246   -1229.299         935.157   -1229.335              68              68
  166         -51.859    -345.380         -51.878    -345.385             166             166
  173         654.593     505.654         654.632     505.629             173             173
   70         -99.060    -508.591         -99.066    -508.565              70              70
  196        -781.428     490.042        -781.403     490.114             196             196
  252         510.029    -303.007         510.000    -303.000             252             252
   15        -241.876    -343.275        -241.894    -343.231              15              15
  252        -241.208    -229.061        -241.236    -229.021             252             252
   73         262.541      54.783         262.528      54.804              73              73
  244         159.217    -980.582         159.142    -980.565             244             244
   69         820.826     235.276         820.853     235.249              69              69
  163         -87.351   -1019.556         -87.384   -1019.518             163             163
  125        -660.706    -446.508        -660.720    -446.445             125             125
  218        -455.955   -1393.632        -456.054   -1393.605             218             218
  130        -692.301    -345.651        -692.347    -345.633             130             130
   45        -246.634    -374.341        -246.699    -374.352              45              45
  148         -88.358       2.075         -88.398       2.046             148             148
   20          14.746    1009.682          14.772    1009.684              20              20
  108         601.103    -346.264         601.054    -346.277             108             108
  254        -532.413    -711.005        -532.493    -710.977             254             254
  251         122.704     723.667         122.695     723.657             251             251
   14         954.240    -751.756         954.141    -751.826              14              14
  189        1085.178     724.056        1085.237     723.972             189             189
  162        -238.596    -349.867        -238.607    -349.841             162             162
   17          34.057     459.275          34.092     459.277              17              17
   22        -774.343      74.882        -774.357      74.958              22              22
  158        -381.993     476.192        -382.017     476.258             158             158
    5         177.881    -789.216         177.753    -789.201               5               5
   59         309.758     391.166         309.725     391.171              59              59
  218         869.512   -1327.590         869.376   -1327.642             218             218
  141        -565.257    -308.439        -565.319    -308.430             141             141
  106        -239.094     477.611        -239.149     477.614             106             106
  212         851.050     183.771         850.971     183.714             212             212
   19         455.272    -187.400         455.184    -187.428              19              19
   86        -133.321    -320.848        -133.447    -320.856              86              86
  241        -954.540     981.215        -954.674     981.298             241             241
  135          91.043    -191.026          90.564    -191.003             135             135
