SINAL     NFT                         FFT                         NFT INVERSA     FFT INVERSA
-----     -----------------------     -----------------------     -----------     -----------
  241       17318.000       0.000       17318.000       0.000             241             241
    5         428.723    -464.586         428.726    -464.586               5               5
   50        -583.442    -284.174        -583.438    -284.174              50              50
  157       -1158.179     189.444       -1158.175     189.446             157             157
   62        -827.749    -473.416        -827.747    -473.414              62              62
  226        -678.533     296.407        -678.530     296.409             226             226
    6        -303.223     304.611        -303.221     304.613               6               6
   18         583.610     206.793         583.612     206.792              18              18
  202        -457.434     -40.265        -457.432     -40.261             202             202
  175        -115.378    -263.784        -115.380    -263.781             175             175
  236         251.674    -572.764         251.672    -572.765             236             236
  210        -637.370      20.239        -637.371      20.242             210             210
   46        1360.164     235.142        1360.164     235.131              46              46
  199         660.137    1186.592         660.151    1186.590             199             199
  173         314.935    -250.425         314.940    -250.421             173             173
  100        -245.210    -505.720        -245.207    -505.714             100             100
  254        -841.760    -266.798        -841.760    -266.789             254             254
  228         301.771     254.767         301.774     254.765             228             228
  120         -58.665    -108.802         -58.662    -108.799             120             120
  250        -940.200    -278.568        -940.203    -278.555             250             250
  244         233.030     -43.511         233.027     -43.513             244             244
  216        -464.487    -485.997        -464.495    -485.993             216             216
  134        -512.169     156.263        -512.176     156.265             134             134
  187         776.047     470.652         776.044     470.637             187             187
    3        1095.983    1739.273        1096.009    1739.263               3               3
    9          96.322    -819.442          96.312    -819.435               9               9
  232         270.678     817.025         270.693     817.023             232             232
  221        -141.274     646.724        -141.264     646.740             221             221
   90          64.124    -578.059          64.108    -578.048              90              90
  163         699.049     191.775         699.047     191.771             163             163
  187        1099.947    -579.959        1099.941    -579.972             187             187
  107        -365.620    -389.990        -365.624    -389.984             107             107
  234         981.991     352.021         982.000     352.000             234             234
   54         459.287     363.052         459.307     363.049              54              54
   81        -441.381     -70.700        -441.376     -70.682              81              81
  104         390.251    -484.348         390.244    -484.355             104             104
  188        -269.117     311.148        -269.106     311.151             188             188
  183          49.486     949.205          49.509     949.212             183             183
  207        -546.899    -241.193        -546.913    -241.168             207             207
  226        1281.048     727.217        1281.063     727.201             226             226
   65         500.717    -887.537         500.713    -887.537              65              65
   63       -1235.729      80.156       -1235.717      80.190              63              63
  196        -824.678    -177.701        -824.697    -177.676             196             196
  200         253.137     266.268         253.125     266.261             200             200
  158         336.432     574.848         336.436     574.844             158             158
   74         230.773     539.309         230.777     539.319              74              74
  137         183.465    -209.255         183.443    -209.244             137             137
    9         743.706     428.911         743.700     428.906               9               9
  209        1259.773    -168.771        1259.761    -168.788             209             209
   18        1053.233    -416.889        1053.227    -416.907              18              18
   22         575.431       8.154         575.445       8.150              22              22
  204          26.488    -810.174          26.467    -810.167             204             204
  233        1112.064     210.197        1112.081     210.160             233             233
  134        -125.081     144.662        -125.063     144.679             134             134
   21         718.334    -738.016         718.321    -738.040              21              21
  205         -72.029    1198.071         -71.974    1198.082             205             205
  123         676.698    -239.063         676.710    -239.060             123             123
  144        -974.733    -500.209        -974.738    -500.159             144             144
  111          -2.308    -229.941          -2.323    -229.931             111             111
  160         200.968    -528.611         200.944    -528.618             160             160
   12         471.015     476.471         471.037     476.457              12              12
   43         290.578    -222.312         290.584    -222.310              43              43
  210        -477.650    -132.914        -477.645    -132.885             210             210
   60        -506.838    -580.119        -506.874    -580.098              60              60
  214        1082.000       0.055        1082.000       0.000             214             214
  124        -506.912     580.075        -506.875     580.097             124             124
  134        -477.640     132.852        -477.645     132.884             134             134
   92         290.591     222.308         290.584     222.310              92              92
  203         471.063    -476.441         471.038    -476.457             203             203
  204         200.916     528.626         200.944     528.618             204             204
   32          -2.341     229.920          -2.323     229.931              32              32
   90        -974.745     500.093        -974.739     500.156              90              90
  121         676.724     239.057         676.710     239.060             121             121
  154         -71.896   -1198.096         -71.971   -1198.082             154             154
  250         718.300     738.075         718.320     738.042             250             250
   91        -125.036    -144.702        -125.062    -144.679              91              91
  231        1112.106    -210.107        1112.081    -210.160             231             231
  105          26.433     810.158          26.466     810.167             105             105
  212         575.467      -8.143         575.445      -8.149             212             212
  131        1053.218     416.938        1053.227     416.909             131             131
   23        1259.740     168.818        1259.760     168.789              23              23
   59         743.692    -428.895         743.701    -428.905              59              59
   15         183.402     209.225         183.442     209.244              15              15
  127         230.785    -539.337         230.777    -539.319             127             127
  232         336.442    -574.838         336.436    -574.844             232             232
  102         253.102    -266.247         253.125    -266.261             102             102
  119        -824.737     177.625        -824.698     177.675             119             119
   15       -1235.691     -80.268       -1235.716     -80.194              15              15
  207         500.703     887.538         500.712     887.537             207             207
  223        1281.099    -727.158        1281.064    -727.198             223             223
  102        -546.945     241.109        -546.913     241.167             102             102
   34          49.569    -949.229          49.511    -949.212              34              34
  136        -269.076    -311.158        -269.106    -311.151             136             136
  143         390.224     484.376         390.243     484.356             143             143
   55        -441.362      70.630        -441.376      70.681              55              55
  133         459.363    -363.039         459.307    -363.048             133             133
  242         982.026    -351.937         982.000    -352.000             242             242
   42        -365.640     389.962        -365.625     389.983              42              42
  184        1099.918     580.019        1099.940     579.974             184             184
  140         699.039    -191.754         699.047    -191.770             140             140
  124          64.048     578.011          64.107     578.049             124             124
   36        -141.224    -646.798        -141.263    -646.740              36              36
  177         270.754    -817.015         270.694    -817.022             177             177
   43          96.270     819.407          96.311     819.435              43              43
  205        1096.126   -1739.218        1096.010   -1739.262             205             205
  165         776.029    -470.558         776.044    -470.634             165             165
  229        -512.210    -156.274        -512.176    -156.265             229             229
  246        -464.539     485.970        -464.497     485.992             246             246
  157         233.010      43.525         233.027      43.513             157             157
  111        -940.224     278.478        -940.204     278.553             111             111
   91         -58.644     108.775         -58.663     108.799              91              91
  208         301.796    -254.752         301.775    -254.765             208             208
  135        -841.765     266.724        -841.761     266.788             135             135
  106        -245.193     505.670        -245.209     505.713             106             106
   62         314.976     250.389         314.939     250.421              62              62
  159         660.283   -1186.568         660.153   -1186.589             159             159
  238        1360.172    -235.014        1360.164    -235.130             238             238
  213        -637.385     -20.276        -637.371     -20.243             213             213
  191         251.640     572.782         251.670     572.765             191             191
   68        -115.393     263.745        -115.379     263.781              68              68
  172        -457.401      40.192        -457.432      40.260             172             172
   78         583.658    -206.774         583.612    -206.791              78              78
   55        -303.184    -304.653        -303.220    -304.614              55              55
  171        -678.464    -296.459        -678.530    -296.410             171             171
   87        -827.702     473.342        -827.748     473.413              87              87
   84       -1158.001    -189.554       -1158.174    -189.448              84              84
   78        -583.190     284.119        -583.438     284.172              78              78
   69         429.173     464.591         428.725     464.587              69              69
