SINAL     NFT                         FFT                         NFT INVERSA     FFT INVERSA
-----     -----------------------     -----------------------     -----------     -----------
   63       15476.000       0.000       15476.000       0.000              63              63
   26        -716.322    -162.728        -716.319    -162.727              26              26
   69         900.272     104.559         900.275     104.558              69              69
   29        -617.978    -201.947        -617.974    -201.946              29              29
   51       -1022.333     -77.763       -1022.329     -77.761              51              51
  179        -594.310    -367.579        -594.309    -367.578             179             179
  201        -144.516      -7.111        -144.514      -7.112             201             201
    5        -979.645    -132.191        -979.645    -132.189               5               5
  232         938.602    -237.283         938.601    -237.292             232             232
  100         510.439    1342.657         510.448    1342.651             100             100
  229         755.435     672.586         755.445     672.584             229             229
   75        -344.010   -1275.721        -344.010   -1275.720              75              75
   85       -1630.328    1492.079       -1630.314    1492.088              85              85
  163        -594.724     603.145        -594.722     603.152             163             163
  213         -32.719    -229.878         -32.725    -229.876             213             213
   94         533.285     719.881         533.290     719.879              94              94
  241         362.522    -206.757         362.520    -206.758             241             241
  241         474.570     -24.546         474.572     -24.550             241             241
  141         111.511    -298.746         111.513    -298.749             141             141
    3        -481.441     178.637        -481.437     178.641               3               3
   23         -87.646    -145.551         -87.650    -145.553              23              23
    7         414.034     883.287         414.045     883.280               7               7
   94          14.358     262.317          14.361     262.321              94              94
  126         446.934    -150.036         446.933    -150.041             126             126
  100         285.578     804.847         285.594     804.848             100             100
  205        -155.472    -947.474        -155.486    -947.468             205             205
   67         693.669    -175.523         693.668    -175.542              67              67
  209          28.109    1042.390          28.130    1042.386             209             209
  236         909.472     802.796         909.493     802.792             236             236
    2        -258.123    -779.866        -258.127    -779.853               2               2
  104         568.001      82.591         568.011      82.582             104             104
  111        -219.249    -305.061        -219.242    -305.056             111             111
   51        -175.008     -47.001        -175.000     -47.000              51              51
    2         291.726    -155.439         291.737    -155.450               2               2
   16       -1137.316     170.109       -1137.302     170.128              16              16
   63        -445.404     201.576        -445.399     201.580              63              63
  175        -762.624     838.661        -762.614     838.680             175             175
  163         933.358    -349.600         933.344    -349.619             163             163
  130         114.179      34.953         114.187      34.941             130             130
  171         361.191    1060.717         361.230    1060.707             171             171
  143        -774.133     230.928        -774.116     230.953             143             143
   87        -441.646     241.891        -441.640     241.905              87              87
  209          21.177     702.880          21.198     702.888             209             209
    4        -363.847    -568.487        -363.858    -568.475               4               4
   16        -959.990    1158.258        -959.965    1158.286              16              16
   60         -42.112     420.430         -42.120     420.447              60              60
  211        1040.512     -25.634        1040.505     -25.652             211             211
   70         275.263     630.161         275.292     630.169              70              70
  205        -238.508    -600.780        -238.520    -600.758             205             205
  220        -123.911     350.300        -123.902     350.312             220             220
  160         510.238    -169.943         510.235    -169.947             160             160
  250         121.826      46.448         121.838      46.455             250             250
  196         231.662    -188.606         231.673    -188.600             196             196
   14        -905.273    -469.002        -905.278    -468.963              14              14
  156        -442.922    -674.862        -442.953    -674.854             156             156
   73         282.183     678.913         282.201     678.902              73              73
  110         -10.043   -1035.178         -10.079   -1035.186             110             110
    9         492.888     821.362         492.928     821.327               9               9
  214        -527.255     183.315        -527.235     183.327             214             214
  205         -88.405     700.157         -88.373     700.152             205             205
  242        -326.354    1245.581        -326.298    1245.601             242             242
   12        -812.648    1091.788        -812.611    1091.852              12              12
  248         243.343    -205.123         243.328    -205.101             248             248
  170        -693.562     769.218        -693.544     769.276             170             170
  179        1154.000       0.002        1154.000       0.000             179             179
  133        -693.522    -769.341        -693.542    -769.279             133             133
  150         243.312     205.078         243.328     205.101             150             150
  197        -812.567   -1091.925        -812.608   -1091.854             197             197
   90        -326.232   -1245.624        -326.297   -1245.602              90              90
  199         -88.333    -700.146         -88.371    -700.152             199             199
  102        -527.211    -183.344        -527.235    -183.328             102             102
    5         492.981    -821.283         492.930    -821.326               5               5
  219         -10.127    1035.195         -10.080    1035.185             219             219
  158         282.229    -678.886         282.203    -678.901             158             158
  164        -442.995     674.842        -442.953     674.853             164             164
   31        -905.286     468.907        -905.279     468.962              31              31
  105         231.690     188.593         231.673     188.601             105             105
   44         121.856     -46.466         121.838     -46.455              44              44
  208         510.230     169.954         510.235     169.947             208             208
  107        -123.886    -350.333        -123.900    -350.313             107             107
   84        -238.541     600.722        -238.521     600.758              84              84
  244         275.343    -630.183         275.293    -630.169             244             244
   56        1040.493      25.688        1040.505      25.654              56              56
  233         -42.133    -420.478         -42.119    -420.447             233             233
  241        -959.915   -1158.340        -959.964   -1158.287             241             241
  238        -363.880     568.451        -363.858     568.475             238             238
   57          21.242    -702.904          21.199    -702.888              57              57
   28        -441.625    -241.935        -441.639    -241.906              28              28
    8        -774.077    -231.012        -774.115    -230.955               8               8
  104         361.323   -1060.681         361.232   -1060.706             104             104
   71         114.207     -34.914         114.187     -34.941              71              71
   59         933.311     349.670         933.344     349.622              59              59
   60        -762.585    -838.730        -762.612    -838.681              60              60
   70        -445.387    -201.592        -445.399    -201.581              70              70
  160       -1137.261    -170.182       -1137.301    -170.130             160             160
  164         291.767     155.480         291.737     155.451             164             164
   23        -174.977      46.996        -175.000      47.000              23              23
  101        -219.223     305.041        -219.243     305.056             101             101
  189         568.048     -82.548         568.012     -82.581             189             189
   52        -258.147     779.810        -258.129     779.853              52              52
  151         909.572    -802.767         909.494    -802.789             151             151
  100          28.213   -1042.371          28.132   -1042.386             100             100
   71         693.663     175.621         693.668     175.544              71              71
  125        -155.546     947.443        -155.487     947.468             125             125
  162         285.665    -804.850         285.595    -804.847             162             162
   99         446.926     150.068         446.932     150.042              99              99
    5          14.382    -262.338          14.362    -262.321               5               5
   25         414.106    -883.244         414.047    -883.279              25              25
  179         -87.670     145.566         -87.650     145.554             179             179
   62        -481.410    -178.665        -481.436    -178.641              62              62
  152         111.522     298.761         111.513     298.748             152             152
  150         474.589      24.576         474.572      24.550             150             150
  242         362.509     206.762         362.520     206.758             242             242
  160         533.327    -719.851         533.290    -719.877             160             160
  235         -32.775     229.863         -32.725     229.876             235             235
  200        -594.703    -603.222        -594.722    -603.153             200             200
   47       -1630.169   -1492.176       -1630.312   -1492.089              47              47
  150        -344.021    1275.715        -344.013    1275.720             150             150
   53         755.565    -672.555         755.446    -672.583              53              53
  119         510.588   -1342.579         510.451   -1342.650             119             119
    4         938.575     237.421         938.601     237.293               4               4
  162        -979.656     132.141        -979.646     132.188             162             162
   49        -144.475       7.127        -144.513       7.111              49              49
  180        -594.291     367.548        -594.310     367.577             180             180
  107       -1022.236      77.686       -1022.329      77.761             107             107
   90        -617.815     201.899        -617.975     201.945              90              90
   61         900.493    -104.479         900.276    -104.557              61              61
  224        -715.939     162.674        -716.319     162.726             224             224
