SINAL     NFT                         FFT                         NFT INVERSA     FFT INVERSA
-----     -----------------------     -----------------------     -----------     -----------
  215       15059.000       0.000       15059.000       0.000             215             215
   44        -369.648    -129.549        -369.645    -129.549              44              44
   14         317.168     679.675         317.171     679.675              14              14
   27        -909.952    -336.088        -909.950    -336.087              27              27
  153        1056.346    -406.083        1056.347    -406.087             153             153
  196         149.256    1492.594         149.264    1492.593             196             196
    7        -520.697     515.458        -520.691     515.462               7               7
  221        -771.680     519.242        -771.676     519.247             221             221
   24         185.754      68.537         185.756      68.539              24              24
   59        -543.276     -30.824        -543.275     -30.819              59              59
    3        1101.638     436.846        1101.644     436.842               3               3
  159         235.655    -223.450         235.662    -223.448             159             159
  115       -1318.025    -831.510       -1318.025    -831.501             115             115
  139        -246.875     595.291        -246.869     595.291             139             139
  250        -843.199     629.263        -843.193     629.272             250             250
  204        -479.468      92.338        -479.469      92.346             204             204
  125        -503.162     261.435        -503.162     261.442             125             125
    4         -28.092     573.954         -28.090     573.958               4               4
   35          55.201    1108.007          55.209    1108.016              35              35
  134         494.251    -346.471         494.246    -346.462             134             134
  159        -228.501    -591.332        -228.508    -591.320             159             159
   13        -440.998    -432.903        -441.008    -432.892              13              13
   84         171.283    -397.493         171.270    -397.492              84              84
  152         675.948    -389.899         675.938    -389.906             152             152
  212         384.573     -74.642         384.572     -74.646             212             212
   12        -633.863      -1.696        -633.870      -1.684              12              12
  162        1060.316     389.222        1060.311     389.212             162             162
  184        1288.048    -889.528        1288.034    -889.545             184             184
  195         612.754     295.033         612.768     295.022             195             195
   74         -95.282    -292.563         -95.280    -292.560              74              74
   45        -114.123     266.495        -114.115     266.498              45              45
   33        -621.789     327.438        -621.790     327.455              33              33
    3         954.002     335.010         954.000     335.000               3               3
  146         399.756       2.465         399.752       2.469             146             146
  241        1686.359      73.422        1686.371      73.402             241             241
  124        -978.405   -1074.363        -978.419   -1074.331             124             124
  166         627.814    -172.711         627.808    -172.722             166             166
   64         131.027    -209.422         131.025    -209.418              64              64
  172         210.100    -669.321         210.082    -669.322             172             172
  138        1109.843    -431.862        1109.841    -431.889             138             138
  105        -540.147    -501.297        -540.150    -501.288             105             105
   58         432.685     -69.027         432.688     -69.046              58              58
   75        -482.086     422.398        -482.072     422.411              75              75
   97         325.471    -593.935         325.453    -593.945              97              97
   74         -54.223     420.280         -54.212     420.278              74              74
  161          -8.907    -163.144          -8.918    -163.143             161             161
  113         704.226     -42.991         704.222     -43.017             113             113
  130         118.792     132.327         118.797     132.317             130             130
  210         703.157      45.477         703.162      45.443             210             210
  244         335.763    1440.881         335.822    1440.870             244             244
  136        -241.660     161.974        -241.644     161.994             136             136
   28        -282.084     740.833        -282.057     740.856              28              28
  137        -411.832      38.695        -411.840      38.724             137             137
  176         294.442     646.965         294.448     646.974             176             176
   69        1157.863     -81.243        1157.862     -81.261              69              69
   76        -349.531     139.717        -349.520     139.750              76              76
   94         529.827    -110.105         529.822    -110.103              94              94
  148          68.957     128.097          68.961     128.120             148             148
   37         870.650    -926.815         870.622    -926.831              37              37
  162         300.288     307.164         300.320     307.168             162             162
  242        -372.328    -687.241        -372.337    -687.205             242             242
   36        -394.086   -1066.759        -394.124   -1066.741              36              36
  179        -269.025    -451.417        -269.052    -451.422             179             179
  171         313.714     190.925         313.712     190.901             171             171
  230         441.000       0.023         441.000       0.000             230             230
  110         313.709    -190.876         313.712    -190.900             110             110
   79        -269.082     451.426        -269.052     451.421              79              79
  247        -394.170    1066.722        -394.127    1066.741             247             247
  208        -372.350     687.162        -372.338     687.204             208             208
  241         300.360    -307.171         300.321    -307.167             241             241
   34         870.586     926.851         870.621     926.832              34              34
  133          68.967    -128.149          68.962    -128.121             133             133
  182         529.815     110.101         529.822     110.103             182             182
   53        -349.505    -139.794        -349.520    -139.751              53              53
    0        1157.860      81.286        1157.862      81.262              -0               0
  245         294.456    -646.985         294.449    -646.974             245             245
  103        -411.852     -38.768        -411.840     -38.725             103             103
   53        -282.015    -740.890        -282.055    -740.856              53              53
  250        -241.618    -162.026        -241.644    -161.995             250             250
   49         335.920   -1440.852         335.825   -1440.869              49              49
   93         703.171     -45.385         703.162     -45.442              93              93
   60         118.806    -132.299         118.797    -132.316              60              60
   74         704.216      43.063         704.222      43.017              74              74
    8          -8.939     163.142          -8.918     163.144               8               8
    7         -54.188    -420.273         -54.211    -420.277               7               7
   55         325.416     593.967         325.452     593.947              55              55
   55        -482.042    -422.439        -482.071    -422.413              55              55
   29         432.695      69.088         432.688      69.047              29              29
   74        -540.156     501.268        -540.150     501.288              74              74
  175        1109.836     431.956        1109.840     431.892             175             175
  142         210.039     669.322         210.081     669.321             142             142
  120         131.019     209.407         131.023     209.418             120             120
   44         627.793     172.752         627.808     172.723              44              44
  125        -978.460    1074.242        -978.422    1074.330             125             125
   72        1686.402     -73.344        1686.371     -73.400              72              72
  160         399.740      -2.481         399.751      -2.468             160             160
  138         953.993    -334.970         954.000    -335.000             138             138
  182        -621.792    -327.511        -621.789    -327.456             182             182
  113        -114.088    -266.508        -114.114    -266.499             113             113
  238         -95.273     292.546         -95.281     292.560             238             238
  196         612.821    -294.984         612.768    -295.022             196             196
  206        1287.978     889.615        1288.033     889.547             206             206
  142        1060.294    -389.169        1060.312    -389.211             142             142
   52        -633.900       1.632        -633.870       1.682              52              52
  231         384.568      74.667         384.572      74.647             231             231
  155         675.889     389.944         675.937     389.907             155             155
  163         171.202     397.483         171.269     397.491             163             163
   39        -441.063     432.831        -441.009     432.890              39              39
   52        -228.548     591.254        -228.509     591.320              52              52
   98         494.214     346.418         494.245     346.463              98              98
   48          55.265   -1108.074          55.211   -1108.017              48              48
   31         -28.078    -573.981         -28.090    -573.958              31              31
  169        -503.166    -261.494        -503.162    -261.443             169             169
   21        -479.472     -92.406        -479.468     -92.347              21              21
  154        -843.134    -629.353        -843.191    -629.273             154             154
   83        -246.805    -595.293        -246.868    -595.292              83              83
   68       -1318.036     831.403       -1318.026     831.499              68              68
  155         235.730     223.425         235.662     223.448             155             155
  183        1101.707    -436.789        1101.644    -436.841             183             183
  139        -543.263      30.753        -543.275      30.818             139             139
  121         185.790     -68.563         185.756     -68.539             121             121
    5        -771.593    -519.346        -771.675    -519.249               5               5
  217        -520.560    -515.532        -520.690    -515.463             217             217
  175         149.498   -1492.560         149.267   -1492.593             175             175
  207        1056.395     406.215        1056.347     406.088             207             207
  219        -909.868     336.005        -909.951     336.086             219             219
   50         317.427    -679.648         317.172    -679.674              50              50
   34        -369.265     129.537        -369.646     129.549              34              34
