SINAL     NFT                         FFT                         NFT INVERSA     FFT INVERSA
-----     -----------------------     -----------------------     -----------     -----------
   72       16701.000       0.000       16701.000       0.000              72              72
   97        -202.589    -332.513        -202.586    -332.513              97              97
  248         142.252     -30.891         142.255     -30.891             248             248
   16        -596.014    -911.819        -596.012    -911.819              16              16
   44          31.366     533.486          31.371     533.485              44              44
   83        -526.094     169.396        -526.090     169.396              83              83
   19        -561.536     303.607        -561.533     303.608              19              19
  169         524.153    1028.910         524.158    1028.908             169             169
   98         472.526     623.109         472.533     623.108              98              98
  244          90.736     767.149          90.744     767.152             244             244
  111        -166.599     168.702        -166.593     168.707             111             111
  194        -520.787     316.111        -520.781     316.118             194             194
  150         -99.557     375.902         -99.551     375.910             150             150
  101        -918.375    -992.958        -918.381    -992.946             101             101
  246         314.768     371.451         314.770     371.452             246             246
  176         -31.956    -327.278         -31.959    -327.272             176             176
  250         948.282    -602.298         948.278    -602.302             250             250
   85         168.885   -1237.597         168.879   -1237.599              85              85
  215        -201.939     154.629        -201.931     154.629             215             215
  235        -364.694      65.445        -364.690      65.453             235             235
    0         424.478    -721.278         424.474    -721.280               0               0
   57        -899.903   -1155.988        -899.915   -1155.980              57              57
  174         507.945     -12.634         507.943     -12.649             174             174
  144         904.132     453.582         904.148     453.566             144             144
   99        -806.000     295.648        -805.984     295.662              99              99
   62        -282.093     122.629        -282.085     122.639              62              62
  190       -1746.197    -670.339       -1746.213    -670.306             190             190
  218         817.884    -798.294         817.858    -798.311             218             218
    9        1055.929     107.136        1055.935     107.113               9               9
  125        -357.286    -285.884        -357.283    -285.879             125             125
   13         273.205    -550.181         273.201    -550.192              13              13
  253        -355.357    -559.097        -355.361    -559.104             253             253
  160        -354.014     637.009        -354.000     637.000             160             160
  171         -49.962    1725.330         -49.928    1725.336             171             171
  241         628.618    -894.479         628.603    -894.480             241             241
   92        -172.521    -502.222        -172.523    -502.223              92              92
    0        -197.924     -12.132        -197.918     -12.135              -0               0
   51        -246.704    -253.600        -246.705    -253.603              51              51
  183        -123.393     230.745        -123.383     230.737             183             183
  174        -613.595     260.824        -613.591     260.829             174             174
    6         570.330     694.017         570.347     693.996               6               6
  249           7.917     572.019           7.941     572.020             249             249
   40        -165.257     176.504        -165.240     176.511              40              40
  139       -1033.735     413.922       -1033.723     413.951             139             139
   34         531.802     126.762         531.807     126.747              34              34
  129        -865.243     690.369        -865.216     690.398             129             129
  249        -699.215     294.450        -699.214     294.483             249             249
   57        -464.943     -90.836        -464.961     -90.812              57              57
  100         355.741    -154.296         355.722    -154.302             100             100
   19         155.742    -236.914         155.731    -236.918              19              19
  234        -137.857    -331.520        -137.872    -331.526             234             234
  175         233.396     -37.901         233.393     -37.933             175             175
  173        -594.591    1788.768        -594.541    1788.775             173             173
  250         583.436    1734.400         583.482    1734.411             250             250
   86         169.682   -1080.026         169.643   -1080.010              86              86
  237         158.751    1203.538         158.790    1203.542             237             237
  160          95.087     609.404          95.103     609.440             160             160
  195         462.201   -1314.933         462.149   -1314.926             195             195
  118         683.468      27.772         683.478      27.752             118             118
   49         245.284     -91.842         245.303     -91.840              49              49
   74        -983.562    -540.963        -983.579    -540.925              74              74
  249         682.084     325.019         682.095     324.990             249             249
  127         -69.941     466.955         -69.911     466.968             127             127
  214         363.095      96.922         363.122      96.924             214             214
  169       -1873.000      -0.096       -1873.000       0.000             169             169
  205         363.150     -96.926         363.122     -96.924             205             205
    8         -69.879    -466.981         -69.911    -466.968               8               8
  202         682.106    -324.954         682.095    -324.988             202             202
   55        -983.599     540.879        -983.579     540.923              55              55
  101         245.324      91.839         245.302      91.841             101             101
  153         683.489     -27.724         683.478     -27.749             153             153
  175         462.081    1314.916         462.146    1314.926             175             175
  185          95.125    -609.487          95.104    -609.441             185             185
  179         158.845   -1203.548         158.792   -1203.543             179             179
   13         169.586    1079.988         169.641    1080.011              13              13
   43         583.551   -1734.424         583.485   -1734.409              43              43
  154        -594.464   -1788.786        -594.538   -1788.776             154             154
  188         233.387      37.984         233.392      37.935             188             188
    7        -137.897     331.534        -137.873     331.526               7               7
   63         155.712     236.927         155.729     236.919              63              63
   61         355.692     154.312         355.722     154.302              61              61
  203        -464.995      90.769        -464.963      90.811             203             203
  144        -699.210    -294.542        -699.213    -294.484             144             144
  120        -865.165    -690.453        -865.216    -690.399             120             120
  134         531.817    -126.719         531.807    -126.747             134             134
   34       -1033.699    -414.013       -1033.722    -413.953              34              34
  161        -165.206    -176.523        -165.240    -176.510             161             161
   61           7.995    -572.022           7.942    -572.021              61              61
  206         570.386    -693.948         570.348    -693.995             206             206
   11        -613.580    -260.841        -613.591    -260.829              11              11
  200        -123.359    -230.716        -123.383    -230.736             200             200
  253        -246.710     253.611        -246.706     253.603             253             253
   85        -197.902      12.141        -197.918      12.135              85              85
  224        -172.528     502.223        -172.524     502.223             224             224
   42         628.559     894.486         628.601     894.481              42              42
  242         -49.827   -1725.355         -49.925   -1725.336             242             242
  153        -353.957    -636.973        -354.000    -637.000             153             153
   79        -355.375     559.127        -355.361     559.104              79              79
   27         273.184     550.226         273.199     550.192              27              27
  248        -357.275     285.860        -357.284     285.879             248             248
  202        1055.958    -107.027        1055.936    -107.112             202             202
  113         817.758     798.379         817.856     798.312             113             113
   13       -1746.280     670.168       -1746.214     670.303              13              13
   67        -282.047    -122.684        -282.084    -122.639              67              67
  118        -805.915    -295.725        -805.984    -295.663             118             118
  248         904.223    -453.486         904.149    -453.564             248             248
  122         507.934      12.726         507.943      12.650             122             122
   76        -899.986    1155.937        -899.918    1155.980              76              76
   46         424.448     721.288         424.473     721.280              46              46
   69        -364.669     -65.499        -364.690     -65.453              69              69
  220        -201.882    -154.631        -201.930    -154.630             220             220
  243         168.834    1237.611         168.876    1237.600             243             243
  122         948.250     602.332         948.277     602.302             122             122
  146         -31.987     327.220         -31.960     327.271             146             146
   15         314.788    -371.456         314.770    -371.451              15              15
  249        -918.451     992.835        -918.384     992.944             249             249
   60         -99.490    -375.982         -99.550    -375.910              60              60
    1        -520.716    -316.201        -520.780    -316.119               1               1
   89        -166.519    -168.765        -166.593    -168.708              89              89
   48          90.870    -767.182          90.747    -767.152              48              48
  132         472.636    -623.089         472.533    -623.107             132             132
  208         524.266   -1028.858         524.159   -1028.907             208             208
  128        -561.475    -303.624        -561.533    -303.608             128             128
  201        -525.995    -169.417        -526.090    -169.397             201             201
  219          31.518    -533.441          31.371    -533.485             219             219
  149        -595.939     911.796        -596.014     911.817             149             149
   48         142.481      30.898         142.256      30.891              48              48
  129        -202.172     332.488        -202.586     332.513             129             129
