SINAL     NFT                         FFT                         NFT INVERSA     FFT INVERSA
-----     -----------------------     -----------------------     -----------     -----------
  168       33706.000       0.000       33706.000       0.000             168             168
   53       -1017.176   -1378.615       -1017.170   -1378.614              53              53
    9         623.458    -253.243         623.465    -253.244               9               9
  191        -414.607     368.314        -414.600     368.315             191             191
    1        -147.805   -1183.643        -147.801   -1183.644               1               1
  250          83.948    1000.660          83.957    1000.657             250             250
   81         424.490    1810.372         424.505    1810.371              81              81
  187       -1828.104       5.333       -1828.097       5.342             187             187
  148        1084.037     276.945        1084.045     276.942             148             148
    3       -1202.283    -272.074       -1202.276    -272.067               3               3
   28        -466.224     690.676        -466.216     690.680              28              28
  188         312.460    -109.831         312.465    -109.829             188             188
  131        -413.534    -502.658        -413.531    -502.655             131             131
  131          -0.302     418.880          -0.294     418.879             131             131
  164         303.220     407.185         303.231     407.183             164             164
  216        -551.881     601.997        -551.868     602.006             216             216
  189         476.166      37.088         476.175      37.087             189             189
   17        -854.059      68.913        -854.048      68.925              17              17
   13        -632.847     243.790        -632.839     243.801              13              13
   87         690.819     509.667         690.836     509.667              87              87
  248       -1952.327    -817.377       -1952.329    -817.348             248             248
  181          83.220    1029.653          83.235    1029.658             181             181
  193        -905.996   -1001.093        -906.006   -1001.075             193             193
  222        -453.297     883.387        -453.288     883.398             222             222
   74         756.618    -502.103         756.613    -502.102              74              74
   91        -230.166   -1102.141        -230.173   -1102.136              91              91
  121         289.139     914.191         289.171     914.190             121             121
   26       -2102.533    -830.067       -2102.532    -830.021              26              26
  163       -2064.151   -1203.332       -2064.181   -1203.298             163             163
  242        -191.388      -7.528        -191.405      -7.530             242             242
  183        -511.748    -561.069        -511.772    -561.068             183             183
  160         112.564      19.539         112.552      19.521             160             160
  168         187.585    1254.275         187.604    1254.263             168             168
   96       -1218.756    1032.042       -1218.754    1032.073              96              96
  149        1656.144     670.711        1656.138     670.686             149             149
  208         705.689     832.142         705.706     832.145             208             208
   68         661.777      82.913         661.782      82.925              68              68
  209         -42.878    -407.960         -42.889    -407.933             209             209
  120        1158.605   -1378.589        1158.578   -1378.601             120             120
  123        -427.488   -1622.905        -427.515   -1622.904             123             123
   51        -928.192     249.499        -928.198     249.504              51              51
  142        1297.424     870.772        1297.432     870.739             142             142
  222         954.084    -305.507         954.081    -305.527             222             222
  216         644.254     134.517         644.273     134.502             216             216
  207         173.154    -620.054         173.160    -620.067             207             207
   39       -1216.288    1414.869       -1216.241    1414.897              39              39
   40          34.838     935.914          34.855     935.933              40              40
  152         781.294     380.393         781.310     380.405             152             152
  101        -393.603   -1400.323        -393.636   -1400.293             101             101
  184        -833.175     230.177        -833.181     230.207             184             184
  191        1520.509    -282.281        1520.492    -282.322             191             191
   38         539.224     257.092         539.254     257.086              38              38
  230        -527.691    -257.655        -527.681    -257.620             230             230
    8        -736.281    -383.264        -736.297    -383.228               8               8
  175         897.604     -34.375         897.603     -34.390             175             175
  203         630.333   -1090.476         630.333   -1090.489             203             203
  118       -2871.832    -507.195       -2871.843    -507.100             118             118
   58          22.906    -187.500          22.867    -187.510              58              58
   18         295.217    -215.519         295.199    -215.545              18              18
   83        -886.007     513.949        -886.003     513.969              83              83
  210         298.085    1342.053         298.117    1342.060             210             210
  159       -1026.774    -545.758       -1026.827    -545.683             159             159
  159        1145.985   -1749.415        1145.879   -1749.472             159             159
   94         470.799    1490.061         470.846    1490.028              94              94
    4        -282.977     116.967        -283.000     117.000               4               4
  131        1064.688    -223.178        1064.643    -223.205             131             131
  238        1423.950    -656.369        1423.912    -656.428             238             238
  246         900.673     -34.769         900.680     -34.821             246             246
  180         450.404    1267.482         450.467    1267.477             180             180
   43        1047.630    -657.150        1047.619    -657.165              43              43
  186        -532.271    -502.163        -532.284    -502.128             186             186
  216         884.351    -629.017         884.321    -629.061             216             216
  143         413.104      44.710         413.118      44.685             143             143
   66         536.230    -714.125         536.212    -714.169              66              66
  118         416.830    1284.060         416.918    1284.032             118             118
  178        -276.448     -10.025        -276.420      -9.990             178             178
  253       -1037.636    -612.858       -1037.670    -612.806             253             253
   96         432.552     305.868         432.548     305.838              96              96
   17         384.656     636.436         384.686     636.435              17              17
  150          -9.196   -1178.970          -9.254   -1178.970             150             150
  203        -390.615    1416.848        -390.566    1416.880             203             203
   82        1553.813   -1737.999        1553.710   -1738.066              82              82
  246         255.386    -479.213         255.374    -479.271             246             246
  129         628.479     978.822         628.541     978.762             129             129
    3         732.857    -642.002         732.854    -642.074               3               3
  232         -24.619    1137.329         -24.513    1137.274             232             232
  208       -1156.624    2441.506       -1156.480    2441.568             208             208
   66         321.428    1249.378         321.487    1249.411              66              66
  194        -293.803     756.477        -293.762     756.557             194             194
  255        -451.417      53.622        -451.449      53.709             255             255
   13        2035.559    -436.890        2035.534    -436.973              13              13
   61        -368.541     287.259        -368.484     287.300              61              61
  128        -588.033     739.348        -587.986     739.422             128             128
  243        -212.559     253.209        -212.566     253.286             243             243
  250         748.515    -810.939         748.458    -810.935             250             250
  242        -506.759    -478.039        -506.799    -477.991             242             242
  179         644.424     -67.699         644.395     -67.737             179             179
  216         309.028    1054.169         309.078    1054.179             216             216
  254        1168.880     316.577        1168.902     316.571             254             254
  177         454.628      28.921         454.663      28.982             177             177
   32        -657.224   -2131.053        -657.357   -2130.965              32              32
   72         411.594    -116.620         411.564    -116.643              72              72
   27         442.393    -474.568         442.337    -474.582              27              27
   29        1804.096    -221.835        1804.091    -221.939              29              29
   89         889.961     -95.877         890.021     -95.911              89              89
  111        -463.880    -610.852        -463.869    -610.794             111             111
  141         -32.562    -754.802         -32.588    -754.798             141             141
  174        -318.731     -64.420        -318.729     -64.404             174             174
  236         526.604    -207.872         526.596    -207.914             236             236
   67         374.015    1052.451         374.115    1052.458              67              67
   10         147.139   -1172.057         147.089   -1172.032              10              10
  121        -134.453     629.867        -134.384     629.906             121             121
  118         332.083   -1153.745         332.028   -1153.740             118             118
  134        -191.067     920.405        -190.961     920.470             134             134
   86        -802.131   -2167.843        -802.285   -2167.739              86              86
   80         427.047    -557.573         427.002    -557.624              80              80
   58         139.629    -440.542         139.618    -440.568              58              58
  229        -273.290     414.928        -273.245     414.963             229             229
  117         585.521    -618.342         585.504    -618.344             117             117
  188        -552.434   -1050.067        -552.468   -1050.004             188             188
  234        -881.916   -1152.198        -881.993   -1152.139             234             234
  150        -632.990    -738.854        -633.067    -738.829             150             150
  147        -445.089    -952.119        -445.208    -952.123             147             147
  162         218.471    -597.139         218.370    -597.211             162             162
  235        1238.002    -512.396        1237.952    -512.560             235             235
   17         516.697    -261.883         516.722    -262.005              17              17
  193        -450.326     743.147        -450.228     743.124             193             193
  132        -338.809     449.139        -338.760     449.149             132             132
  195        -340.000      -0.024        -340.000       0.000             195             195
  225        -338.709    -449.160        -338.759    -449.150             225             225
  188        -450.124    -743.100        -450.226    -743.124             188             188
  249         516.746     262.135         516.721     262.007             249             249
    7        1237.895     512.738        1237.950     512.562               7               7
  246         218.259     597.290         218.369     597.212             246             246
  208        -445.339     952.126        -445.208     952.123             208             208
  133        -633.156     738.802        -633.069     738.828             133             133
  179        -882.083    1152.071        -881.994    1152.138             179             179
  144        -552.510    1049.929        -552.469    1050.003             144             144
   59         585.483     618.349         585.503     618.346              59              59
   45        -273.191    -415.006        -273.244    -414.964              45              45
  140         139.604     440.601         139.617     440.569             140             140
  104         426.946     557.686         427.002     557.624             104             104
  172        -802.480    2167.608        -802.288    2167.737             172             172
   42        -190.824    -920.551        -190.958    -920.470              42              42
  194         331.956    1153.733         332.027    1153.740             194             194
  238        -134.291    -629.958        -134.382    -629.907             238             238
   82         147.019    1171.999         147.087    1172.032              82              82
  157         374.252   -1052.468         374.117   -1052.458             157             157
   74         526.582     207.974         526.594     207.916              74              74
  241        -318.724      64.380        -318.728      64.403             241             241
  161         -32.626     754.791         -32.589     754.796             161             161
   34        -463.852     610.710        -463.869     610.793              34              34
  125         890.108      95.961         890.021      95.912             125             125
  132        1804.084     222.101        1804.091     221.944             132             132
  156         442.251     474.602         442.336     474.581             156             156
   48         411.515     116.681         411.563     116.644              48              48
  197        -657.570    2130.827        -657.361    2130.964             197             197
  247         454.717     -29.078         454.663     -28.982             247             247
  208        1168.938    -316.560        1168.903    -316.570             208             208
  240         309.160   -1054.195         309.080   -1054.178             240             240
  139         644.348      67.801         644.395      67.737             139             139
   63        -506.870     477.908        -506.800     477.990              63              63
  244         748.356     810.928         748.456     810.935             244             244
  128        -212.580    -253.423        -212.566    -253.287             128             128
   12        -587.901    -739.558        -587.986    -739.423              12              12
  224        -368.379    -287.375        -368.483    -287.301             224             224
  201        2035.486     437.130        2035.533     436.975             201             201
  142        -451.510     -53.873        -451.449     -53.709             142             142
   85        -293.684    -756.709        -293.762    -756.557              85              85
  147         321.610   -1249.472         321.491   -1249.410             147             147
   69       -1156.187   -2441.695       -1156.475   -2441.571              69              69
   58         -24.297   -1137.163         -24.510   -1137.273              58              58
   51         732.843     642.225         732.852     642.076              51              51
   41         628.676    -978.633         628.544    -978.760              41              41
  210         255.349     479.395         255.374     479.271             210             210
  139        1553.484    1738.216        1553.706    1738.071             139             139
  135        -390.458   -1416.950        -390.565   -1416.880             135             135
   75          -9.391    1178.969          -9.257    1178.970              75              75
   47         384.757    -636.431         384.687    -636.435              47              47
   32         432.538    -305.767         432.548    -305.837              32              32
   88       -1037.753     612.680       -1037.671     612.805              88              88
   39        -276.352       9.904        -276.420       9.990              39              39
  109         417.140   -1283.962         416.921   -1284.032             109             109
  115         536.167     714.283         536.210     714.171             115             115
   48         413.154     -44.619         413.117     -44.683              48              48
  135         884.240     629.178         884.319     629.064             135             135
  134        -532.320     502.034        -532.285     502.127             134             134
  124        1047.587     657.210        1047.617     657.168             124             124
   13         450.643   -1267.464         450.470   -1267.477              13              13
   76         900.699      34.970         900.679      34.823              76              76
  235        1423.801     656.599        1423.911     656.430             235             235
  117        1064.511     223.287        1064.642     223.207             117             117
   16        -283.069    -117.099        -283.000    -117.000              16              16
   43         470.995   -1489.924         470.848   -1490.027              43              43
  244        1145.537    1749.655        1145.875    1749.473             244             244
  151       -1027.005     545.438       -1026.830     545.681             151             151
  202         298.224   -1342.082         298.119   -1342.059             202             202
   93        -885.986    -514.040        -886.002    -513.971              93              93
  143         295.137     215.631         295.199     215.544             143             143
  244          22.729     187.548          22.866     187.510             244             244
   90       -2871.884     506.751       -2871.843     507.097              90              90
   39         630.324    1090.542         630.330    1090.491              39              39
   98         897.598      34.451         897.603      34.391              98              98
  247        -736.365     383.084        -736.299     383.226             247             247
  156        -527.644     257.484        -527.682     257.620             156             156
  156         539.376    -257.060         539.255    -257.086             156             156
  165        1520.420     282.491        1520.491     282.323             165             165
  124        -833.210    -230.337        -833.182    -230.209             124             124
   90        -393.784    1400.161        -393.637    1400.293              90              90
   38         781.378    -380.450         781.309    -380.403              38              38
  125          34.937    -936.020          34.856    -935.933             125             125
  174       -1216.010   -1415.039       -1216.237   -1414.901             174             174
   13         173.183     620.135         173.158     620.068              13              13
  204         644.372    -134.421         644.274    -134.499             204             204
  209         954.068     305.632         954.081     305.528             209             209
   67        1297.478    -870.553        1297.434    -870.735              67              67
  216        -928.229    -249.533        -928.197    -249.505             216             216
  100        -427.686    1622.894        -427.521    1622.903             100             100
    4        1158.410    1378.673        1158.574    1378.602               4               4
  150         -42.954     407.768         -42.891     407.932             150             150
   17         661.805     -82.991         661.781     -82.923              17              17
  189         705.809    -832.165         705.706    -832.144             189             189
   44        1656.097    -670.521        1656.138    -670.685              44              44
  119       -1218.740   -1032.285       -1218.753   -1032.074             119             119
   95         187.738   -1254.174         187.605   -1254.263              95              95
  250         112.454     -19.394         112.551     -19.521             250             250
   48        -511.960     561.048        -511.773     561.065              48              48
   45        -191.535       7.551        -191.405       7.530              45              45
   10       -2064.441    1203.002       -2064.184    1203.295              10              10
   82       -2102.540     829.607       -2102.535     830.016              82              82
    4         289.459    -914.185         289.171    -914.191               4               4
  226        -230.250    1102.089        -230.176    1102.135             226             226
  173         756.564     502.098         756.613     502.103             173             173
   83        -453.183    -883.528        -453.286    -883.400              83              83
  130        -906.126    1000.868        -906.008    1001.073             130             130
   97          83.414   -1029.711          83.237   -1029.658              97              97
   76       -1952.359     816.995       -1952.331     817.344              76              76
  208         691.048    -509.652         690.837    -509.665             208             208
  173        -632.740    -243.946        -632.839    -243.803             173             173
   98        -853.892     -69.107        -854.048     -68.927              98              98
  163         476.317     -37.083         476.175     -37.087             163             163
  191        -551.652    -602.149        -551.867    -602.007             191             191
   76         303.431    -407.152         303.231    -407.183              76              76
  123          -0.128    -418.860          -0.293    -418.878             123             123
  219        -413.482     502.583        -413.532     502.654             219             219
   28         312.571     109.807         312.465     109.831              28              28
  147        -465.999    -690.793        -466.215    -690.681             147             147
   47       -1202.095     271.844       -1202.278     272.064              47              47
  184        1084.288    -276.827        1084.045    -276.940             184             184
  244       -1827.855      -5.738       -1828.097      -5.347             244             244
  213         425.172   -1810.326         424.509   -1810.371             213             213
   84          84.470   -1000.493          83.959   -1000.656              84              84
  234        -147.572    1183.708        -147.803    1183.643             234             234
  121        -413.934    -368.365        -414.600    -368.315             121             121
   60         624.277     253.418         623.464     253.245              60              60
   26       -1015.651    1378.407       -1017.173    1378.612              26              26
