SINAL     NFT                         FFT                         NFT INVERSA     FFT INVERSA
-----     -----------------------     -----------------------     -----------     -----------
   42       31294.000       0.000       31294.000       0.000              42              42
   53        -967.904      69.378        -967.897      69.378              53              53
  148        -642.873    -305.832        -642.868    -305.831             148             148
  105         743.881    -748.504         743.885    -748.505             105             105
  145        1232.288    -824.592        1232.291    -824.596             145             145
  195         759.896    -246.650         759.903    -246.654             195             195
  144         407.556     358.807         407.566     358.802             144             144
  220         300.308     837.086         300.319     837.083             220             220
  142        -464.523    1555.235        -464.509    1555.239             142             142
  238         928.848     397.692         928.856     397.693             238             238
   15        1215.909    -858.740        1215.915    -858.742              15              15
  182         284.911   -1029.762         284.919   -1029.763             182             182
   15        -844.871    -664.879        -844.863    -664.874              15              15
   90        -613.830    -659.975        -613.827    -659.974              90              90
   18         385.014    -383.817         385.022    -383.825              18              18
  145       -1216.254    -300.634       -1216.246    -300.630             145             145
    0        -208.823     180.091        -208.814     180.085               0               0
  162        -652.611    1349.385        -652.589    1349.390             162             162
   81        -440.181    -585.388        -440.182    -585.381              81              81
   99        -573.240    -432.911        -573.242    -432.909              99              99
  147         464.608     293.907         464.617     293.896             147             147
   62        -572.928    -478.844        -572.927    -478.846              62              62
   42         501.476    1366.160         501.504    1366.146              42              42
  241       -1617.787     124.893       -1617.780     124.916             241             241
  123         238.273     357.787         238.275     357.782             123             123
  177         702.399    -353.933         702.400    -353.949             177             177
  253        -410.855     307.229        -410.840     307.224             253             253
  219        -401.803    1081.716        -401.781    1081.715             219             219
   51        -277.945    1205.108        -277.924    1205.116              51              51
  151          -1.571     557.413          -1.564     557.423             151             151
   50         933.148    -364.712         933.146    -364.722              50              50
  198         158.232    -335.594         158.237    -335.602             198             198
  192         191.434    1552.419         191.477    1552.417             192             192
  147         362.783     -61.684         362.797     -61.676             147             147
   18        -582.329    -702.245        -582.329    -702.227              18              18
   42         -40.687    -221.196         -40.677    -221.199              42              42
  105       -1727.713    -113.350       -1727.717    -113.317             105             105
   39         966.841      93.261         966.838      93.230              39              39
   24        -518.365     173.584        -518.358     173.584              24              24
  154         509.792    1856.464         509.836    1856.458             154             154
   55         322.395    -848.589         322.379    -848.583              55              55
   15         440.451     -63.759         440.455     -63.772              15              15
  107        1104.934    -349.091        1104.947    -349.127             107             107
  139        -558.742     -92.612        -558.718     -92.617             139             139
   57         -50.878    1662.471         -50.812    1662.469              57              57
  114       -1110.626    -693.824       -1110.638    -693.794             114             114
  217        1094.880    1115.066        1094.926    1115.021             217             217
   19       -1368.478    1719.973       -1368.413    1720.033              19              19
    3         664.689   -1698.843         664.643   -1698.858               3               3
  174        -152.775    1445.913        -152.711    1445.903             174             174
  112         380.728    1089.181         380.788    1089.183             112             112
  121        -723.664    -197.593        -723.641    -197.559             121             121
  211        -296.305     837.071        -296.251     837.086             211             211
  132       -1246.353     724.592       -1246.306     724.652             132             132
  254       -1219.680     237.811       -1219.669     237.871             254             254
  118        -694.630    1060.376        -694.603    1060.434             118             118
  146         343.128   -1256.178         343.086   -1256.165             146             146
  184        -908.244     958.003        -908.202     958.051             184             184
   21        -222.660    -287.409        -222.668    -287.368              21              21
  204        -412.982    -304.256        -412.980    -304.212             204             204
   68       -1975.921   -1533.133       -1975.994   -1533.051              68              68
  229         468.930     -32.008         468.900     -32.041             229             229
  127         237.690     509.253         237.706     509.245             127             127
  180          11.707    -377.009          11.700    -377.006             180             180
   30        -533.025     422.981        -533.000     423.000              30              30
   68        -746.431    1290.047        -746.383    1290.106              68              68
  146        -215.760       4.394        -215.774       4.466             146             146
   17        -139.379   -2399.182        -139.492   -2399.153              17              17
   13        -268.908    -198.433        -268.930    -198.431              13              13
  149         309.287    -434.241         309.262    -434.252             149             149
  239        -710.473   -1015.515        -710.531   -1015.496             239             239
  117         498.984     -75.779         498.962     -75.828             117             117
  148         498.092    1090.030         498.147    1090.019             148             148
   58        -706.727   -1650.010        -706.813   -1649.965              58              58
  201        1381.089   -1164.739        1381.037   -1164.852             201             201
  221        -376.480     810.526        -376.413     810.487             221             221
   19        -693.383    1556.188        -693.302    1556.210              19              19
  216        -188.953     918.314        -188.919     918.353             216             216
  225         194.750     -58.911         194.739     -58.880             225             225
   51         678.968    -764.747         678.950    -764.756              51              51
  149       -1130.153    -912.393       -1130.184    -912.335             149             149
  100        -209.918    -962.493        -209.977    -962.515             100             100
  130        -466.674      86.461        -466.684      86.435             130             130
  175         347.413     631.141         347.437     631.086             175             175
   82        -443.677     625.922        -443.655     625.921              82              82
  127         680.999    1170.002         681.056    1169.957             127             127
  215           3.658    1010.654           3.726    1010.674             215             215
  116           9.601       0.786           9.619       0.799             116             116
   97       -1288.836    1854.501       -1288.742    1854.617              97              97
  160         372.854    -246.566         372.804    -246.505             160             160
    8         804.977   -1312.886         804.901   -1312.886               8               8
  202        -265.271   -1522.290        -265.349   -1522.295             202             202
  208         389.349    1248.731         389.437    1248.701             208             208
  168        -441.999    -954.337        -442.032    -954.292             168             168
   69       -1343.849    -421.046       -1343.896    -420.979              69              69
   37         426.692    -299.878         426.627    -299.923              37              37
  133        1270.525    -255.470        1270.522    -255.583             133             133
  225       -1545.068     527.849       -1545.035     527.916             225             225
   64         641.020     126.093         640.987     126.028              64              64
   25         851.416    1135.489         851.483    1135.431              25              25
   67         864.469    -114.393         864.494    -114.440              67              67
  114        -185.227      37.786        -185.181      37.779             114             114
  177        -339.535     753.168        -339.460     753.167             177             177
  203          42.991    1187.843          43.099    1187.840             203             203
  196        -737.966    1811.805        -737.815    1811.918             196             196
  134        -765.860    -630.289        -765.895    -630.162             134             134
   36        -621.509     257.272        -621.494     257.366              36              36
   64       -1098.795   -1090.445       -1098.897   -1090.341              64              64
  120        -396.524     461.110        -396.545     461.150             120             120
   48         260.066    -257.757         260.010    -257.741              48              48
  195         -89.027    -632.558         -89.089    -632.540             195             195
  191       -1103.547    -301.117       -1103.629    -301.052             191             191
  125         846.431     134.695         846.357     134.610             125             125
  121        1657.043    1391.032        1657.132    1390.935             121             121
   81        -224.091    -482.746        -224.118    -482.686              81              81
  148         760.421      65.331         760.425      65.288             148             148
  216        -102.838     788.780        -102.773     788.827             216             216
  187         201.733     171.495         201.734     171.563             187             187
  209         452.325   -1218.434         452.230   -1218.404             209             209
   17         334.366   -1157.076         334.285   -1157.096              17              17
   97        -190.797    -155.647        -190.824    -155.642              97              97
    0        1184.193    -125.448        1184.175    -125.528              -0               0
   81         980.156    -594.661         980.157    -594.728              81              81
  145          96.857    -249.632          96.898    -249.635             145             145
  193         271.912    -672.759         271.922    -672.778             193             193
  124        -416.347    -878.021        -416.356    -878.016             124             124
   86         208.594     -90.743         208.668     -90.796              86              86
  166       -1903.900    -590.957       -1903.889    -590.846             166             166
  176       -1080.000      -0.026       -1080.000       0.000             176             176
  133       -1903.879     590.727       -1903.889     590.843             133             133
  192         208.743      90.853         208.667      90.797             192             192
   35        -416.369     878.009        -416.358     878.015              35              35
   53         271.930     672.798         271.920     672.778              53              53
  179          96.941     249.638          96.898     249.635             179             179
  137         980.156     594.806         980.156     594.731             137             137
   68        1184.155     125.621        1184.176     125.531              68              68
   66        -190.854     155.636        -190.824     155.641              66              66
   23         334.188    1157.121         334.282    1157.097              23              23
  249         452.112    1218.370         452.225    1218.405             249             249
  239         201.737    -171.644         201.735    -171.563             239             239
   62        -102.693    -788.885        -102.772    -788.828              62              62
   28         760.429     -65.232         760.425     -65.286              28              28
  217        -224.155     482.610        -224.120     482.685             217             217
   29        1657.248   -1390.807        1657.134   -1390.930              29              29
  216         846.261    -134.499         846.357    -134.609             216             216
  150       -1103.737     300.964       -1103.630     301.050             150             150
  130         -89.174     632.515         -89.090     632.540             130             130
  169         259.933     257.720         260.009     257.742             169             169
   49        -396.572    -461.208        -396.544    -461.152              49              49
  178       -1099.042    1090.193       -1098.899    1090.339             178             178
  147        -621.472    -257.503        -621.493    -257.368             147             147
  188        -765.947     629.978        -765.897     630.161             188             188
  202        -737.590   -1812.086        -737.812   -1811.920             202             202
    1          43.265   -1187.837          43.102   -1187.841               1               1
   49        -339.344    -753.168        -339.459    -753.168              49              49
   95        -185.109     -37.769        -185.181     -37.779              95              95
  224         864.533     114.514         864.494     114.441             224             224
   62         851.593   -1135.336         851.486   -1135.428              62              62
   18         640.933    -125.922         640.987    -126.026              18              18
  116       -1544.982    -528.030       -1545.035    -527.919             116             116
  197        1270.518     255.772        1270.522     255.583             197             197
  175         426.518     300.005         426.628     299.925             175             175
  238       -1343.978     420.856       -1343.897     420.976             238             238
  144        -442.094     954.211        -442.034     954.291             144             144
   31         389.595   -1248.646         389.437   -1248.700              31              31
  141        -265.496    1522.304        -265.353    1522.294             141             141
  131         804.759    1312.889         804.899    1312.887             131             131
  159         372.711     246.389         372.805     246.505             159             159
   97       -1288.559   -1854.840       -1288.739   -1854.618              97              97
   52           9.654      -0.826           9.619      -0.800              52              52
   46           3.864   -1010.716           3.727   -1010.675              46              46
   48         681.174   -1169.863         681.059   -1169.955              48              48
  190        -443.608    -625.918        -443.654    -625.921             190             190
  203         347.486    -630.968         347.437    -631.083             203             203
  178        -466.706     -86.384        -466.684     -86.437             178             178
    2        -210.107     962.562        -209.980     962.515               2               2
  212       -1130.256     912.207       -1130.186     912.334             212             212
  185         678.906     764.780         678.948     764.757             185             185
  161         194.715      58.810         194.740      58.880             161             161
   37        -188.836    -918.444        -188.917    -918.353              37              37
  136        -693.108   -1556.263        -693.300   -1556.211             136             136
  248        -376.246    -810.396        -376.411    -810.487             248             248
   59        1380.904    1165.136        1381.035    1164.855              59              59
  243        -707.034    1649.850        -706.817    1649.963             243             243
  207         498.289   -1089.987         498.148   -1090.017             207             207
   77         498.902      75.959         498.961      75.829              77              77
   26        -710.689    1015.441        -710.534    1015.494              26              26
  146         309.191     434.282         309.260     434.253             146             146
  223        -268.992     198.427        -268.931     198.432             223             223
  170        -139.821    2399.067        -139.498    2399.152             170             170
   53        -215.814      -4.673        -215.774      -4.467              53              53
  144        -746.242   -1290.285        -746.380   -1290.109             144             144
   98        -532.925    -423.058        -533.000    -423.000              98              98
   54          11.676     376.995          11.700     377.005              54              54
  240         237.760    -509.222         237.707    -509.245             240             240
  120         468.801      32.149         468.898      32.042             120             120
   84       -1976.240    1532.774       -1975.997    1533.048              84              84
  196        -412.975     304.057        -412.981     304.210             196             196
   87        -222.696     287.226        -222.669     287.367              87              87
  113        -908.046    -958.227        -908.199    -958.054             113             113
   94         342.932    1256.125         343.085    1256.167              94              94
  127        -694.499   -1060.651        -694.602   -1060.436             127             127
  123       -1219.627    -238.107       -1219.669    -237.875             123             123
  138       -1246.124    -724.889       -1246.305    -724.655             138             138
   95        -296.033    -837.148        -296.249    -837.087              95              95
  204        -723.552     197.415        -723.642     197.557             204             204
  210         381.043   -1089.193         380.791   -1089.183             210             210
  195        -152.437   -1445.861        -152.708   -1445.903             195             195
  243         664.437    1698.927         664.641    1698.859             243             243
  106       -1368.110   -1720.309       -1368.409   -1720.035             106             106
   38        1095.145   -1114.809        1094.929   -1115.018              38              38
  194       -1110.698     693.649       -1110.639     693.793             194             194
    8         -50.479   -1662.456         -50.808   -1662.468               8               8
   65        -558.596      92.634        -558.716      92.615              65              65
  158        1105.012     349.320        1104.946     349.130             158             158
  227         440.484      63.843         440.457      63.773             227             227
  165         322.287     848.554         322.378     848.584             165             165
   32         510.096   -1856.421         509.840   -1856.457              32              32
  121        -518.318    -173.587        -518.358    -173.586             121             121
  181         966.822     -93.040         966.838     -93.227             181             181
  134       -1727.736     113.106       -1727.716     113.314             134             134
   39         -40.618     221.217         -40.678     221.199              39              39
  139        -582.331     702.108        -582.330     702.226             139             139
  100         362.898      61.625         362.797      61.677             100             100
   65         191.780   -1552.405         191.478   -1552.417              65              65
  104         158.268     335.669         158.236     335.603             104             104
   80         933.120     364.809         933.145     364.724              80              80
    9          -1.501    -557.509          -1.562    -557.424               9               9
  108        -277.738   -1205.183        -277.921   -1205.116             108             108
   36        -401.579   -1081.712        -401.778   -1081.716              36              36
   10        -410.705    -307.186        -410.839    -307.225              10              10
  221         702.406     354.102         702.399     353.951             221             221
   18         238.295    -357.734         238.276    -357.782              18              18
   42       -1617.708    -125.160       -1617.780    -124.918              42              42
    6         501.818   -1365.994         501.507   -1366.145               6               6
  233        -572.924     478.864        -572.929     478.846             233             233
    6         464.727    -293.753         464.618    -293.894               6               6
   56        -573.270     432.887        -573.243     432.908              56              56
  177        -440.196     585.287        -440.183     585.380             177             177
   32        -652.269   -1349.472        -652.587   -1349.391              32              32
  145        -208.672    -179.991        -208.813    -180.086             145             145
   54       -1216.119     300.549       -1216.246     300.628              54              54
   33         385.155     383.975         385.021     383.826              33              33
  198        -613.765     659.938        -613.827     659.972             198             198
   80        -844.700     664.769        -844.864     664.874              80              80
  229         285.084    1029.782         284.918    1029.764             229             229
  116        1216.040     858.811        1215.913     858.744             116             116
   13         929.083    -397.705         928.857    -397.690              13              13
  130        -464.051   -1555.361        -464.507   -1555.239             130             130
  190         300.753    -836.955         300.322    -837.082             190             190
  224         407.952    -358.614         407.566    -358.802             224             224
   20         760.226     246.904         759.902     246.656              20              20
   78        1232.522     824.868        1232.290     824.598              78              78
  182         744.160     748.618         743.883     748.507             182             182
  234        -642.233     305.673        -642.869     305.829             234             234
  168        -966.252     -69.582        -967.898     -69.379             168             168
