SINAL     NFT                         FFT                         NFT INVERSA     FFT INVERSA
-----     -----------------------     -----------------------     -----------     -----------
  234       33675.000       0.000       33675.000       0.000             234             234
  179         765.333   -1324.167         765.340   -1324.167             179             179
    7        -234.333     483.364        -234.325     483.365               7               7
   38        -742.910    -175.559        -742.903    -175.557              38              38
  138          32.270    -621.923          32.275    -621.922             138             138
  140        -547.749   -1331.896        -547.746   -1331.895             140             140
  187          65.063     212.794          65.071     212.793             187             187
  138       -1032.291    -175.673       -1032.284    -175.669             138             138
   61         229.018    -459.657         229.022    -459.658              61              61
   83        -957.603    -337.084        -957.598    -337.081              83              83
  164        -410.842     664.468        -410.835     664.471             164             164
  172        -236.492   -1020.449        -236.496   -1020.450             172             172
  199         830.115     616.204         830.125     616.192             199             199
  202        -443.627    1191.371        -443.611    1191.373             202             202
  241         370.142    1575.327         370.161    1575.328             241             241
  211        -340.494     604.474        -340.480     604.487             211             211
  250       -1077.318     773.480       -1077.307     773.506             250             250
   33        -236.804   -1566.806        -236.824   -1566.791              33              33
  108         617.016   -1199.738         617.001   -1199.748             108             108
  249         684.618    1722.696         684.641    1722.691             249             249
  158         216.596    -864.234         216.591    -864.226             158             158
    1         375.794     -68.941         375.802     -68.940               1               1
  232        -535.834     212.749        -535.823     212.768             232             232
  230        -352.425   -1669.631        -352.445   -1669.621             230             230
    8         123.570     142.330         123.574     142.328               8               8
  122        -798.957    -688.339        -798.969    -688.324             122             122
  122         338.674      85.739         338.668      85.737             122             122
  116         850.142    -869.974         850.127    -869.982             116             116
  186         465.064   -1464.047         465.046   -1464.064             186             186
  171        -918.495     -15.223        -918.497     -15.224             171             171
   80         891.228     188.028         891.226     187.996              80              80
  222         187.984     781.692         188.000     781.677             222             222
   58          80.550     929.807          80.565     929.803              58              58
  211         750.115     902.654         750.131     902.645             211             211
  123         -27.122     133.314         -27.124     133.322             123             123
   89        1079.868     596.254        1079.876     596.239              89              89
   94         997.879    -262.837         997.879    -262.852              94              94
  156         260.636    -573.828         260.630    -573.845             156             156
  237         264.212    2083.154         264.259    2083.147             237             237
  247        1948.398     490.774        1948.420     490.748             247             247
   84         -64.966     -60.829         -64.947     -60.814              84              84
   11         518.331     703.473         518.364     703.475              11              11
  209         338.148    -488.842         338.156    -488.839             209             209
   24       -1054.510     975.303       -1054.478     975.344              24              24
  120         116.721    -516.969         116.691    -516.959             120             120
   74        1631.889     794.815        1631.912     794.777              74              74
  243         530.071     481.617         530.101     481.625             243             243
  212         553.892    -436.910         553.894    -436.910             212             212
   37        1257.211     290.799        1257.253     290.769              37              37
  120       -1257.924    1073.701       -1257.863    1073.765             120             120
  220         233.690    -215.274         233.691    -215.251             220             220
  242         -30.432     349.007         -30.406     349.037             242             242
  103        -671.167    -842.921        -671.195    -842.876             103             103
   41        1175.386     362.243        1175.405     362.215              41              41
  211       -1024.655    1349.090       -1024.607    1349.173             211             211
   14        1911.584   -1720.153        1911.529   -1720.169              14              14
  186         361.032    -907.705         361.042    -907.700             186             186
  213        -877.945    -383.869        -877.930    -383.822             213             213
  141        -196.885   -1063.082        -196.908   -1063.071             141             141
   53        -611.670     829.279        -611.626     829.311              53              53
  242        -433.180     261.040        -433.161     261.106             242             242
  134       -1581.587   -2122.941       -1581.684   -2122.848             134             134
    1         112.515   -1021.004         112.438   -1021.006               1               1
  206         605.344   -2231.624         605.233   -2231.685             206             206
   86         130.974    1124.056         131.000    1124.000              86              86
  223        1259.424    1356.263        1259.471    1356.208             223             223
  253         178.187     867.891         178.218     867.915             253             253
  176        1944.681      80.842        1944.697      80.803             176             176
  110          42.572    -533.752          42.585    -533.712             110             110
  156         -82.686   -1314.627         -82.727   -1314.609             156             156
  168         214.424     101.203         214.440     101.197             168             168
   99         501.276    -397.841         501.277    -397.850              99              99
  188        -445.315     164.545        -445.291     164.596             188             188
   95         254.538   -2208.942         254.443   -2208.951              95              95
  254         -43.154      79.594         -43.133      79.566             254             254
   78       -1320.052    -155.678       -1320.078    -155.635              78              78
  213         767.817     730.447         767.810     730.406             213             213
  134        1319.042    -749.632        1318.991    -749.708             134             134
  172        1826.688    1274.498        1826.786    1274.391             172             172
  196         -97.680     817.857         -97.589     817.872             196             196
  146           3.194    2671.325           3.364    2671.406             146             146
  104         -24.179   -1687.771         -24.241   -1687.666             104             104
   14         122.667    -655.220         122.667    -655.162              14              14
   94       -1358.937   -2482.559       -1359.064   -2482.463              94              94
   57         624.441    -421.617         624.408    -421.660              57              57
  231        -110.480    -944.268        -110.529    -944.261             231             231
  105         846.236    -864.449         846.211    -864.509             105             105
  233       -1284.398   -1109.478       -1284.450   -1109.446             233             233
    9         181.077     294.538         181.072     294.477               9               9
  120          81.096    1017.999          81.135    1017.983             120             120
   72         825.731     246.880         825.738     246.852              72              72
  181          -2.803    -133.250          -2.815    -133.227             181             181
  194         983.092    -919.384         983.030    -919.445             194             194
  240        1339.275     254.294        1339.319     254.201             240             240
  208         991.125      23.966         991.203      23.910             208             208
  129        -922.578    -701.676        -922.551    -701.643             129             129
   40        -708.671    1219.771        -708.566    1219.802              40              40
   14        -815.708     323.720        -815.689     323.799              14              14
  225         -32.811    -244.418         -32.847    -244.396             225             225
  115         698.004     118.100         698.014     118.073             115             115
   56           6.476    -477.462           6.459    -477.455              56              56
   88        1232.661     -76.514        1232.707     -76.610              88              88
  201       -1251.031    1194.628       -1250.889    1194.726             201             201
  162       -1384.206      48.703       -1384.208      48.852             162             162
  133        -311.073    -990.316        -311.179    -990.264             133             133
  112         592.640    -309.888         592.605    -309.926             112             112
  233        -131.716    -308.000        -131.730    -307.991             233             233
  209        -423.580    -214.082        -423.606    -214.060             209             209
   73        -171.175    -187.166        -171.227    -187.172              73              73
   43        1173.301     582.335        1173.321     582.242              43              43
   43         893.841     832.042         893.940     832.013              43              43
  218        -566.555    -882.495        -566.580    -882.426             218             218
  127         264.680    -325.811         264.688    -325.856             127             127
   58       -1639.054    1421.763       -1638.957    1421.890              58              58
   68         650.734     547.662         650.738     547.689              68              68
  161         195.645    -968.673         195.577    -968.621             161             161
   22        -154.518   -1136.520        -154.602   -1136.504              22              22
  228        -195.317     532.004        -195.297     532.036             228             228
  103        1009.598   -1467.730        1009.498   -1467.787             103             103
  252        -899.545   -1523.159        -899.645   -1523.170             252             252
   55          -1.425    1964.807          -1.294    1964.757              55              55
  177           0.018    -484.369          -0.037    -484.372             177             177
  118         -58.980    1205.978         -58.916    1205.981             118             118
  166         743.492      21.273         743.475      21.245             166             166
  228         539.250     366.741         539.292     366.731             228             228
  169         174.968    -946.479         174.914    -946.495             169             169
  110        -109.191    1228.671        -109.081    1228.676             110             110
  223         132.650     189.229         132.675     189.267             223             223
  206        -313.000      -0.072        -313.000       0.000             206             206
    1         132.701    -189.303         132.675    -189.265               1               1
  244        -108.961   -1228.684        -109.077   -1228.678             244             244
  237         174.854     946.513         174.912     946.496             237             237
    9         539.336    -366.718         539.292    -366.730               9               9
   17         743.454     -21.210         743.474     -21.242              17              17
  254         -58.841   -1205.984         -58.913   -1205.981             254             254
   67          -0.101     484.378          -0.039     484.373              67              67
   56          -1.141   -1964.699          -1.291   -1964.757              56              56
  188        -899.767    1523.182        -899.649    1523.169             188             188
   66        1009.377    1467.856        1009.495    1467.788              66              66
   66        -195.271    -532.074        -195.295    -532.036              66              66
  178        -154.706    1136.485        -154.604    1136.504             178             178
   45         195.489     968.558         195.574     968.622              45              45
   56         650.745    -547.724         650.740    -547.689              56              56
   25       -1638.831   -1422.053       -1638.954   -1421.893              25              25
  174         264.699     325.913         264.688     325.855             174             174
  146        -566.616     882.334        -566.581     882.425             146             146
  234         894.073    -831.973         893.941    -832.012             234             234
   79        1173.354    -582.112        1173.324    -582.239              79              79
  144        -171.299     187.181        -171.227     187.172             144             144
  173        -423.644     214.029        -423.607     214.060             173             173
   62        -131.751     307.979        -131.731     307.991              62              62
   15         592.552     309.982         592.604     309.928              15              15
   46        -311.335     990.188        -311.180     990.263              46              46
   97       -1384.209     -49.079       -1384.207     -48.855              97              97
  119       -1250.670   -1194.879       -1250.887   -1194.730             119             119
  233        1232.778      76.760        1232.707      76.613             233             233
   58           6.431     477.443           6.458     477.454              58              58
   63         698.029    -118.026         698.014    -118.071              63              63
  131         -32.905     244.358         -32.847     244.395             131             131
  210        -815.658    -323.931        -815.688    -323.800             210             210
  251        -708.390   -1219.854        -708.565   -1219.803             251             251
    2        -922.507     701.581        -922.552     701.641               2               2
   58         991.337     -23.809         991.203     -23.908              58              58
   24        1339.398    -254.030        1339.320    -254.197              24              24
  139         982.916     919.555         983.028     919.446             139             139
  225          -2.839     133.184          -2.817     133.227             225             225
   21         825.754    -246.798         825.740    -246.851              21              21
   26          81.212   -1017.951          81.138   -1017.981              26              26
  188         181.062    -294.359         181.072    -294.476             188             188
  219       -1284.552    1109.381       -1284.451    1109.445             219             219
  249         846.159     864.629         846.209     864.510             249             249
  132        -110.629     944.248        -110.530     944.262             132             132
  166         624.337     421.748         624.407     421.661             166             166
  159       -1359.336    2482.257       -1359.070    2482.459             159             159
   98         122.665     655.039         122.666     655.161              98              98
   73         -24.377    1687.438         -24.244    1687.666              73              73
  111           3.743   -2671.584           3.367   -2671.406             111             111
   32         -97.377    -817.908         -97.585    -817.873              32              32
   74        1827.012   -1274.140        1826.787   -1274.388              74              74
   27        1318.868     749.892        1318.988     749.712              27              27
   70         767.795    -730.308         767.811    -730.405              70              70
  130       -1320.139     155.524       -1320.077     155.631             130             130
   77         -43.081     -79.497         -43.133     -79.566              77              77
  248         254.197    2208.976         254.437    2208.952             248             248
   24        -445.231    -164.725        -445.291    -164.597              24              24
   58         501.283     397.874         501.278     397.851              58              58
   92         214.478    -101.182         214.439    -101.198              92              92
  249         -82.842    1314.561         -82.730    1314.609             249             249
  128          42.619     533.602          42.584     533.712             128             128
    5        1944.743     -80.688        1944.697     -80.800               5               5
  193         178.307    -867.983         178.219    -867.915             193             193
   69        1259.607   -1356.045        1259.473   -1356.206              69              69
  127         131.077   -1123.833         131.000   -1124.000             127             127
  129         604.878    2231.874         605.228    2231.686             129             129
   81         112.188    1021.012         112.436    1021.006              81              81
  155       -1582.009    2122.535       -1581.690    2122.842             155             155
   77        -433.096    -261.322        -433.161    -261.106              77              77
  161        -611.474    -829.426        -611.624    -829.314             161             161
  159        -196.992    1063.033        -196.910    1063.071             159             159
  123        -877.878     383.651        -877.930     383.819             123             123
  216         361.073     907.686         361.041     907.701             216             216
  138        1911.322    1720.237        1911.526    1720.172             138             138
   99       -1024.422   -1349.491       -1024.605   -1349.176              99              99
  169        1175.480    -362.108        1175.406    -362.214             169             169
  161        -671.309     842.695        -671.196     842.874             161             161
   62         -30.301    -349.167         -30.406    -349.040              62              62
   25         233.695     215.154         233.692     215.250              25              25
  226       -1257.603   -1074.036       -1257.860   -1073.767             226             226
   74        1257.436    -290.630        1257.253    -290.767              74              74
   39         553.900     436.908         553.893     436.910              39              39
  126         530.244    -481.659         530.102    -481.625             126             126
  115        1632.023    -794.594        1631.912    -794.774             115             115
  234         116.548     516.911         116.691     516.959             234             234
  238       -1054.308    -975.555       -1054.475    -975.347             238             238
   91         338.194     488.828         338.155     488.839              91              91
  251         518.537    -703.482         518.365    -703.473             251             251
  233         -64.843      60.731         -64.947      60.813             233             233
  242        1948.549    -490.584        1948.421    -490.743             242             242
   58         264.541   -2083.102         264.263   -2083.147              58              58
   94         260.588     573.942         260.628     573.845              94              94
  251         997.878     262.945         997.878     262.853             251             251
   47        1079.930    -596.136        1079.877    -596.237              47              47
    6         -27.132    -133.375         -27.123    -133.322               6               6
  246         750.248    -902.576         750.133    -902.642             246             246
   42          80.675    -929.770          80.566    -929.802              42              42
   26         188.121    -781.570         188.001    -781.677              26              26
   76         891.209    -187.753         891.225    -187.995              76              76
   61        -918.511      15.219        -918.497      15.222              61              61
  253         464.887    1464.202         465.044    1464.064             253             253
  251         849.987     870.066         850.125     869.984             251             251
  183         338.609     -85.718         338.668     -85.736             183             183
   38        -799.096     688.180        -798.972     688.324              38              38
  235         123.618    -142.313         123.574    -142.328             235             235
  236        -352.685    1669.505        -352.450    1669.619             236             236
    9        -535.711    -212.973        -535.823    -212.768               9               9
  164         375.886      68.937         375.801      68.941             164             164
  182         216.531     864.131         216.590     864.226             182             182
  148         684.956   -1722.629         684.645   -1722.690             148             148
   18         616.792    1199.876         616.999    1199.748              18              18
  242        -237.115    1566.583        -236.828    1566.791             242             242
  116       -1077.144    -773.897       -1077.307    -773.506             116             116
   88        -340.255    -604.699        -340.479    -604.487              88              88
  124         370.516   -1575.351         370.164   -1575.328             124             124
   24        -443.305   -1191.406        -443.610   -1191.374              24              24
   81         830.320    -615.949         830.125    -616.192              81              81
  167        -236.612    1020.448        -236.498    1020.449             167             167
   38        -410.640    -664.536        -410.834    -664.471              38              38
  113        -957.481     336.973        -957.599     337.078             113             113
  245         229.143     459.694         229.022     459.658             245             245
  211       -1032.076     175.477       -1032.286     175.666             211             211
  170          65.416    -212.752          65.072    -212.792             170             170
   18        -547.605    1331.801        -547.748    1331.893              18              18
   36          32.623     621.821          32.274     621.921              36              36
  109        -742.314     175.314        -742.904     175.555             109             109
  111        -233.262    -483.451        -234.323    -483.365             111             111
   85         766.948    1324.205         765.336    1324.168              85              85
