SINAL     NFT                         FFT                         NFT INVERSA     FFT INVERSA
-----     -----------------------     -----------------------     -----------     -----------
   99       34248.000       0.000       34248.000       0.000              99              99
  249        -577.284    -341.391        -577.277    -341.392             249             249
  112        2354.738    1618.486        2354.746    1618.483             112             112
  170        1308.846     850.879        1308.856     850.876             170             170
   65         866.594    1656.625         866.608    1656.624              65              65
  127        -269.643   -1174.711        -269.637   -1174.709             127             127
  112         566.013     555.371         566.024     555.369             112             112
   37        -935.305    -294.530        -935.295    -294.526              37              37
   45        -608.301     -49.813        -608.294     -49.811              45              45
  205         359.864     -22.369         359.872     -22.373             205             205
  146        -299.447     745.306        -299.435     745.306             146             146
  107         611.653     276.694         611.664     276.689             107             107
  245        -799.658    -156.493        -799.650    -156.492             245             245
  209        -760.994    1971.572        -760.974    1971.576             209             209
  137       -1175.278    1006.063       -1175.275    1006.079             137             137
  208        2576.091    -333.193        2576.086    -333.212             208             208
  179        1277.789    1162.592        1277.812    1162.582             179             179
  211         313.799     709.145         313.819     709.149             211             211
  169        -299.538     742.573        -299.522     742.588             169             169
  145         865.329    -674.629         865.324    -674.627             145             145
   22        2218.280    -465.543        2218.289    -465.564              22              22
   37         -42.884    -673.871         -42.869    -673.868              37              37
   13          77.180    -541.266          77.192    -541.269              13              13
    4        -584.341    -304.857        -584.328    -304.855               4               4
  168        -910.085    1166.530        -910.061    1166.542             168             168
   57         989.975     -98.835         989.979     -98.845              57              57
  195         217.436      31.916         217.448      31.913             195             195
   93        1045.070     400.211        1045.094     400.194              93              93
   54         -23.919     546.703         -23.886     546.708              54              54
  138        -203.570    -246.938        -203.554    -246.934             138             138
  153        -500.784    1591.724        -500.741    1591.740             153             153
  231         623.889     285.220         623.913     285.230             231             231
   29        -710.872    -433.917        -710.858    -433.884              29              29
   20        -379.063    -333.038        -379.052    -333.016              20              20
   75        -819.407   -1091.940        -819.416   -1091.918              75              75
  104        -440.768      83.312        -440.756      83.320             104             104
  142        -821.125      66.727        -821.120      66.751             142             142
   25         495.105    -783.705         495.096    -783.719              25              25
   77       -1068.075     498.184       -1068.052     498.201              77              77
  158         166.169    1262.105         166.208    1262.112             158             158
  125       -1584.530    -366.670       -1584.538    -366.611             125             125
  120        -276.166     347.586        -276.175     347.611             120             120
   72         837.808    -774.299         837.777    -774.304              72              72
   75         849.328    -411.291         849.325    -411.305              75              75
   27         -39.304    -705.529         -39.312    -705.523              27              27
   55         121.168    -808.287         121.152    -808.297              55              55
    2         567.218      -5.698         567.231      -5.725               2               2
  203         105.274    -151.183         105.291    -151.197             203             203
  134        -906.001     662.670        -905.971     662.692             134             134
  216        -232.011     283.534        -232.012     283.544             216             216
  212        1343.424     786.046        1343.454     786.019             212             212
  187         282.038    -732.117         282.042    -732.110             187             187
  185        -929.899    -225.920        -929.900    -225.889             185             185
  100        1664.871    -259.978        1664.877    -260.040             100             100
  166        -408.968     481.393        -408.916     481.404             166             166
   87        -388.240    -112.328        -388.223    -112.317              87              87
  101        -636.749     770.890        -636.714     770.912             101             101
  218         650.170     802.949         650.209     802.944             218             218
    6        -285.590     102.872        -285.570     102.907               6               6
   50         439.482     265.121         439.506     265.133              50              50
   98         785.718    -519.278         785.740    -519.280              98              98
  146       -1489.606    -909.226       -1489.609    -909.162             146             146
   65         191.095     135.534         191.115     135.525              65              65
  167        -315.558      13.423        -315.529      13.440             167             167
   46        -734.049     665.950        -734.000     666.000              46              46
  245        -336.129    -415.827        -336.131    -415.786             245             245
  107        -465.453    -293.700        -465.449    -293.665             107             107
  189        -306.359     294.043        -306.326     294.085             189             189
  209       -1032.172   -1555.467       -1032.226   -1555.410             209             209
   57        -194.585     742.200        -194.535     742.221              57              57
   93       -2049.662   -1620.374       -2049.738   -1620.268              93              93
  223        -646.096    -235.907        -646.152    -235.890             223             223
  236        1230.485    -287.574        1230.458    -287.635             236             236
   90        -552.701    -689.760        -552.719    -689.749              90              90
  155        -907.578    -178.044        -907.604    -178.036             155             155
  117         873.601    1636.506         873.672    1636.461             117             117
   66        -703.085    -254.030        -703.094    -253.968              66              66
  159         103.212    -500.999         103.184    -501.003             159             159
  207        -794.180     393.205        -794.178     393.240             207             207
   21        1090.570     -56.812        1090.558     -56.872              21              21
   34         142.204    1354.231         142.307    1354.239              34              34
  235       -1452.298     693.961       -1452.250     694.096             235             235
  142       -1369.420     -96.529       -1369.473     -96.372             142             142
  135         698.735   -2724.988         698.535   -2724.993             135             135
  128        -200.739    -247.671        -200.804    -247.671             128             128
  192        1480.696   -1022.172        1480.586   -1022.263             192             192
  105        2646.509    -102.976        2646.524    -103.140             105             105
  159         351.717    -396.344         351.757    -396.379             159             159
    0          74.861     415.558          74.933     415.547              -0               0
  173        -453.037     262.900        -452.993     262.951             173             173
  144        -112.569   -1270.178        -112.632   -1270.161             144             144
  232         237.440    -398.396         237.427    -398.430             232             232
  252         525.832    -446.778         525.838    -446.841             252             252
  160        -761.450     918.442        -761.374     918.478             160             160
  126         615.331    -670.084         615.307    -670.124             126             126
   58         -59.932     526.944         -59.859     526.936              58              58
  175        -739.157    -179.923        -739.142    -179.884             175             175
    9        -418.642    1224.874        -418.561    1224.916               9               9
  193        -221.535     -26.266        -221.542     -26.196             193             193
  167         724.369    -966.915         724.331    -966.929             167             167
  154       -1086.439    -473.213       -1086.442    -473.131             154             154
   28        -602.333   -1154.961        -602.424   -1154.935              28              28
  176         205.236    -296.689         205.203    -296.744             176             176
  190        -234.449     599.869        -234.420     599.867             190             190
  148         459.554    -667.645         459.505    -667.696             148             148
   88         -82.029    1131.570         -81.949    1131.564              88              88
  181         338.145     213.160         338.167     213.168             181             181
  232        -312.571    -114.903        -312.581    -114.844             232             232
   36         675.146   -1000.607         675.071   -1000.634              36              36
  110         802.560    -813.076         802.532    -813.149             110             110
  107         787.453    -389.781         787.500    -389.867             107             107
  253       -1454.161    -754.998       -1454.167    -754.954             253             253
  218         557.756     898.229         557.849     898.127             218             218
   72        -901.221    1181.690        -901.094    1181.753              72              72
  201        -565.006     484.819        -564.967     484.904             201             201
  205         311.171    -923.624         311.125    -923.626             205             205
  248       -1624.838    -430.810       -1624.882    -430.719             248             248
  238        1172.542     659.002        1172.562     658.891             238             238
  233        1012.384     289.214        1012.472     289.143             233             233
  142       -1305.567     211.776       -1305.490     211.887             142             142
   87        -401.320     235.187        -401.288     235.244              87              87
  227        -102.449    -676.699        -102.476    -676.681             227             227
  133        -767.407       4.104        -767.388       4.155             133             133
  243         -63.599    -392.768         -63.613    -392.785             243             243
  179        -562.285     397.010        -562.229     397.024             179             179
  214        -539.181    1176.150        -539.075    1176.217             214             214
  240        -258.231    -612.828        -258.266    -612.770             240             240
   97        -249.139    -154.406        -249.108    -154.385              97              97
   46       -1992.000      -0.164       -1992.000       0.000              46              46
   87        -249.077     154.363        -249.109     154.384              87              87
  130        -258.302     612.709        -258.266     612.769             130             130
  170        -538.960   -1176.288        -539.072   -1176.218             170             170
  119        -562.168    -397.038        -562.228    -397.024             119             119
  196         -63.631     392.802         -63.615     392.785             196             196
  105        -767.366      -4.212        -767.387      -4.156             105             105
   69        -102.507     676.660        -102.477     676.680              69              69
  230        -401.253    -235.309        -401.289    -235.244             230             230
  245       -1305.399    -212.019       -1305.489    -211.890             245             245
   31        1012.577    -289.055        1012.474    -289.140              31              31
  170        1172.591    -658.756        1172.565    -658.888             170             170
  245       -1624.937     430.608       -1624.883     430.718             245             245
   43         311.068     923.631         311.124     923.628              43              43
  130        -564.917    -485.011        -564.966    -484.905             130             130
  159        -900.932   -1181.836        -901.092   -1181.756             159             159
   67         557.971    -897.996         557.850    -898.127              67              67
  141       -1454.176     754.891       -1454.167     754.951             141             141
   39         787.563     389.985         787.500     389.869              39              39
   22         802.490     813.251         802.529     813.152              22              22
   84         674.965    1000.673         675.069    1000.636              84              84
  100        -312.595     114.758        -312.581     114.842             100             100
   75         338.197    -213.180         338.166    -213.168              75              75
  155         -81.830   -1131.554         -81.946   -1131.564             155             155
  109         459.432     667.772         459.505     667.697             109             109
  251        -234.374    -599.867        -234.418    -599.868             251             251
  108         205.151     296.828         205.202     296.745             108             108
  200        -602.567    1154.893        -602.426    1154.934             200             200
  144       -1086.448     473.003       -1086.443     473.130             144             144
   71         724.270     966.953         724.330     966.930              71              71
  156        -221.553      26.086        -221.542      26.197             156             156
   89        -418.426   -1224.985        -418.558   -1224.917              89              89
  207        -739.117     179.821        -739.142     179.884             207             207
   91         -59.731    -526.923         -59.857    -526.937              91              91
   37         615.264     670.196         615.306     670.126              37              37
  219        -761.237    -918.541        -761.372    -918.478             219             219
   85         525.848     446.956         525.838     446.842              85              85
   96         237.404     398.494         237.427     398.431              96              96
  169        -112.752    1270.130        -112.635    1270.161             169             169
  227        -452.908    -263.049        -452.991    -262.952             227             227
   34          75.072    -415.525          74.933    -415.547              34              34
  242         351.837     396.450         351.758     396.381             242             242
  196        2646.550     103.472        2646.522     103.145             196             196
  151        1480.362    1022.450        1480.584    1022.267             151             151
   35        -200.939     247.673        -200.805     247.671              35              35
  233         698.109    2725.004         698.528    2724.994             233             233
  206       -1369.587      96.036       -1369.475      96.369             206             206
  167       -1452.144    -694.392       -1452.248    -694.099             167             167
  140         142.535   -1354.254         142.308   -1354.239             140             140
  107        1090.532      57.009        1090.560      56.874             107             107
  230        -794.173    -393.326        -794.178    -393.242             230             230
  134         103.113     501.013         103.181     501.003             134             134
   74        -703.114     253.821        -703.094     253.968              74              74
   74         873.847   -1636.352         873.675   -1636.461              74              74
   47        -907.667     178.013        -907.604     178.034              47              47
  101        -552.767     689.720        -552.721     689.748             101             101
   37        1230.389     287.795        1230.457     287.637              37              37
   71        -646.298     235.843        -646.153     235.888              71              71
   50       -2049.946    1619.981       -2049.742    1620.264              50              50
   10        -194.399    -742.279        -194.533    -742.222              10              10
  234       -1032.379    1555.248       -1032.229    1555.408             234             234
  188        -306.230    -294.202        -306.325    -294.086             188             188
  136        -465.436     293.564        -465.448     293.664             136             136
  146        -336.138     415.666        -336.132     415.786             146             146
  118        -733.854    -666.149        -734.000    -666.000             118             118
   46        -315.440     -13.493        -315.529     -13.440              46              46
  157         191.181    -135.496         191.116    -135.525             157             157
  194       -1489.623     908.948       -1489.610     909.159             194             194
   27         785.810     519.288         785.739     519.281              27              27
   92         439.590    -265.172         439.508    -265.132              92              92
   29        -285.501    -103.030        -285.569    -102.908              29              29
   58         650.348    -802.921         650.212    -802.942              58              58
   39        -636.590    -770.992        -636.714    -770.913              39              39
   78        -388.158     112.273        -388.222     112.316              78              78
  122        -408.718    -481.448        -408.915    -481.405             122             122
  103        1664.899     260.284        1664.877     260.043             103             103
  143        -929.904     225.761        -929.900     225.887             143             143
  110         282.052     732.086         282.040     732.111             110             110
  156        1343.580    -785.901        1343.456    -786.016             156             156
  184        -232.015    -283.588        -232.011    -283.545             184             184
  249        -905.835    -662.790        -905.969    -662.693             249             249
   60         105.370     151.260         105.292     151.198              60              60
  147         567.289       5.853         567.230       5.727             147             147
  127         121.071     808.344         121.149     808.296             127             127
   39         -39.351     705.491         -39.313     705.522              39              39
    0         849.307     411.378         849.324     411.306              -0               0
  220         837.615     774.333         837.775     774.305             220             220
    1        -276.224    -347.742        -276.175    -347.611               1               1
   23       -1584.582     366.289       -1584.538     366.609              23              23
  220         166.439   -1262.149         166.212   -1262.111             220             220
   34       -1067.920    -498.306       -1068.052    -498.204              34              34
  100         495.040     783.803         495.095     783.720             100             100
  162        -821.082     -66.901        -821.118     -66.753             162             162
  230        -440.677     -83.372        -440.755     -83.322             230             230
   24        -819.480    1091.770        -819.418    1091.916              24              24
  248        -378.978     332.866        -379.052     333.015             248             248
   70        -710.759     433.654        -710.858     433.884              70              70
    7         624.095    -285.294         623.914    -285.228               7               7
  246        -500.391   -1591.868        -500.737   -1591.741             246             246
  154        -203.428     246.897        -203.554     246.933             154             154
  204         -23.611    -546.751         -23.885    -546.708             204             204
  223        1045.302    -400.039        1045.095    -400.192             223             223
   62         217.556     -31.882         217.449     -31.912              62              62
   96         990.013      98.952         989.979      98.848              96              96
  195        -909.830   -1166.667        -910.060   -1166.543             195             195
  146        -584.203     304.838        -584.329     304.855             146             146
  113          77.320     541.298          77.191     541.268             113             113
  249         -42.711     673.824         -42.871     673.866             249             249
  191        2218.400     465.827        2218.289     465.567             191             191
  107         865.256     674.611         865.323     674.628             107             107
  177        -299.314    -742.798        -299.521    -742.590             177             177
  248         314.113    -709.204         313.821    -709.148             248             248
   66        1278.164   -1162.410        1277.813   -1162.580              66              66
  144        2575.993     333.570        2576.085     333.218             144             144
  210       -1175.200   -1006.369       -1175.272   -1006.081             210             210
   92        -760.572   -1971.656        -760.970   -1971.578              92              92
  201        -799.482     156.455        -799.650     156.491             201             201
  243         611.906    -276.574         611.664    -276.689             243             243
  202        -299.132    -745.303        -299.433    -745.307             202             202
  225         360.062      22.503         359.871      22.375             225             225
   32        -608.086      49.753        -608.294      49.811              32              32
  106        -934.982     294.370        -935.296     294.524             106             106
  186         566.542    -555.259         566.027    -555.367             186             186
  254        -269.340    1174.598        -269.638    1174.709             254             254
  114         867.493   -1656.570         866.611   -1656.623             114             114
  249        1309.702    -850.627        1308.858    -850.873             249             249
  246        2355.843   -1617.950        2354.749   -1618.477             246             246
  182        -575.638     341.479        -577.278     341.391             182             182
