SINAL     NFT                         FFT                         NFT INVERSA     FFT INVERSA
-----     -----------------------     -----------------------     -----------     -----------
   57       32719.000       0.000       32719.000       0.000              57              57
    6       -1037.165   -1167.453       -1037.159   -1167.452               6               6
  176        -825.415    -922.398        -825.409    -922.398             176             176
   18         932.853     -84.124         932.861     -84.126              18              18
   22       -1793.431    1319.569       -1793.420    1319.573              22              22
   23       -1774.840    -831.998       -1774.838    -831.992              23              23
   93         -77.092    -949.622         -77.092    -949.623              93              93
  190        1098.354     548.524        1098.362     548.518             190             190
  139        -842.956    -328.426        -842.949    -328.424             139             139
  101        -893.161    -403.930        -893.157    -403.929             101             101
   18       -1139.644     856.780       -1139.638     856.781              18              18
  130        1093.141     883.983        1093.148     883.972             130             130
  244         204.688    1604.647         204.707    1604.648             244             244
  244        -361.828    -795.546        -361.828    -795.541             244             244
   53         650.406    1085.431         650.425    1085.425              53              53
  211       -1472.845     222.671       -1472.833     222.686             211             211
  115        -939.667     133.215        -939.663     133.225             115             115
   48        -480.305     696.658        -480.298     696.663              48              48
  230        -828.292    1460.631        -828.281    1460.649             230             230
   26        1130.395    -693.453        1130.384    -693.455              26              26
  198          89.135    -398.541          89.136    -398.539             198             198
  186        -482.818      48.845        -482.816      48.854             186             186
  112         103.769    -757.365         103.757    -757.369             112             112
  174         887.380    1134.294         887.397    1134.281             174             174
  156         670.299    -560.249         670.300    -560.257             156             156
  112          50.892     534.690          50.915     534.688             112             112
  142       -1029.963     613.984       -1029.946     614.007             142             142
  165         336.070    -684.103         336.062    -684.104             165             165
  145           8.947     146.551           8.961     146.549             145             145
   38       -1255.522     486.036       -1255.509     486.061              38              38
  175         457.394     239.678         457.402     239.676             175             175
  103       -1239.698      41.973       -1239.695      42.002             103             103
   37        -355.168     506.353        -355.168     506.373              37              37
  238         189.126   -1123.627         189.093   -1123.623             238             238
   14         623.250    -325.925         623.241    -325.948              14              14
  121        -372.314    1177.762        -372.292    1177.771             121             121
  179         875.805      41.824         875.800      41.815             179             179
  101        1180.139     248.122        1180.160     248.106             101             101
  250       -1355.112    -166.720       -1355.109    -166.674             250             250
  131         944.346    -233.542         944.335    -233.553             131             131
  207         718.555    -338.563         718.559    -338.571             207             207
  254        -166.754    -628.165        -166.757    -628.156             254             254
  177         -87.706     325.419         -87.694     325.429             177             177
  226        1666.099    -862.587        1666.099    -862.622             226             226
  157       -1250.171    -591.734       -1250.156    -591.703             157             157
  128        -560.624     311.947        -560.607     311.963             128             128
  152         192.064     -39.792         192.078     -39.786             152             152
   60        -967.587     -24.957        -967.573     -24.905              60              60
   58        -721.618   -2264.071        -721.687   -2264.044              58              58
  225          96.882       6.053          96.887       6.039             225             225
   73       -1144.279    -797.063       -1144.304    -797.028              73              73
   25          45.112   -1094.895          45.071   -1094.910              25              25
   97        -879.159    -776.753        -879.195    -776.750              97              97
  146         143.328    -711.903         143.284    -711.949             146             146
  162        1328.525     968.206        1328.567     968.127             162             162
  102        -821.907      -8.635        -821.885      -8.630             102             102
  140        -975.082    1276.010        -975.041    1276.032             140             140
  226         -98.036     382.969         -98.036     382.982             226             226
   14        -249.512    -555.825        -249.545    -555.816              14              14
   63         328.312    -538.043         328.284    -538.081              63              63
  195        -552.606    1216.745        -552.571    1216.750             195             195
   11         249.403     165.624         249.390     165.617              11              11
  119         365.045      -0.328         365.031      -0.346             119             119
  200         598.604     181.294         598.602     181.265             200             200
   59         940.977     284.039         941.000     284.000              59              59
  230        -513.860    -636.665        -513.881    -636.656             230             230
  222         664.706     411.323         664.718     411.267             222             222
  177         862.967    1298.453         863.039    1298.417             177             177
  217        -301.833    -406.400        -301.837    -406.376             217             217
   23        1291.630       3.084        1291.656       3.020              23              23
  234        -500.636     -27.909        -500.591     -27.901             234             234
  214       -1601.601     398.200       -1601.587     398.258             214             214
  202        1482.408     144.729        1482.413     144.645             202             202
   65        -234.282     881.974        -234.209     881.980              65              65
   50         130.130    -220.903         130.154    -220.919              50              50
   53       -1663.800    1067.965       -1663.743    1068.035              53              53
  250         695.429      16.644         695.420      16.603             250             250
  138         350.675    1247.075         350.762    1247.053             138             138
  228          44.429     896.878          44.524     896.902             228             228
  116       -1933.425     -11.608       -1933.402     -11.485             116             116
   67        -713.106    -638.908        -713.156    -638.881              67              67
  118        -368.906    1251.182        -368.864    1251.182             118             118
   37         764.370    1303.325         764.448    1303.303              37              37
  111       -1441.197     540.374       -1441.162     540.479             111             111
  222        -112.438    1355.088        -112.387    1355.141             222             222
  254         308.409     302.164         308.425     302.216             254             254
  129        -377.949     186.208        -377.927     186.304             129             129
   31        -777.510    -878.934        -777.566    -878.819              31              31
  201         291.009   -1836.214         290.903   -1836.213             201             201
   68        -773.498      78.532        -773.488      78.572              68              68
  152        -109.366    -244.796        -109.374    -244.766             152             152
  135       -1552.854   -1444.658       -1552.944   -1444.572             135             135
  142       -1247.561     -95.204       -1247.629     -95.159             142             142
   84          30.357    -443.902          30.244    -443.939              84              84
  234        2088.956    1084.665        2088.997    1084.524             234             234
  121          99.846    -169.193          99.878    -169.187             121             121
  254       -1316.811    -551.685       -1316.833    -551.628             254             254
  167       -1583.943    1049.604       -1583.937    1049.677             167             167
   56         311.434    1146.181         311.420    1146.183              56              56
  113         683.176     118.048         683.125     118.048             113             113
  189         516.204    -475.260         516.121    -475.278             189             189
   68        1726.046    1047.811        1726.096    1047.731              68              68
  140         893.402    -911.682         893.374    -911.696             140             140
  143         146.475    -637.289         146.472    -637.298             143             143
  194          35.956    -327.527          35.978    -327.552             194             194
   59       -1435.530     938.014       -1435.454     938.118              59              59
  179        -992.806    -839.438        -992.919    -839.355             179             179
  113         463.757    -360.725         463.667    -360.786             113             113
  251         673.203     582.089         673.207     582.019             251             251
  179         935.650    -138.866         935.638    -138.961             179             179
  116         230.853    1801.188         231.000    1801.173             116             116
  191        -129.280      -0.640        -129.263      -0.595             191             191
  132        -605.524     530.327        -605.491     530.388             132             132
  118        -463.425    1107.852        -463.385    1107.938             118             118
  155         269.604     131.365         269.567     131.432             155             155
   50          58.777   -1194.338          58.640   -1194.295              50              50
   41        1028.124      19.560        1028.088      19.499              41              41
   68         708.088    -176.021         708.069    -176.042              68              68
  208         789.404    -797.859         789.360    -797.911             208             208
  229          -4.842     347.316          -4.789     347.321             229             229
   64        -364.159      62.469        -364.161      62.533              64              64
  180         726.307    -765.424         726.247    -765.459             180             180
  161        -617.507    -174.676        -617.523    -174.622             161             161
   94         410.269    -488.038         410.212    -488.072              94              94
   80        -722.207     103.317        -722.247     103.376              80              80
  246        1695.807    -524.753        1695.728    -524.888             246             246
   76         355.306    -442.554         355.291    -442.615              76              76
   66        -317.309     688.295        -317.274     688.306              66              66
  140        1567.000       0.114        1567.000       0.000             140             140
   84        -317.235    -688.317        -317.272    -688.306              84              84
   42         355.275     442.677         355.291     442.614              42              42
  188        1695.645     525.034        1695.728     524.892             188             188
   91        -722.290    -103.440        -722.247    -103.377              91              91
   12         410.148     488.111         410.210     488.074              12              12
   68        -617.543     174.563        -617.524     174.621              68              68
  118         726.179     765.499         726.245     765.460             118             118
  164        -364.164     -62.606        -364.162     -62.533             164             164
   96          -4.729    -347.325          -4.789    -347.320              96              96
   74         789.309     797.973         789.360     797.912              74              74
  174         708.046     176.068         708.069     176.043             174             174
   73        1028.046     -19.424        1028.089     -19.498              73              73
  163          58.468    1194.242          58.637    1194.294             163             163
  157         269.522    -131.516         269.567    -131.433             157             157
  137        -463.330   -1108.047        -463.383   -1107.939             137             137
  247        -605.448    -530.466        -605.491    -530.388             247             247
  166        -129.242       0.538        -129.263       0.596             166             166
  228         231.202   -1801.152         231.004   -1801.173             228             228
   15         935.621     139.091         935.637     138.962              15              15
   84         673.213    -581.920         673.207    -582.017              84              84
   61         463.540     360.873         463.665     360.787              61              61
  152        -993.080     839.236        -992.920     839.354             152             152
  132       -1435.342    -938.271       -1435.452    -938.122             132             132
  226          36.010     327.589          35.978     327.552             226             226
   66         146.467     637.311         146.471     637.298              66              66
    6         893.331     911.721         893.373     911.698               6               6
  107        1726.175   -1047.604        1726.098   -1047.727             107             107
  159         515.992     475.308         516.120     475.279             159             159
   68         683.042    -118.046         683.123    -118.047              68              68
   19         311.399   -1146.188         311.422   -1146.184              19              19
   20       -1583.925   -1049.798       -1583.935   -1049.679              20              20
  232       -1316.869     551.532       -1316.833     551.627             232             232
  147          99.929     169.181          99.877     169.189             147             147
  122        2089.070   -1084.275        2088.998   -1084.521             122             122
  237          30.041     444.002          30.242     443.939             237             237
  196       -1247.752      95.075       -1247.630      95.157             196             196
  245       -1553.117    1444.409       -1552.949    1444.567             245             245
  241        -109.390     244.711        -109.376     244.766             241             241
  241        -773.471     -78.650        -773.488     -78.574             241             241
   53         290.696    1836.210         290.901    1836.212              53              53
   26        -777.679     878.592        -777.568     878.817              26              26
  132        -377.883    -186.497        -377.927    -186.305             132             132
  153         308.457    -302.321         308.425    -302.216             153             153
  252        -112.282   -1355.248        -112.385   -1355.141             252             252
   77       -1441.086    -540.703       -1441.161    -540.483              77              77
  222         764.615   -1303.254         764.450   -1303.302             222             222
  123        -368.768   -1251.181        -368.861   -1251.182             123             123
   66        -713.270     638.824        -713.158     638.882              66              66
  177       -1933.351      11.197       -1933.402      11.480             177             177
  232          44.741    -896.953          44.524    -896.901             232             232
  250         350.969   -1247.002         350.765   -1247.052             250             250
  215         695.398     -16.505         695.419     -16.602             215             215
  134       -1663.600   -1068.212       -1663.740   -1068.040             134             134
  235         130.212     220.958         130.153     220.919             235             235
  214        -234.023    -881.992        -234.206    -881.979             214             214
  103        1482.426    -144.427        1482.413    -144.643             103             103
  133       -1601.546    -398.417       -1601.584    -398.262             133             133
  149        -500.470      27.877        -500.591      27.900             149             149
  180        1291.728      -2.840        1291.656      -3.016             180             180
   28        -301.850     406.311        -301.838     406.376              28              28
  159         863.248   -1298.313         863.043   -1298.415             159             159
  188         664.752    -411.106         664.718    -411.266             188             188
    2        -513.944     636.628        -513.882     636.656               2               2
  109         941.068    -283.883         941.000    -284.000             109             109
  157         598.598    -181.169         598.603    -181.263             157             157
   27         364.984       0.404         365.030       0.347              27              27
   68         249.346    -165.594         249.390    -165.616              68              68
   88        -552.450   -1216.765        -552.569   -1216.750              88              88
    1         328.189     538.208         328.283     538.082               1               1
    5        -249.663     555.780        -249.547     555.815               5               5
  216         -98.033    -383.029         -98.035    -382.982             216             216
    2        -974.890   -1276.114        -975.039   -1276.034               2               2
   38        -821.806       8.607        -821.885       8.629              38              38
   77        1328.727    -967.824        1328.568    -968.124              77              77
  121         143.111     712.126         143.282     711.950             121             121
  162        -879.336     776.735        -879.196     776.749             162             162
   30          44.901    1094.971          45.069    1094.910              30              30
   44       -1144.410     796.880       -1144.306     797.026              44              44
   64          96.909      -5.974          96.887      -6.037              64              64
   31        -721.996    2263.928        -721.690    2264.044              31              31
  174        -967.509      24.666        -967.572      24.903             174             174
  115         192.139      39.759         192.078      39.786             115             115
   56        -560.523    -312.043        -560.606    -311.964              56              56
  184       -1250.087     591.546       -1250.157     591.701             184             184
  198        1666.096     862.806        1666.097     862.625             198             198
   66         -87.632    -325.483         -87.694    -325.430              66              66
   89        -166.772     628.112        -166.758     628.157              89              89
   99         718.580     338.615         718.558     338.572              99              99
   49         944.273     233.622         944.335     233.555              49              49
  222       -1355.096     166.401       -1355.110     166.672             222             222
  132        1180.285    -248.007        1180.159    -248.103             132             132
   69         875.774     -41.759         875.800     -41.814              69              69
  236        -372.144   -1177.827        -372.290   -1177.772             236             236
   50         623.182     326.096         623.240     325.948              50              50
  189         188.862    1123.601         189.089    1123.625             189             189
   15        -355.164    -506.510        -355.167    -506.372              15              15
  152       -1239.673     -42.231       -1239.695     -42.005             152             152
  175         457.458    -239.656         457.401    -239.676             175             175
  104       -1255.405    -486.265       -1255.508    -486.064             104             104
  213           9.079    -146.531           8.961    -146.549             213             213
    2         335.990     684.113         336.062     684.104               2               2
  106       -1029.789    -614.228       -1029.946    -614.010             106             106
  158          51.134    -534.670          50.916    -534.688             158             158
  238         670.314     560.333         670.300     560.257             238             238
  147         887.587   -1134.142         887.400   -1134.279             147             147
  166         103.610     757.413         103.754     757.370             166             166
  116        -482.789     -48.955        -482.816     -48.854             116             116
  173          89.140     398.518          89.135     398.539             173             173
  190        1130.247     693.497        1130.383     693.457             190             190
   28        -828.118   -1460.888        -828.278   -1460.651              28              28
   30        -480.192    -696.732        -480.298    -696.663              30              30
   60        -939.614    -133.371        -939.663    -133.226              60              60
   58       -1472.644    -222.956       -1472.832    -222.688              58              58
  158         650.762   -1085.302         650.426   -1085.423             158             158
  112        -361.838     795.456        -361.830     795.541             112             112
   80         205.108   -1604.661         204.709   -1604.648              80              80
  100        1093.325    -883.725        1093.150    -883.970             100             100
  145       -1139.481    -856.831       -1139.637    -856.783             145             145
   24        -893.077     403.914        -893.158     403.929              24              24
  236        -842.752     328.337        -842.950     328.422             236             236
  116        1098.663    -548.253        1098.363    -548.515             116             116
    5         -77.146     949.691         -77.094     949.624               5               5
  170       -1774.752     831.643       -1774.840     831.988             170             170
  243       -1792.698   -1319.869       -1793.418   -1319.575             243             243
   32         933.457      84.402         932.859      84.128              32              32
  108        -824.769     922.327        -825.411     922.396             108             108
   88       -1035.607    1167.216       -1037.161    1167.450              88              88
