SINAL     NFT                         FFT                         NFT INVERSA     FFT INVERSA
-----     -----------------------     -----------------------     -----------     -----------
   29       34179.000       0.000       34179.000       0.000              29              29
  201        -492.035    1528.912        -492.027    1528.912             201             201
  226         457.268   -1189.369         457.273   -1189.370             226             226
   77         335.385     282.896         335.393     282.895              77              77
  225         488.560     510.889         488.569     510.888             225             225
   52        -503.286     393.113        -503.278     393.115              52              52
   20           0.526     773.852           0.533     773.853              20              20
   33        1427.474     186.771        1427.482     186.767              33              33
  245         436.826     497.394         436.839     497.394             245             245
  207         782.849    -975.342         782.856    -975.345             207             207
   67        -200.862    -113.854        -200.848    -113.857              67              67
  235        -280.196    1584.624        -280.172    1584.625             235             235
  129       -1075.530     455.836       -1075.513     455.846             129             129
  151       -2394.481    1344.103       -2394.465    1344.125             151             151
   79         140.313     422.931         140.317     422.938              79              79
  143         -53.326    -291.969         -53.322    -291.962             143             143
  121        -514.281     192.886        -514.273     192.897             121             121
   73        -175.437     272.569        -175.430     272.581              73              73
   86         -54.886   -1411.866         -54.897   -1411.861              86              86
   75         559.579    -105.028         559.587    -105.038              75              75
  126       -1277.475     746.247       -1277.461     746.259             126             126
   87        1021.973    2146.234        1022.004    2146.233              87              87
  153         175.500    -457.535         175.506    -457.517             153             153
  178        -311.786    -188.563        -311.775    -188.545             178             178
   47        -919.963    -242.425        -919.959    -242.397              47              47
    6        -195.321    -375.345        -195.327    -375.328               6               6
  179        1172.103    -447.035        1172.106    -447.039             179             179
  103        -587.375   -1081.587        -587.375   -1081.566             103             103
   89       -1054.860    -491.541       -1054.860    -491.512              89              89
  152        -172.133   -1471.837        -172.155   -1471.829             152             152
  190        -321.374    -266.792        -321.375    -266.787             190             190
  184        -211.497    -318.877        -211.500    -318.866             184             184
  208        -245.321    -751.256        -245.336    -751.243             208             208
  186         471.521    -606.636         471.512    -606.638             186             186
  169        -160.847   -2107.135        -160.887   -2107.139             169             169
  241         312.349     734.769         312.371     734.754             241             241
  172         456.209   -1706.363         456.182   -1706.383             172             172
  103         385.355     914.455         385.397     914.432             103             103
   94        -135.199     152.160        -135.171     152.168              94              94
  223        -446.523    -245.133        -446.502    -245.113             223             223
   97       -1388.789   -1813.358       -1388.820   -1813.335              97              97
   71        -263.693    1208.060        -263.653    1208.052              71              71
  162       -1222.660    -319.905       -1222.664    -319.872             162             162
   16         249.613     338.125         249.628     338.117              16              16
  119       -1023.538     182.366       -1023.520     182.402             119             119
    6        -517.639     -35.974        -517.631     -35.950               6               6
  188       -1657.858     151.323       -1657.855     151.388             188             188
  163        -880.395   -1376.991        -880.459   -1376.958             163             163
   96         529.087     324.024         529.081     324.013              96              96
  241        -324.941   -1421.773        -324.988   -1421.761             241             241
   41        -374.228    -338.572        -374.248    -338.572              41              41
   72        -206.300    -314.261        -206.325    -314.265              72              72
   41         521.312    -146.706         521.301    -146.736              41              41
   56          90.763     308.531          90.779     308.525              56              56
  234        -693.029    -670.901        -693.055    -670.886             234             234
    7         308.393     390.600         308.401     390.574               7               7
  121        -831.864     583.372        -831.854     583.399             121             121
   46         395.311     658.433         395.310     658.432              46              46
  254        1272.317     121.297        1272.327     121.281             254             254
  255       -1118.814   -1662.550       -1118.877   -1662.502             255             255
   58        1127.309     -84.251        1127.295     -84.317              58              58
   93         740.144    1372.015         740.218    1371.994              93              93
  248        -410.349    -447.400        -410.342    -447.355             248             248
   21        -626.724   -1043.698        -626.758   -1043.673              21              21
   75        -660.022     876.969        -660.000     877.000              75              75
   59         183.392    -112.772         183.363    -112.751              59              59
   56         833.082    -296.489         833.055    -296.491              56              56
  247        1363.537   -1278.383        1363.502   -1278.418             247             247
   42        -813.143   -1430.513        -813.190   -1430.483              42              42
  161         883.566    -502.261         883.544    -502.319             161             161
  227        1191.607    -536.085        1191.621    -536.157             227             227
  245        -221.306     298.183        -221.235     298.189             245             245
  106       -1177.845    -703.151       -1177.846    -703.091             106             106
  192        -540.856    -482.687        -540.873    -482.660             192             192
  175         188.434   -1729.845         188.368   -1729.879             175             175
   39        -954.298    -157.783        -954.290    -157.791              39              39
   80        -310.576     927.686        -310.530     927.677              80              80
   31        -168.745     -83.690        -168.739     -83.682              31              31
   97       -1344.040    -106.195       -1344.064    -106.132              97              97
   79        1733.135     -36.839        1733.139     -36.923              79              79
  216       -1373.195    -157.761       -1373.172    -157.671             216             216
   65        -763.079   -2366.250        -763.215   -2366.234              65              65
   30        -242.502     129.649        -242.517     129.599              30              30
   43         181.619     227.133         181.617     227.087              43              43
  248         396.819    -682.213         396.789    -682.293             248             248
   82        -392.113    2338.180        -391.968    2338.176              82              82
  166       -1242.005    -377.093       -1242.044    -377.009             166             166
  119         244.085     375.809         244.061     375.797             119             119
  248        1331.676    -464.872        1331.652    -464.947             248             248
    7        -551.816    -450.489        -551.823    -450.488               7               7
  185        -113.963     740.532        -113.934     740.513             185             185
  114        1390.986     338.136        1391.031     338.053             114             114
   83       -1061.825     191.630       -1061.773     191.696              83              83
  226        -493.044     -27.740        -493.045     -27.710             226             226
   87        -258.836     -65.231        -258.844     -65.222              87              87
   69          59.153     300.221          59.169     300.216              69              69
  136         279.318     -73.228         279.337     -73.243             136             136
   65        -921.451    -215.514        -921.442    -215.472              65              65
   47       -1266.092    1357.128       -1266.035    1357.230              47              47
  160         601.541    -865.735         601.450    -865.729             160             160
   17         727.213    -714.181         727.190    -714.216              17              17
  168       -1383.417   -1159.178       -1383.481   -1159.106             168             168
    6          99.111   -1024.533          99.029   -1024.609               6               6
   14        -985.182    1203.176        -985.134    1203.188              14              14
   88        1162.972     342.073        1162.975     341.996              88              88
   75         100.824    -510.743         100.825    -510.759              75              75
  154       -1126.509    -267.390       -1126.512    -267.347             154             154
  236        -799.133      64.338        -799.155      64.350             236             236
  247        -787.914     219.659        -787.956     219.675             247             247
   51         401.570     292.930         401.526     292.861              51              51
  218         943.457     832.197         943.493     832.104             218             218
  246         244.373     717.182         244.428     717.173             246             246
   13          46.440   -1132.740          46.364   -1132.785              13              13
   77        -448.214    2119.840        -448.069    2119.830              77              77
  105         -55.182     652.299         -55.163     652.323             105             105
  208        -212.222     971.601        -212.200     971.656             208             208
  133        1713.908    -617.853        1713.854    -617.962             133             133
  227        -323.281     821.281        -323.191     821.298             227             227
  119        -119.123    1272.491        -119.033    1272.553             119             119
  133         698.472    -151.848         698.475    -151.816             133             133
  130        -916.884   -1377.188        -916.984   -1377.090             130             130
   96        -307.980     140.747        -308.018     140.764              96              96
  162         984.242    -303.861         984.182    -303.933             162             162
  196         897.622    -725.537         897.581    -725.644             196             196
  162         165.477    1453.629         165.628    1453.604             162             162
   59          94.567    -548.540          94.555    -548.536              59              59
  151        -138.402     646.248        -138.318     646.246             151             151
   36        -643.412    1160.051        -643.312    1160.147              36              36
   87         129.000      -0.074         129.000       0.000              87              87
  149        -643.204   -1160.247        -643.309   -1160.149             149             149
  218        -138.230    -646.245        -138.317    -646.247             218             218
  201          94.539     548.532          94.553     548.536             201             201
  152         165.791   -1453.577         165.630   -1453.604             152             152
  189         897.535     725.765         897.580     725.647             189             189
   21         984.116     304.014         984.181     303.934              21              21
  161        -308.061    -140.784        -308.018    -140.766             161             161
  192        -917.099    1376.978        -916.985    1377.089             192             192
  193         698.477     151.781         698.474     151.817             193             193
  191        -118.926   -1272.625        -119.031   -1272.553             191             191
    6        -323.081    -821.321        -323.189    -821.300               6               6
   89        1713.787     618.098        1713.853     617.966              89              89
   29        -212.170    -971.723        -212.197    -971.656              29              29
  141         -55.136    -652.353         -55.161    -652.323             141             141
  254        -447.881   -2119.818        -448.065   -2119.831             254             254
  247          46.265    1132.844          46.363    1132.786             247             247
   90         244.503    -717.158         244.430    -717.171              90              90
  249         943.541    -831.977         943.493    -832.101             249             249
   75         401.465    -292.766         401.525    -292.859              75              75
  192        -788.015    -219.696        -787.957    -219.675             192             192
  234        -799.183     -64.371        -799.154     -64.352             234             234
  200       -1126.517     267.285       -1126.513     267.346             200             200
   54         100.825     510.782         100.824     510.760              54              54
   92        1162.980    -341.880        1162.975    -341.993              92              92
  247        -985.059   -1203.208        -985.132   -1203.190             247             247
  160          98.901    1024.723          99.026    1024.609             160             160
  132       -1383.584    1158.991       -1383.485    1159.103             132             132
  180         727.153     714.273         727.189     714.218             180             180
    9         601.304     865.721         601.449     865.731               9               9
  239       -1265.940   -1357.394       -1266.032   -1357.232             239             239
  242        -921.426     215.400        -921.442     215.470             242             242
  113         279.368      73.268         279.337      73.243             113             113
  116          59.200    -300.205          59.170    -300.215             116             116
  159        -258.862      65.206        -258.845      65.222             159             159
  177        -493.044      27.655        -493.044      27.709             177             177
   30       -1061.680    -191.815       -1061.774    -191.697              30              30
  140        1391.116    -337.896        1391.033    -338.049             140             140
  157        -113.876    -740.477        -113.932    -740.512             157             157
  140        -551.839     450.483        -551.824     450.487             140             140
  240        1331.604     465.096        1331.651     464.950             240             240
  105         244.018    -375.771         244.063    -375.796             105             105
   22       -1242.124     376.842       -1242.045     377.008              22              22
  251        -391.669   -2338.168        -391.963   -2338.177             251             251
  196         396.727     682.459         396.788     682.294             196             196
   33         181.612    -226.987         181.617    -227.084              33              33
  197        -242.548    -129.490        -242.516    -129.597             197             197
  219        -763.515    2366.201        -763.221    2366.234             219             219
  148       -1373.122     157.471       -1373.172     157.670             148             148
  177        1733.145      37.123        1733.138      36.928             177             177
   88       -1344.119     105.983       -1344.065     106.130              88              88
  241        -168.727      83.664        -168.740      83.682             241             241
  166        -310.420    -927.656        -310.530    -927.677             166             166
  212        -954.272     157.810        -954.290     157.790             212             212
   47         188.202    1729.965         188.366    1729.880              47              47
  179        -540.917     482.590        -540.873     482.658             179             179
  124       -1177.850     702.935       -1177.847     703.090             124             124
  142        -221.049    -298.203        -221.234    -298.188             142             142
  230        1191.656     536.352        1191.620     536.159             230             230
  244         883.482     502.478         883.543     502.321             244             244
  237        -813.323    1430.398        -813.192    1430.481             237             237
  116        1363.400    1278.519        1363.499    1278.421             116             116
   95         832.976     296.499         833.054     296.494              95              95
  154         183.274     112.690         183.362     112.751             154             154
  156        -659.933    -877.093        -660.000    -877.000             156             156
   96        -626.872    1043.593        -626.761    1043.672              96              96
  123        -410.325     447.210        -410.344     447.354             123             123
  104         740.462   -1371.922         740.221   -1371.993             104             104
   27        1127.247      84.541        1127.294      84.320              27              27
  227       -1119.095    1662.334       -1118.881    1662.499             227             227
  101        1272.361    -121.219        1272.327    -121.278             101             101
   52         395.314    -658.430         395.312    -658.432              52              52
  104        -831.819    -583.498        -831.854    -583.399             104             104
  215         308.433    -390.475         308.401    -390.573             215             215
  105        -693.157     670.827        -693.057     670.885             105             105
   86          90.843    -308.495          90.779    -308.523              86              86
  219         521.252     146.855         521.300     146.737             219             219
  217        -206.426     314.283        -206.326     314.265             217             217
  139        -374.330     338.576        -374.249     338.573             139             139
  162        -325.195    1421.705        -324.992    1421.760             162             162
  179         529.060    -323.959         529.082    -324.012             179             179
   82        -880.756    1376.804        -880.463    1376.956              82              82
  120       -1657.845    -151.698       -1657.855    -151.392             120             120
   11        -517.596      35.833        -517.631      35.948              11              11
  117       -1023.436    -182.576       -1023.521    -182.403             117             117
  151         249.709    -338.077         249.631    -338.117             151             151
  143       -1222.684     319.696       -1222.664     319.870             143             143
   92        -263.432   -1208.014        -263.649   -1208.053              92              92
  166       -1388.995    1813.200       -1388.823    1813.332             166             166
    1        -446.389     244.994        -446.502     245.112               1               1
  105        -135.001    -152.215        -135.169    -152.169             105             105
  248         385.650    -914.294         385.399    -914.432             248             248
   12         456.009    1706.505         456.179    1706.383              12              12
  159         312.513    -734.654         312.373    -734.753             159             159
  112        -161.151    2107.167        -160.890    2107.140             112             112
   97         471.450     606.652         471.511     606.639              97              97
    3        -245.443     751.157        -245.337     751.243               3               3
  194        -211.525     318.789        -211.501     318.867             194             194
  226        -321.382     266.739        -321.375     266.786             226             226
  203        -172.352    1471.765        -172.159    1471.829             203             203
  133       -1054.869     491.270       -1054.862     491.510             133             133
  206        -587.378    1081.374        -587.377    1081.564             206             206
  139        1172.131     447.078        1172.105     447.041             139             139
  254        -195.385     375.163        -195.327     375.327             254             254
   54        -919.929     242.118        -919.960     242.395              54              54
  149        -311.668     188.351        -311.775     188.543             149             149
   95         175.573     457.328         175.505     457.518              95              95
  124        1022.372   -2146.209        1022.008   -2146.230             124             124
   61       -1277.286    -746.420       -1277.460    -746.262              61              61
   92         559.684     105.180         559.587     105.040              92              92
   49         -55.062    1411.790         -54.900    1411.861              49              49
   42        -175.328    -272.745        -175.429    -272.582              42              42
   75        -514.156    -193.066        -514.273    -192.897              75              75
  226         -53.271     291.835         -53.323     291.961             226             226
  242         140.403    -423.075         140.319    -422.939             242             242
   92       -2394.142   -1344.593       -2394.462   -1344.131              92              92
  131       -1075.145    -456.057       -1075.512    -455.848             131             131
   60        -279.594   -1584.634        -280.167   -1584.624              60              60
  122        -200.522     113.929        -200.848     113.856             122             122
  234         783.029     975.451         782.855     975.347             234             234
  176         437.231    -497.398         436.840    -497.394             176             176
  241        1427.768    -186.581        1427.482    -186.763             241             241
  192           0.889    -773.875           0.535    -773.854             192             192
  202        -502.842    -393.180        -503.278    -393.116             202             202
  202         489.139    -510.767         488.571    -510.887             202             202
  205         336.034    -282.755         335.393    -282.894             205             205
  105         457.929    1189.425         457.271    1189.370             105             105
    8        -489.995   -1529.002        -492.023   -1528.913               8               8
