SINAL     NFT                         FFT                         NFT INVERSA     FFT INVERSA
-----     -----------------------     -----------------------     -----------     -----------
  203       34347.000       0.000       34347.000       0.000             203             203
  202        2364.196    -441.211        2364.203    -441.212             202             202
  107         423.934     146.160         423.943     146.160             107             107
  115       -1389.363    -325.655       -1389.356    -325.655             115             115
  195        -346.960    1979.418        -346.949    1979.419             195             195
  213         550.694     388.544         550.702     388.545             213             213
   57       -1014.682     -12.806       -1014.675     -12.799              57              57
   97         336.458    -564.780         336.460    -564.779              97              97
  157         191.229    -696.899         191.231    -696.902             157             157
   91        1101.173     906.316        1101.185     906.309              91              91
   91         473.401     393.578         473.412     393.578              91              91
   23         682.767       1.455         682.778       1.453              23              23
  122          75.062     253.149          75.078     253.152             122             122
  198       -1866.187    -121.619       -1866.179    -121.603             198             198
  188        -597.666     600.692        -597.664     600.701             188             188
  195        1528.720    -258.134        1528.718    -258.142             195             195
  159         579.078     401.364         579.088     401.365             159             159
  158         607.196    -653.542         607.196    -653.541             158             158
  149         918.770    -597.215         918.771    -597.223             149             149
  186        1082.659     582.497        1082.678     582.488             186             186
   70        1457.499    -336.591        1457.517    -336.600              70              70
   10        -561.401   -1250.167        -561.389   -1250.159              10              10
  156       -1303.280     678.707       -1303.253     678.726             156             156
   42       -1119.384    -937.906       -1119.390    -937.886              42              42
   99        -771.424    -241.957        -771.428    -241.945              99              99
  245         -40.184   -1346.240         -40.208   -1346.248             245             245
  236        1058.745    1003.883        1058.766    1003.856             236             236
  147          91.580     427.195          91.603     427.196             147             147
  196       -1917.382    -182.477       -1917.387    -182.443             196             196
  224         899.145     708.750         899.145     708.737             224             224
  130        1338.829    -788.056        1338.817    -788.082             130             130
  153        1158.822    1590.502        1158.870    1590.482             153             153
  255        -432.215    -615.332        -432.208    -615.312             255             255
  171         173.451   -1037.295         173.442   -1037.313             171             171
   80        -160.880    2956.274        -160.802    2956.278              80              80
   85        -533.337     152.712        -533.327     152.755              85              85
  185         168.621   -1745.234         168.585   -1745.230             185             185
  221           3.788     922.080           3.818     922.077             221             221
  113        -489.678     118.791        -489.675     118.813             113             113
   37         528.196     100.969         528.198     100.968              37              37
  212         -10.069    -668.753         -10.086    -668.747             212             212
  160         867.416     234.836         867.421     234.816             160             160
  183        1508.159    -314.376        1508.169    -314.411             183             183
  172         401.454    -412.200         401.481    -412.216             172             172
  247       -1718.071     647.388       -1718.040     647.433             247             247
   66        1617.321    -460.637        1617.321    -460.689              66              66
  119       -1051.539    1008.740       -1051.482    1008.762             119             119
  174        -574.452     813.816        -574.423     813.837             174             174
  196        -317.437     884.222        -317.413     884.249             196             196
  207         903.587     234.232         903.602     234.224             207             207
  254        -360.523      97.541        -360.502      97.568             254             254
  242         -69.177    -107.686         -69.167    -107.679             242             242
  240        -395.795     882.046        -395.754     882.061             240             240
  236        -455.137    1785.090        -455.074    1785.136             236             236
   71        -265.581     413.302        -265.567     413.368              71              71
   74        -195.362    -706.483        -195.388    -706.435              74              74
  132        -561.539     348.296        -561.540     348.358             132             132
  108         764.666   -1684.444         764.592   -1684.447             108             108
  211         856.252    1272.148         856.310    1272.146             211             211
   74        -391.378   -1656.856        -391.422   -1656.805              74              74
   28        -703.049     -20.758        -703.055     -20.711              28              28
  169          67.439    -786.289          67.389    -786.268             169             169
  113         650.187    -268.699         650.162    -268.699             113             113
   88         696.276   -1295.728         696.221   -1295.739              88              88
   97         900.017    -568.968         900.000    -569.000              97              97
  189        1222.047   -1173.809        1222.033   -1173.867             189             189
  176       -1009.249    -235.928       -1009.233    -235.906             176             176
  184         365.505     398.042         365.527     398.016             184             184
  248         273.515     513.152         273.556     513.150             248             248
   57        -503.749     412.748        -503.722     412.799              57              57
    7         102.690     142.166         102.689     142.213               7               7
  144         782.201   -1877.259         782.117   -1877.260             144             144
   72        1104.153   -1074.169        1104.137   -1074.226              72              72
  156        -144.083    -661.508        -144.058    -661.517             156             156
   73       -2176.738    -157.225       -2176.745    -157.133              73              73
  173        1244.917    -479.053        1244.879    -479.120             173             173
   60        -368.215    -359.098        -368.219    -359.097              60              60
   13        -322.459      33.254        -322.468      33.253              13              13
  148         407.948      -6.407         407.929      -6.440             148             148
  153        1279.349      49.019        1279.360      48.942             153             153
  233         170.950     188.843         170.986     188.817             233             233
    7         701.657    1323.346         701.758    1323.323               7               7
   73        -330.079    -275.744        -330.062    -275.691              73              73
    7         382.652    -328.038         382.662    -328.038               7               7
   20         209.596    -735.530         209.605    -735.537              20              20
  110       -1002.147    -935.409       -1002.158    -935.394             110             110
  205        -612.071    1994.416        -611.945    1994.437             205             205
   76        -877.198    -184.320        -877.213    -184.238              76              76
  253         239.400    -316.650         239.381    -316.656             253             253
   92        -786.062     362.108        -786.043     362.161              92              92
   45          -6.601    -293.318          -6.635    -293.309              45              45
  244         114.605      -3.568         114.596      -3.579             244             244
   29         229.337     521.386         229.371     521.377              29              29
   50         -54.480     658.235         -54.431     658.275              50              50
   10        -294.576   -1179.269        -294.644   -1179.237              10              10
  208        -485.982     999.515        -485.941     999.555             208             208
  109         624.281    -899.294         624.209    -899.311             109             109
  127          21.792     -13.332          21.788     -13.339             127             127
   75         638.194     158.868         638.214     158.831              75              75
  124        -293.617     -24.160        -293.601     -24.133             124             124
    3        -557.494    -377.737        -557.538    -377.713               3               3
  134         973.498     931.052         973.540     930.981             134             134
  147         959.517     741.579         959.603     741.550             147             147
  253        -962.189    -573.858        -962.205    -573.774             253             253
  234         533.853    1045.128         533.918    1045.115             234             234
  229         519.933    -127.504         519.948    -127.492             229             229
  161         641.611      28.514         641.673      28.503             161             161
  154       -1071.773     255.356       -1071.696     255.473             154             154
   54       -1110.723      75.827       -1110.710      75.967              54              54
  189        -498.519    -650.942        -498.583    -650.844             189             189
  201        -427.581   -1224.691        -427.697   -1224.629             201             201
   49         752.213   -1178.078         752.128   -1178.158              49              49
   94        -640.768    1209.880        -640.663    1209.932              94              94
  223        -695.329    -944.408        -695.412    -944.314             223             223
  209        -923.055   -1103.880        -923.202   -1103.827             209             209
  165        1510.130     394.830        1510.113     394.700             165             165
  197         370.061      15.283         370.079      15.271             197             197
   11        -103.102    -549.401        -103.126    -549.388              11              11
  199        -797.813     188.062        -797.823     188.132             199             199
   48         873.540    -796.873         873.455    -796.932              48              48
  174        -221.551    -712.491        -221.611    -712.518             174             174
   12         230.846    1461.052         230.936    1461.033              12              12
  150         954.900   -1091.426         954.827   -1091.485             150             150
  226        -330.323     490.859        -330.256     490.875             226             226
   81        -290.145      -4.911        -290.141      -4.863              81              81
  129        -772.955    -818.967        -773.055    -818.908             129             129
  205         440.343     317.159         440.314     317.114             205             205
  150         409.525    -593.003         409.433    -593.047             150             150
   20        1565.000       0.166        1565.000       0.000              20              20
    2         409.337     593.091         409.431     593.047               2               2
  126         440.286    -317.065         440.315    -317.112             126             126
  207        -773.163     818.844        -773.057     818.906             207             207
  100        -290.136       4.813        -290.140       4.863             100             100
   27        -330.180    -490.894        -330.254    -490.876              27              27
   67         954.743    1091.552         954.825    1091.487              67              67
   61         231.041   -1461.010         230.940   -1461.031              61              61
  220        -221.681     712.548        -221.612     712.518             220             220
  165         873.356     797.004         873.454     796.934             165             165
   70        -797.835    -188.215        -797.823    -188.133              70              70
  130        -103.157     549.372        -103.128     549.388             130             130
  164         370.101     -15.254         370.079     -15.269             164             164
   72        1510.094    -394.535        1510.114    -394.696              72              72
  164        -923.388    1103.760        -923.205    1103.825             164             164
  123        -695.520     944.193        -695.415     944.312             123             123
   69        -640.526   -1210.000        -640.661   -1209.933              69              69
  158         752.010    1178.264         752.124    1178.159             158             158
   38        -427.855    1224.546        -427.699    1224.628              38              38
   89        -498.670     650.708        -498.584     650.842              89              89
  215       -1110.693     -76.162       -1110.710     -75.969             215             215
  174       -1071.589    -255.638       -1071.696    -255.475             174             174
  160         641.763     -28.488         641.674     -28.503             160             160
   17         519.968     127.477         519.947     127.493              17              17
   35         534.016   -1045.095         533.920   -1045.114              35              35
   48        -962.231     573.645        -962.206     573.771              48              48
  154         959.734    -741.506         959.604    -741.549             154             154
  102         973.608    -930.870         973.542    -930.979             102             102
   73        -557.607     377.676        -557.538     377.713              73              73
  225        -293.576      24.090        -293.601      24.133             225             225
  196         638.246    -158.770         638.213    -158.830             196             196
   24          21.783      13.351          21.789      13.338              24              24
  131         624.089     899.340         624.208     899.312             131             131
    7        -485.865    -999.628        -485.938    -999.558               7               7
  103        -294.764    1179.179        -294.646    1179.236             103             103
   68         -54.343    -658.345         -54.429    -658.275              68              68
  217         229.432    -521.358         229.371    -521.375             217             217
   86         114.581       3.600         114.596       3.580              86              86
  167          -6.699     293.290          -6.636     293.308             167             167
  139        -786.007    -362.262        -786.042    -362.162             139             139
   46         239.342     316.669         239.380     316.657              46              46
   76        -877.242     184.076        -877.213     184.236              76              76
  117        -611.691   -1994.482        -611.942   -1994.439             117             117
  241       -1002.183     935.362       -1002.159     935.392             241             241
  252         209.624     735.552         209.605     735.538             252             252
  117         382.683     328.038         382.662     328.038             117             117
   19        -330.023     275.578        -330.062     275.691              19              19
   70         701.982   -1323.271         701.763   -1323.321              70              70
   14         171.066    -188.760         170.987    -188.817              14              14
  150        1279.387     -48.762        1279.361     -48.939             150             150
  194         407.886       6.516         407.929       6.441             194             194
   29        -322.487     -33.252        -322.468     -33.254              29              29
  139        -368.229     359.095        -368.220     359.097             139             139
   98        1244.786     479.291        1244.878     479.124              98              98
   51       -2176.762     156.900       -2176.745     157.128              51              51
   34        -143.997     661.539        -144.059     661.517              34              34
   63        1104.094    1074.373        1104.135    1074.228              63              63
  219         781.891    1877.267         782.113    1877.262             219             219
  133         102.687    -142.339         102.689    -142.213             133             133
  249        -503.647    -412.939        -503.721    -412.800             249             249
  250         273.669    -513.142         273.556    -513.149             250             250
  235         365.590    -397.943         365.528    -398.015             235             235
   20       -1009.185     235.841       -1009.233     235.903              20              20
   43        1221.988    1174.039        1222.031    1173.870              43              43
  140         899.948     569.096         900.000     569.000             140             140
  135         696.042    1295.772         696.217    1295.739             135             135
  171         650.082     268.704         650.162     268.700             171             171
  216          67.223     786.198          67.387     786.268             216             216
  211        -703.076      20.557        -703.055      20.710             211             211
    9        -391.579    1656.628        -391.426    1656.803               9               9
  207         856.519   -1272.135         856.314   -1272.145             207             207
   62         764.322    1684.461         764.587    1684.448              62              62
  112        -561.543    -348.582        -561.540    -348.359             112             112
  112        -195.488     706.251        -195.390     706.432             112             112
  133        -265.514    -413.611        -265.567    -413.367             133             133
  206        -454.817   -1785.315        -455.069   -1785.138             206             206
   41        -395.589    -882.123        -395.753    -882.062              41              41
  252         -69.129     107.649         -69.168     107.678             252             252
  172        -360.413     -97.683        -360.501     -97.569             172             172
  233         903.670    -234.189         903.604    -234.223             233             233
  135        -317.307    -884.362        -317.412    -884.249             135             135
    1        -574.282    -813.943        -574.420    -813.840               1               1
  111       -1051.216   -1008.869       -1051.480   -1008.764             111             111
   66        1617.320     460.940        1617.320     460.692              66              66
   97       -1717.884    -647.659       -1718.038    -647.436              97              97
   53         401.615     412.300         401.480     412.217              53              53
  199        1508.222     314.599        1508.170     314.414             199             199
   82         867.448    -234.709         867.421    -234.815              82              82
  218         -10.184     668.711         -10.087     668.747             218             218
  183         528.206    -100.965         528.198    -100.968             183             183
   42        -489.653    -118.946        -489.675    -118.815              42              42
   37           3.998    -922.061           3.820    -922.077              37              37
  180         168.360    1745.208         168.583    1745.231             180             180
  102        -533.258    -153.035        -533.326    -152.757             102             102
  117        -160.278   -2956.305        -160.796   -2956.279             117             117
   67         173.379    1037.435         173.441    1037.313              67              67
  254        -432.165     615.169        -432.209     615.311             254             254
  219        1159.243   -1590.327        1158.874   -1590.480             219             219
  235        1338.719     788.299        1338.816     788.086             235             235
  178         899.148    -708.622         899.146    -708.735             178             178
  228       -1917.419     182.158       -1917.387     182.440             228             228
  201          91.807    -427.194          91.605    -427.195             201             201
  211        1058.963   -1003.603        1058.768   -1003.853             211             211
  216         -40.447    1346.319         -40.212    1346.248             216             216
  180        -771.464     241.822        -771.428     241.944             180             180
  147       -1119.455     937.667       -1119.391     937.883             147             147
   76       -1302.956    -678.943       -1303.252    -678.728              76              76
   37        -561.274    1250.060        -561.392    1250.158              37              37
  213        1457.733     336.720        1457.517     336.603             213             213
  121        1082.920    -582.366        1082.679    -582.486             121             121
  176         918.782     597.349         918.770     597.226             176             176
  194         607.182     653.539         607.194     653.541             194             194
  246         579.250    -401.369         579.089    -401.363             246             246
  121        1528.680     258.301        1528.717     258.145             121             121
   13        -597.617    -600.865        -597.663    -600.702              13              13
  224       -1866.050     121.258       -1866.180     121.597             224             224
  156          75.401    -253.197          75.079    -253.151             156             156
  190         683.018      -1.403         682.778      -1.452             190             190
  153         473.695    -393.564         473.413    -393.575             153             153
   50        1101.510    -906.111        1101.187    -906.308              50              50
  200         191.274     696.962         191.230     696.901             200             200
  201         336.543     564.761         336.460     564.779             201             201
  204       -1014.393      12.514       -1014.675      12.798             204             204
   10         551.143    -388.587         550.703    -388.544              10              10
  155        -346.201   -1979.470        -346.946   -1979.419             155             155
  167       -1388.696     325.510       -1389.356     325.652             167             167
  187         425.105    -146.054         423.943    -146.158             187             187
  145        2366.016     441.615        2364.202     441.215             145             145
