SINAL     NFT                         FFT                         NFT INVERSA     FFT INVERSA
-----     -----------------------     -----------------------     -----------     -----------
  198       32021.000       0.000       32021.000       0.000             198             198
  160          30.682      76.112          30.689      76.112             160             160
  211        -137.680     259.436        -137.673     259.437             211             211
  235        -319.125    -454.584        -319.120    -454.583             235             235
   74          69.617    -478.221          69.622    -478.220              74              74
  122        -265.471    -787.793        -265.468    -787.792             122             122
  179         587.530     278.285         587.536     278.283             179             179
    3        -172.047     409.137        -172.042     409.140               3               3
  247        1506.953    -601.199        1506.954    -601.205             247             247
  127         432.623    -196.194         432.628    -196.195             127             127
  132        -109.890     -46.129        -109.887     -46.127             132             132
   57        1803.502     602.930        1803.508     602.924              57              57
   61        2509.658   -1908.335        2509.655   -1908.349              61              61
    9        -144.717   -1106.383        -144.713   -1106.387               9               9
  113        1484.915     587.298        1484.932     587.283             113             113
   53         -21.933    -467.211         -21.922    -467.211              53              53
    1         -90.404    -248.044         -90.395    -248.045               1               1
  221         408.884    -261.254         408.892    -261.260             221             221
  179          94.400       8.149          94.410       8.145             179             179
  148        1099.871    -563.517        1099.880    -563.535             148             148
  181        -693.669    1070.121        -693.639    1070.126             181             181
   70       -1599.697    -125.629       -1599.698    -125.609              70              70
  174        1704.246     396.121        1704.250     396.095             174             174
  230         263.439     870.004         263.462     870.004             230             230
  248         362.110    -457.002         362.111    -457.007             248             248
   65         863.178    1448.249         863.213    1448.239              65              65
    6         -53.696      68.599         -53.681      68.611               6               6
  182         673.790    -121.607         673.803    -121.613             182             182
  244        -527.942     574.113        -527.920     574.129             244             244
   53        1287.625     726.966        1287.656     726.962              53              53
  111       -1800.012    -983.592       -1800.017    -983.538             111             111
  241         210.155    -892.888         210.134    -892.882             241             241
   93         939.106   -1141.713         939.088   -1141.734              93              93
    8         543.370     -75.061         543.384     -75.079               8               8
  161        -439.228     201.023        -439.215     201.034             161             161
  119        1154.809      26.542        1154.817      26.528             119             119
   80        1179.241   -1623.775        1179.234   -1623.803              80              80
  155        -924.293     -65.476        -924.265     -65.469             155             155
   66        -131.723     -23.797        -131.704     -23.805              66              66
  135       -1156.384     433.129       -1156.366     433.151             135             135
  134         307.894     142.795         307.897     142.786             134             134
   22         178.870     206.131         178.883     206.127              22              22
  158         374.079    -123.706         374.089    -123.717             158             158
  226        -300.103     612.454        -300.075     612.465             226             226
  201         265.509      25.167         265.517      25.177             201             201
  189          36.216   -1757.801          36.175   -1757.808             189             189
   83         163.735     844.735         163.762     844.716              83              83
   44        1892.178    -551.858        1892.189    -551.919              44              44
  176        -808.351      56.618        -808.308      56.624             176             176
  103        -607.480     602.151        -607.441     602.155             103             103
   80        -227.807     588.420        -227.771     588.419              80              80
   79       -1189.008     566.217       -1188.985     566.251              79              79
  179        -144.592     640.196        -144.583     640.199             179             179
   46         566.585    1035.459         566.614    1035.451              46              46
    8         647.506      20.720         647.515      20.711               8               8
  145         150.707     526.383         150.740     526.386             145             145
   85          -8.704     276.604          -8.690     276.618              85              85
   76        1564.649     -99.423        1564.666     -99.473              76              76
  217         127.550     809.808         127.621     809.815             217             217
   51         194.471    -284.475         194.500    -284.465              51              51
  173         174.919    -506.455         174.952    -506.468             173             173
   14       -1118.324     764.216       -1118.244     764.246              14              14
  134       -1842.612    1212.447       -1842.550    1212.532             134             134
  133        -270.563     -16.028        -270.567     -16.002             133             133
  125        -739.061    1527.941        -739.000    1528.000             125             125
  212         527.085     -59.594         527.088     -59.567             212             212
  164        -227.501    -359.105        -227.491    -359.059             164             164
  226        -805.803    -511.738        -805.805    -511.680             226             226
  107       -1061.518    -260.179       -1061.530    -260.113             107             107
  203        -453.115   -1241.699        -453.185   -1241.682             203             203
  198         458.419      89.153         458.429      89.108             198             198
  219       -1482.960     756.877       -1482.925     756.937             219             219
  195        -571.154     181.083        -571.184     181.112             195             195
   96         698.268     718.024         698.270     717.997              96              96
   73         898.735     968.977         898.780     968.966              73              73
   19         865.456    -253.296         865.477    -253.298              19              19
   59       -1102.383    -211.522       -1102.368    -211.443              59              59
   88         286.550    -430.166         286.543    -430.165              88              88
   74       -1168.809    -236.454       -1168.810    -236.395              74              74
   93        -214.063     240.602        -214.059     240.619              93              93
   72        -507.478    -866.830        -507.530    -866.821              72              72
  188        -304.355    1699.940        -304.274    1699.948             188             188
  165       -1210.276     201.537       -1210.298     201.626             165             165
   65         202.333     748.994         202.315     749.016              65              65
   12        1321.465    -700.455        1321.406    -700.507              12              12
   17         390.729    1016.025         390.801    1016.022              17              17
  210        -550.340    -253.030        -550.343    -252.966             210             210
  254       -1238.101     -24.531       -1238.143     -24.447             254             254
  207         418.161     490.909         418.114     490.909             207             207
  129        1471.274     -89.406        1471.220     -89.463             129             129
  210        1596.494      58.653        1596.493      58.574             210             210
   61        1420.980    1096.004        1421.081    1095.964              61              61
  179         134.295    -677.191         134.301    -677.147             179             179
  163         154.060      91.184         154.094      91.210             163             163
  161         524.379    -583.465         524.386    -583.465             161             161
  125        -899.088      56.646        -899.059      56.724             125             125
   89        -113.059    -317.769        -113.087    -317.734              89              89
   68         518.977      80.816         518.986      80.817              68              68
  135        -161.398    -655.221        -161.432    -655.174             135             135
  129         774.299   -1271.606         774.235   -1271.669             129             129
   50        -493.239    1208.053        -493.137    1208.085              50              50
   35        -552.432    -914.415        -552.514    -914.367              35              35
   83        1570.187    1160.916        1570.268    1160.830              83              83
   89        -352.365     -43.851        -352.334     -43.764              89              89
  253         205.832    -802.532         205.798    -802.493             253             253
    9       -1075.602   -1628.548       -1075.737   -1628.480               9               9
  204        2443.424     406.635        2443.459     406.448             204             204
  161        -456.812     -77.701        -456.753     -77.651             161             161
  143         176.456    -762.929         176.445    -762.932             143             143
  170        -919.356   -1183.261        -919.423   -1183.242             170             170
  228         761.034    1015.547         761.113    1015.450             228             228
   70         535.725     130.590         535.794     130.545              70              70
   29        -461.864     228.491        -461.767     228.509              29              29
  160       -1939.271    1110.785       -1939.170    1110.943             160             160
  174          -9.696    -623.276          -9.758    -623.264             174             174
  141        -567.196    1051.940        -567.119    1051.992             141             141
  194        -234.805    -346.888        -234.836    -346.851             194             194
   54        -550.107     637.479        -550.070     637.530              54              54
   30        -247.273     285.323        -247.276     285.370              30              30
    1         361.855     329.779         361.879     329.785               1               1
  179        -493.045     313.593        -493.001     313.680             179             179
   67       -1765.479    -237.414       -1765.546    -237.222              67              67
  186          46.253    -962.388          46.067    -962.379             186             186
  254        1824.298      68.587        1824.259      68.426             254             254
   78         234.844     335.975         234.882     335.952              78              78
   96         246.422     447.394         246.455     447.380              96              96
  242         818.685     959.179         818.792     959.149             242             242
   51       -1585.332     417.546       -1585.324     417.745              51              51
  192        2421.000       0.124        2421.000       0.000             192             192
   79       -1585.312    -417.954       -1585.322    -417.749              79              79
  244         818.905    -959.116         818.794    -959.148             244             244
  139         246.491    -447.364         246.456    -447.379             139             139
  183         234.924    -335.926         234.883    -335.951             183             183
  140        1824.218     -68.246        1824.259     -68.422             140             140
   43          45.860     962.367          46.065     962.378              43              43
  230       -1765.620     237.002       -1765.546     237.217             230             230
   12        -492.951    -313.781        -493.001    -313.682              12              12
   96         361.907    -329.791         361.879    -329.784              96              96
  161        -247.279    -285.427        -247.276    -285.371             161             161
   92        -550.025    -637.594        -550.070    -637.532              92              92
  237        -234.875     346.804        -234.837     346.850             237             237
   18        -567.023   -1052.056        -567.117   -1051.993              18              18
  249          -9.836     623.246          -9.759     623.262             249             249
  121       -1939.042   -1111.147       -1939.168   -1110.947             121             121
   58        -461.643    -228.532        -461.767    -228.509              58              58
    7         535.885    -130.485         535.795    -130.544               7               7
   22         761.222   -1015.318         761.116   -1015.448              22              22
   69        -919.518    1183.213        -919.426    1183.240              69              69
  182         176.428     762.935         176.444     762.932             182             182
   77        -456.672      77.581        -456.753      77.650              77              77
  238        2443.512    -406.179        2443.461    -406.444             238             238
   99       -1075.933    1628.379       -1075.739    1628.477              99              99
   96         205.747     802.435         205.797     802.492              96              96
  188        -352.287      43.634        -352.334      43.763             188             188
  121        1570.392   -1160.696        1570.269   -1160.827             121             121
   58        -552.641     914.290        -552.515     914.364              58              58
   13        -492.975   -1208.135        -493.135   -1208.086              13              13
   39         774.132    1271.770         774.234    1271.670              39              39
  175        -161.492     655.100        -161.435     655.174             175             175
   15         519.001     -80.818         518.988     -80.817              15              15
  209        -113.135     317.676        -113.087     317.734             209             209
  112        -899.008     -56.863        -899.058     -56.727             112             112
  235         524.392     583.469         524.384     583.467             235             235
  183         154.154     -91.258         154.095     -91.212             183             183
  234         134.310     677.069         134.300     677.147             234             234
   86        1421.268   -1095.887        1421.084   -1095.961              86              86
  201        1596.490     -58.428        1596.492     -58.573             201             201
   90        1471.121      89.572        1471.221      89.465              90              90
  176         418.026    -490.907         418.115    -490.909             176             176
   24       -1238.226      24.278       -1238.144      24.444              24              24
   44        -550.354     252.837        -550.345     252.964              44              44
  200         390.949   -1016.016         390.804   -1016.022             200             200
   81        1321.282     700.615        1321.404     700.509              81              81
   97         202.278    -749.062         202.316    -749.015              97              97
  176       -1210.346    -201.819       -1210.298    -201.629             176             176
  137        -304.096   -1699.965        -304.270   -1699.949             137             137
  247        -507.644     866.801        -507.530     866.821             247             247
   83        -214.048    -240.657        -214.057    -240.618              83              83
   59       -1168.815     236.254       -1168.811     236.392              59              59
  183         286.527     430.166         286.543     430.167             183             183
   60       -1102.333     211.252       -1102.368     211.441              60              60
   38         865.529     253.307         865.477     253.300              38              38
   12         898.891    -968.937         898.781    -968.965              12              12
  238         698.276    -717.926         698.272    -717.995             238             238
  126        -571.260    -181.188        -571.184    -181.114             126             126
  114       -1482.833    -757.101       -1482.924    -756.941             114             114
  168         458.457     -88.987         458.429     -89.107             168             168
   83        -453.377    1241.633        -453.188    1241.681              83              83
   70       -1061.562     259.928       -1061.530     260.111              70              70
  170        -805.811     511.514        -805.806     511.678             170             170
   95        -227.460     358.928        -227.492     359.059              95              95
  136         527.096      59.491         527.088      59.569             136             136
   78        -738.818   -1528.176        -739.000   -1528.000              78              78
  246        -270.575      15.922        -270.566      16.001             246             246
  107       -1842.349   -1212.808       -1842.548   -1212.536             107             107
   51       -1117.982    -764.350       -1118.242    -764.249              51              51
  172         175.058     506.510         174.952     506.468             172             172
    3         194.596     284.431         194.500     284.465               3               3
  234         127.869    -809.841         127.623    -809.815             234             234
   88        1564.726      99.655        1564.666      99.477              88              88
  243          -8.639    -276.670          -8.689    -276.618             243             243
  243         150.864    -526.400         150.741    -526.386             243             243
  191         647.555     -20.674         647.516     -20.710             191             191
   29         566.733   -1035.414         566.616   -1035.449              29              29
   97        -144.545    -640.211        -144.582    -640.199              97              97
  117       -1188.888    -566.394       -1188.984    -566.254             117             117
   15        -227.615    -588.417        -227.769    -588.419              15              15
  152        -607.272    -602.172        -607.439    -602.155             152             152
  215        -808.119     -56.652        -808.308     -56.625             215             215
   19        1892.236     552.212        1892.189     551.925              19              19
  171         163.892    -844.624         163.764    -844.714             171             171
  116          35.973    1757.842          36.172    1757.808             116             116
  171         265.561     -25.219         265.518     -25.176             171             171
  188        -299.933    -612.527        -300.073    -612.467             188             188
  138         374.138     123.775         374.089     123.718             138             138
  121         178.952    -206.107         178.884    -206.126             121             121
  145         307.920    -142.737         307.898    -142.786             145             145
  237       -1156.256    -433.282       -1156.364    -433.153             237             237
  112        -131.597      23.848        -131.704      23.804             112             112
  205        -924.099      65.419        -924.264      65.466             205             205
   50        1179.183    1623.978        1179.231    1623.805              50              50
  117        1154.873     -26.428        1154.818     -26.525             117             117
   73        -439.127    -201.105        -439.215    -201.034              73              73
  174         543.481      75.201         543.384      75.080             174             174
   89         938.959    1141.881         939.087    1141.734              89              89
  237         209.973     892.844         210.133     892.883             237             237
   39       -1800.055     983.117       -1800.018     983.535              39              39
  157        1287.912    -726.921        1287.658    -726.960             157             157
  142        -527.733    -574.267        -527.919    -574.130             142             142
   71         673.913     121.660         673.802     121.614              71              71
  108         -53.547     -68.723         -53.680     -68.613             108             108
   96         863.551   -1448.135         863.215   -1448.236              96              96
   45         362.125     457.058         362.111     457.007              45              45
  219         263.707    -869.993         263.464    -870.002             219             219
  197        1704.312    -395.803        1704.252    -396.093             197             197
  212       -1599.707     125.364       -1599.698     125.606             212             212
   64        -693.263   -1070.185        -693.636   -1070.127              64              64
   89        1099.978     563.781        1099.878     563.538              89              89
  118          94.541      -8.100          94.411      -8.145             118             118
  152         408.994     261.358         408.891     261.262             152             152
   59         -90.269     248.053         -90.395     248.045              59              59
  101         -21.750     467.201         -21.923     467.212             101             101
  230        1485.239    -586.998        1484.933    -587.280             230             230
   53        -144.649    1106.445        -144.714    1106.386              53              53
  111        2509.573    1908.656        2509.652    1908.353             111             111
   43        1803.640    -602.765        1803.509    -602.921              43              43
  113        -109.836      46.072        -109.888      46.126             113             113
   33         432.769     196.234         432.627     196.197              33              33
    6        1506.979     601.375        1506.953     601.207               6               6
   46        -171.851    -409.242        -172.040    -409.139              46              46
  140         587.770    -278.179         587.535    -278.282             140             140
  171        -265.350     787.741        -265.469     787.791             171             171
   32          69.905     478.159          69.621     478.219              32              32
   97        -318.673     454.419        -319.121     454.581              97              97
  202        -136.788    -259.564        -137.672    -259.436             202             202
  242          32.401     -76.176          30.689     -76.112             242             242
