SINAL     NFT                         FFT                         NFT INVERSA     FFT INVERSA
-----     -----------------------     -----------------------     -----------     -----------
   15       32473.000       0.000       32473.000       0.000              15              15
  251         463.303     818.173         463.309     818.173             251             251
  252        1477.618    -485.213        1477.625    -485.214             252             252
   42        -128.945      28.722        -128.937      28.722              42              42
   60        1198.894    -389.628        1198.901    -389.631              60              60
   83          76.254     194.312          76.266     194.313              83              83
   61       -2296.933    -650.768       -2296.926    -650.759              61              61
  179        -523.315    -462.575        -523.311    -462.575             179             179
  196         -76.583    1266.544         -76.570    1266.546             196             196
  229        -377.810   -1079.273        -377.808   -1079.267             229             229
  252       -1492.952    -847.142       -1492.953    -847.134             252             252
   78        1227.002    -502.044        1227.002    -502.056              78              78
  180          32.896     605.722          32.908     605.718             180             180
  170        -245.079     657.548        -245.066     657.549             170             170
  132        -182.109     519.099        -182.097     519.104             132             132
  198        -888.288   -1102.042        -888.294   -1102.033             198             198
  196         206.502     527.171         206.509     527.165             196             196
  119        -161.931     621.668        -161.921     621.670             119             119
  226          17.365     215.268          17.368     215.269             226             226
  113         771.511    1107.823         771.526    1107.820             113             113
   32         423.028    -120.098         423.032    -120.095              32              32
  101        1046.069     -66.138        1046.077     -66.146             101             101
  150         740.631    -298.218         740.647    -298.227             150             150
  171       -1580.854     886.374       -1580.829     886.399             171             171
  216        -124.815     742.342        -124.802     742.359             216             216
  157          56.007   -1582.843          55.985   -1582.836             157             157
  127         509.015     322.749         509.027     322.738             127             127
  186        -249.740     861.199        -249.720     861.211             186             186
   40         212.262    -315.940         212.258    -315.933              40              40
  250         427.466     197.148         427.470     197.150             250             250
   17        1696.871    -382.740        1696.880    -382.763              17              17
  117        -692.280     870.295        -692.243     870.323             117             117
   57        -191.072    -457.003        -191.074    -456.974              57              57
  199         595.095    -851.434         595.085    -851.427             199             199
   16         597.878   -1157.868         597.870   -1157.871              16              16
   68         208.680    -205.703         208.699    -205.696              68              68
  153        -235.658   -1467.293        -235.667   -1467.278             153             153
   81        -841.268   -1145.780        -841.278   -1145.765              81              81
  211        -233.765    -354.608        -233.762    -354.611             211             211
  104       -1176.862     545.467       -1176.846     545.503             104             104
  133         492.698   -1036.093         492.670   -1036.090             133             133
  133        -154.529   -1734.411        -154.569   -1734.407             133             133
   15         227.455   -1357.037         227.423   -1357.069              15              15
   25          82.383     746.171          82.407     746.151              25              25
  193         613.754    -753.344         613.742    -753.371             193             193
   79         534.283     399.919         534.312     399.893              79              79
  109         307.118     -33.367         307.144     -33.375             109             109
   16        -820.037    -134.237        -820.023    -134.205              16              16
   63         547.798   -2053.068         547.751   -2053.101              63              63
   23        -952.718     188.056        -952.701     188.046              23              23
  153        1134.141     221.885        1134.160     221.814             153             153
  245         137.994    1745.232         138.083    1745.215             245             245
  131         -53.542     253.271         -53.498     253.276             131             131
   65        -714.612     786.107        -714.554     786.136              65              65
  169       -1028.677     331.068       -1028.650     331.115             169             169
  145        -492.690     861.580        -492.660     861.625             145             145
  125         734.525   -1351.809         734.490   -1351.818             125             125
   81        -298.459     418.266        -298.417     418.285              81              81
  116         -23.546   -1447.629         -23.571   -1447.633             116             116
  187        -493.499     913.003        -493.435     913.005             187             187
  183        -692.281     727.772        -692.233     727.816             183             183
  112        -140.952   -1114.303        -140.979   -1114.292             112             112
  128         471.267     622.344         471.331     622.317             128             128
  188       -1009.301     778.911       -1009.212     778.966             188             188
  241       -2536.039     618.850       -2536.000     619.000             241             241
  142         418.813   -1281.404         418.768   -1281.384             142             142
   44       -1807.639    -616.650       -1807.639    -616.561              44              44
  102       -2129.234    -483.010       -2129.273    -482.909             102             102
  101        -572.355    -395.685        -572.415    -395.648             101             101
    6         281.770    -635.948         281.720    -635.948               6               6
  231        -296.566    -735.969        -296.606    -735.947             231             231
  142        -191.287   -1103.660        -191.348   -1103.655             142             142
  146         646.410    -799.518         646.386    -799.566             146             146
   29       -1636.343    -893.618       -1636.388    -893.573              29              29
  145        1037.817    -172.287        1037.805    -172.379             145             145
   89       -1035.020     794.695       -1034.972     794.724              89              89
  143         237.379    -250.195         237.365    -250.215             143             143
   73         -11.540      -8.903         -11.519      -8.922              73              73
   31       -1076.280     544.473       -1076.242     544.513              31              31
  114        -299.070     595.178        -299.042     595.197             114             114
   14        -352.321     832.302        -352.270     832.357              14              14
    9       -1011.562    -859.025       -1011.612    -858.930               9               9
  153        -182.733   -1275.289        -182.815   -1275.281             153             153
   73        -483.478     210.884        -483.476     210.900              73              73
  102        -293.830    -593.297        -293.879    -593.284             102             102
  117         231.929     257.678         231.939     257.667             117             117
  115        -371.617    -665.394        -371.651    -665.368             115             115
  151         157.397     274.170         157.421     274.174             151             151
  107          17.338   -1113.371          17.314   -1113.354             107             107
   54       -2071.222   -1347.111       -2071.285   -1347.018              54              54
  138        -651.687     408.113        -651.688     408.133             138             138
  110       -1036.591   -1692.495       -1036.717   -1692.465             110             110
   87        -657.586     268.492        -657.614     268.473              87              87
  223        -581.021     471.640        -581.046     471.653             223             223
  201        -432.993    -483.088        -433.096    -483.078             201             201
  163        1562.177    -366.231        1562.115    -366.365             163             163
  112         -36.941     283.072         -36.925     283.026             112             112
  183         435.728     985.572         435.795     985.523             183             183
   24       -1179.660     607.396       -1179.635     607.481              24              24
   58          60.294     245.657          60.261     245.680              58              58
   27         388.578    -459.214         388.516    -459.213              27              27
   17         328.342   -1095.763         328.255   -1095.795              17              17
  215         -45.575    -207.875         -45.605    -207.914             215             215
   80         386.891     382.122         386.903     382.071              80              80
   78        -209.423    -367.060        -209.465    -367.080              78              78
  106         397.208    1456.670         397.283    1456.635             106             106
  120         534.432     -26.975         534.425     -26.980             120             120
  216         197.959     107.130         197.973     107.151             216             216
  129         -45.470   -1282.140         -45.557   -1282.128             129             129
   22         156.935    -330.214         156.913    -330.252              22              22
  124        -343.931      11.322        -343.939      11.336             124             124
  215         312.344   -1422.968         312.229   -1423.038             215             215
   29        -226.041     956.669        -225.991     956.623              29              29
  105         440.115     337.572         440.110     337.522             105             105
  225        1149.131     336.723        1149.166     336.626             225             225
  101        -273.464     735.035        -273.390     735.074             101             101
  163         612.836    -876.675         612.781    -876.710             163             163
  127         569.437     -10.786         569.483     -10.846             127             127
  169        -355.702    -594.954        -355.686    -594.955             169             169
  218        -998.621      29.470        -998.590      29.492             218             218
  112       -1072.054     746.578       -1072.022     746.622             112             112
  115         105.088     790.604         105.111     790.591             115             115
  181          55.318     665.363          55.354     665.387             181             181
  118        -603.762     159.415        -603.790     159.513             118             118
  221         991.473    -872.893         991.365    -872.943             221             221
   65         706.176   -1021.470         706.107   -1021.563              65              65
   38         318.265     490.011         318.344     489.932              38              38
   78        -741.449     918.439        -741.358     918.502              78              78
  213         207.000      -0.020         207.000       0.000             213             213
  246        -741.263    -918.568        -741.356    -918.503             246             246
  135         318.427    -489.849         318.345    -489.932             135             135
   52         706.032    1021.664         706.105    1021.565              52              52
   37         991.246     873.000         991.363     872.946              37              37
   19        -603.821    -159.620        -603.791    -159.514              19              19
  194          55.395    -665.410          55.355    -665.386             194             194
  172         105.137    -790.576         105.112    -790.590             172             172
   72       -1071.982    -746.674       -1072.020    -746.623              72              72
   82        -998.555     -29.519        -998.590     -29.493              82              82
  224        -355.672     594.958        -355.688     594.956             224             224
  221         569.538      10.917         569.484      10.847             221             221
   99         612.712     876.753         612.779     876.711              99              99
  125        -273.296    -735.122        -273.388    -735.074             125             125
  190        1149.211    -336.501        1149.167    -336.623             190             190
  170         440.104    -337.455         440.110    -337.519             170             170
  155        -225.923    -956.564        -225.989    -956.623             155             155
  171         312.074    1423.132         312.226    1423.040             171             171
  252        -343.950     -11.355        -343.940     -11.336             252             252
  146         156.883     330.304         156.913     330.252             146             146
  230         -45.680    1282.110         -45.559    1282.128             230             230
   86         197.993    -107.180         197.973    -107.151              86              86
  174         534.415      26.989         534.425      26.982             174             174
   52         397.394   -1456.582         397.286   -1456.633              52              52
   57        -209.526     367.109        -209.464     367.080              57              57
  229         386.921    -381.993         386.904    -382.069             229             229
   40         -45.651     207.972         -45.606     207.914              40              40
  185         328.119    1095.847         328.252    1095.797             185             185
  192         388.419     459.213         388.515     459.214             192             192
  110          60.211    -245.718          60.261    -245.680             110             110
   46       -1179.595    -607.622       -1179.635    -607.484              46              46
  234         435.907    -985.440         435.797    -985.520             234             234
  173         -36.900    -282.949         -36.925    -283.026             173             173
  109        1562.004     366.602        1562.113     366.369             109             109
  170        -433.278     483.059        -433.098     483.077             170             170
   66        -581.088    -471.679        -581.046    -471.654              66              66
  116        -657.664    -268.442        -657.614    -268.475             116             116
  112       -1036.957    1692.405       -1036.723    1692.463             112             112
  184        -651.690    -408.169        -651.688    -408.133             184             184
    4       -2071.410    1346.840       -2071.289    1347.015               4               4
    6          17.266    1113.322          17.312    1113.355               6               6
  139         157.466    -274.182         157.421    -274.174             139             139
  150        -371.722     665.317        -371.653     665.368             150             150
   24         231.959    -257.645         231.940    -257.667              24              24
   32        -293.980     593.255        -293.880     593.283              32              32
  167        -483.473    -210.937        -483.477    -210.902             167             167
  116        -182.990    1275.263        -182.817    1275.280             116             116
   82       -1011.723     858.722       -1011.614     858.928              82              82
   95        -352.159    -832.477        -352.270    -832.357              95              95
  123        -298.979    -595.242        -299.041    -595.198             123             123
  207       -1076.151    -544.609       -1076.240    -544.516             207             207
   35         -11.470       8.967         -11.519       8.922              35              35
   49         237.331     250.261         237.364     250.215              49              49
  142       -1034.855    -794.796       -1034.971    -794.726             142             142
  160        1037.773     172.611        1037.804     172.383             160             160
   83       -1636.500     893.457       -1636.388     893.571              83              83
   99         646.321     799.688         646.385     799.567              99              99
  136        -191.513    1103.641        -191.352    1103.655             136             136
  241        -296.718     735.888        -296.608     735.947             241             241
  207         281.581     635.950         281.718     635.949             207             207
  225        -572.581     395.544        -572.416     395.647             225             225
  236       -2129.387     482.617       -2129.275     482.904             236             236
  182       -1807.638     616.301       -1807.639     616.557             182             182
   62         418.637    1281.327         418.766    1281.385              62              62
   41       -2535.882    -619.451       -2536.000    -619.000              41              41
  146       -1008.938    -779.145       -1009.211    -778.969             146             146
  240         471.539    -622.230         471.333    -622.316             240             240
  250        -141.070    1114.252        -140.981    1114.291             250             250
   74        -692.074    -727.967        -692.232    -727.818              74              74
  248        -493.217    -913.016        -493.433    -913.007             248             248
   91         -23.667    1447.650         -23.575    1447.634              91              91
   75        -298.267    -418.348        -298.416    -418.285              75              75
   47         734.360    1351.850         734.488    1351.818              47              47
   46        -492.547    -861.791        -492.659    -861.626              46              46
   34       -1028.547    -331.296       -1028.649    -331.117              34              34
  149        -714.323    -786.251        -714.551    -786.138             149             149
   48         -53.322    -253.300         -53.497    -253.276              48              48
  155         138.451   -1745.142         138.088   -1745.214             155             155
  129        1134.238    -221.520        1134.161    -221.812             129             129
  154        -952.630    -188.011        -952.700    -188.048             154             154
  120         547.543    2053.248         547.749    2053.102             120             120
  142        -819.960     134.060        -820.023     134.204             142             142
  174         307.267      33.419         307.144      33.376             174             174
  208         534.457    -399.765         534.315    -399.891             208             208
   24         613.678     753.505         613.741     753.372              24              24
  157          82.536    -746.047          82.410    -746.150             157             157
  116         227.254    1357.231         227.420    1357.069             116             116
  184        -154.787    1734.394        -154.572    1734.409             184             184
  123         492.514    1036.070         492.668    1036.090             123             123
   56       -1176.756    -545.709       -1176.846    -545.505              56              56
   23        -233.741     354.630        -233.762     354.611              23              23
  200        -841.343    1145.674        -841.280    1145.764             200             200
  126        -235.729    1467.184        -235.669    1467.277             126             126
  176         208.817     205.656         208.699     205.697             176             176
   26         597.814    1157.892         597.869    1157.872              26              26
   28         595.015     851.382         595.083     851.427              28              28
   33        -191.094     456.774        -191.075     456.974              33              33
   65        -691.963    -870.536        -692.241    -870.325              65              65
  248        1696.942     382.949        1696.880     382.766             248             248
  107         427.510    -197.168         427.472    -197.149             107             107
   65         212.225     315.868         212.258     315.932              65              65
  203        -249.540    -861.318        -249.718    -861.211             203             203
  121         509.126    -322.636         509.026    -322.737             121             121
  238          55.762    1582.769          55.982    1582.836             238             238
  157        -124.678    -742.527        -124.801    -742.360             157             157
   41       -1580.560    -886.672       -1580.826    -886.402              41              41
  191         740.808     298.328         740.645     298.227             191             191
  210        1046.170      66.248        1046.078      66.148             210             210
  111         423.071     120.060         423.032     120.095             111             111
   54         771.724   -1107.760         771.529   -1107.817              54              54
  245          17.405    -215.275          17.368    -215.269             245             245
  218        -161.786    -621.696        -161.921    -621.670             218             218
  162         206.620    -527.068         206.510    -527.165             162             162
   71        -888.404    1101.890        -888.296    1102.032              71              71
  207        -181.888    -519.204        -182.097    -519.105             207             207
  144        -244.819    -657.586        -245.064    -657.549             144             144
   83          33.175    -605.632          32.910    -605.718              83              83
  227        1226.985     502.348        1227.001     502.060             227             227
  218       -1493.016     846.916       -1492.956     847.131             218             218
   44        -377.776    1079.108        -377.810    1079.267              44              44
    1         -76.166   -1266.608         -76.568   -1266.546               1               1
  145        -523.195     462.531        -523.312     462.573             145             145
  181       -2296.645     650.344       -2296.927     650.754             181             181
  231          76.880    -194.345          76.267    -194.313             231             231
   52        1199.386     389.792        1198.901     389.632              52              52
   67        -128.272     -28.791        -128.937     -28.722              67              67
  241        1478.459     485.380        1477.625     485.216             241             241
   51         465.131    -818.150         463.311    -818.172              51              51
