SINAL     NFT                         FFT                         NFT INVERSA     FFT INVERSA
-----     -----------------------     -----------------------     -----------     -----------
   22       32150.000       0.000       32150.000       0.000              22              22
  189         591.972     169.736         591.979     169.736             189             189
   89        -128.485    -836.249        -128.478    -836.249              89              89
   87          44.540     132.312          44.547     132.310              87              87
   38         199.623    1189.651         199.632    1189.650              38              38
  199        1304.838     508.762        1304.847     508.761             199             199
  128        -586.991    -938.469        -586.985    -938.466             128             128
  245         109.192    -646.562         109.198    -646.564             245             245
  139       -1120.612     377.015       -1120.604     377.019             139             139
   74         640.588     188.312         640.594     188.310              74              74
   77         723.858   -1477.072         723.858   -1477.080              77              77
  231         -34.036    1852.795         -34.014    1852.793             231             231
  113        -132.401   -1102.973        -132.399   -1102.971             113             113
  174        -906.366     211.417        -906.356     211.420             174             174
  242       -1131.917      35.447       -1131.915      35.454             242             242
   11        1587.236     121.759        1587.240     121.742              11              11
  196         667.356      76.223         667.372      76.210             196             196
   22       -1652.084    1012.338       -1652.062    1012.351              22              22
  127        -895.002    1111.901        -894.992    1111.915             127             127
   60        1379.381   -1166.887        1379.368   -1166.903              60              60
    5        -111.168    1305.500        -111.144    1305.497               5               5
  215          32.928     290.078          32.935     290.083             215             215
  225        1070.866    -500.867        1070.866    -500.882             225             225
   28        1233.646     645.169        1233.673     645.152              28              28
  135        -521.055    -666.400        -521.041    -666.396             135             135
  150       -1028.314    1058.274       -1028.282    1058.285             150             150
   98       -1355.293     237.423       -1355.287     237.446              98              98
  211         797.719     954.177         797.735     954.169             211             211
  121         253.586    -453.618         253.594    -453.615             121             121
   71       -2009.837    -134.853       -2009.835    -134.819              71              71
   99         462.036     170.141         462.034     170.131              99              99
   88        -182.426     -35.427        -182.427     -35.430              88              88
   66          -5.776    1206.559          -5.753    1206.561              66              66
  172         -27.765    -433.136         -27.779    -433.131             172             172
  115         967.065     150.345         967.068     150.319             115             115
  152         181.713     467.811         181.728     467.799             152             152
   49         420.548    1655.560         420.586    1655.557              49              49
  245        1573.682     169.644        1573.699     169.626             245             245
  156         448.757      24.651         448.788      24.653             156             156
   93        -874.451     172.576        -874.426     172.608              93              93
   94        -412.085     307.180        -412.075     307.205              94              94
   78        1047.358    -493.114        1047.352    -493.131              78              78
   35         560.605     146.645         560.636     146.636              35              35
  244        -879.979     128.145        -879.955     128.181             244             244
  154        -275.724    -985.464        -275.749    -985.455             154             154
   42         536.854     228.426         536.867     228.398              42              42
  163         385.407    1251.535         385.455    1251.531             163             163
  251         863.751     -42.690         863.771     -42.695             251             251
  204         825.888    -207.290         825.924    -207.305             204             204
  251        -299.141     552.999        -299.071     553.025             251             251
  144        -942.044    -760.631        -942.021    -760.585             144             144
  149       -2035.310     352.184       -2035.276     352.262             149             149
   51        -991.706    -578.462        -991.723    -578.412              51              51
  179       -1040.916    -108.286       -1040.929    -108.234             179             179
  202          -8.029   -1472.115          -8.090   -1472.111             202             202
  247         355.966    -357.107         355.962    -357.136             247             247
  167        -920.756     571.283        -920.728     571.314             167             167
  240        -282.216    -770.804        -282.250    -770.797             240             240
  113          59.397     641.151          59.419     641.144             113             113
   52         -61.292     472.949         -61.272     472.973              52              52
   64        -359.798   -1447.784        -359.862   -1447.759              64              64
   79        1510.550    -415.898        1510.548    -415.978              79              79
  166        -333.257     793.937        -333.185     793.945             166             166
   16       -1132.098    -542.846       -1132.104    -542.798              16              16
  199          93.977     318.000          94.000     318.000             199             199
   54       -1305.838   -1552.914       -1305.905   -1552.879              54              54
  245         394.934    1533.026         394.982    1532.988             245             245
   51        1023.246    -508.891        1023.247    -508.942              51              51
  247        -978.757    1433.703        -978.664    1433.743             247             247
  185        -619.254     472.066        -619.226     472.118             185             185
  106       -1302.488     572.508       -1302.488     572.608             106             106
   17        1588.852   -1097.402        1588.788   -1097.443              17              17
   74         161.547    -273.781         161.565    -273.781              74              74
   46        -802.025    -287.929        -802.025    -287.886              46              46
    7         135.686     245.889         135.703     245.899               7               7
   46        -454.470    -618.375        -454.495    -618.330              46              46
  169         460.209    -727.894         460.181    -727.907             169             169
   74         159.762    -639.830         159.762    -639.840              74              74
   20        -444.979    -437.004        -444.959    -436.989              20              20
   89       -1627.923    -429.635       -1627.929    -429.561              89              89
    2       -1474.247    -611.302       -1474.317    -611.244               2               2
  173         348.677      74.008         348.632      73.973             173             173
  156         460.831    -339.183         460.784    -339.218             156             156
  205        1289.452    -483.474        1289.431    -483.567             205             205
  225         196.053     338.987         196.103     338.956             225             225
  194         184.208    -521.083         184.215    -521.114             194             194
   77        -302.960     234.381        -302.904     234.366              77              77
  232       -1313.544     233.272       -1313.516     233.320             232             232
   38        -511.436     854.015        -511.402     854.043              38              38
  160         213.035   -1076.467         212.974   -1076.502             160             160
   10       -1061.852    1527.609       -1061.770    1527.646              10              10
  108        -131.874    -174.677        -131.911    -174.669             108             108
   69        -542.438     334.084        -542.460     334.093              69              69
  150         962.824    1381.001         962.868    1380.945             150             150
   96         831.812     928.620         831.865     928.614              96              96
   69         733.762     -18.592         733.782     -18.580              69              69
  172         183.734    -219.479         183.752    -219.439             172             172
   63        -275.451   -1206.539        -275.513   -1206.495              63              63
   39         920.777    -936.211         920.747    -936.288              39              39
  194        -973.399     112.105        -973.367     112.151             194             194
   67         377.036   -1157.696         376.954   -1157.758              67              67
  212        1483.230     671.498        1483.323     671.345             212             212
    0        -309.535     523.175        -309.402     523.159              -0              -0
  121       -2184.647    2103.263       -2184.473    2103.435             121             121
  253          30.001    -912.507          29.941    -912.459             253             253
   49       -1303.203    -175.562       -1303.216    -175.474              49              49
   37        -502.063      -0.630        -502.105      -0.597              37              37
   78         634.907    -424.353         634.856    -424.420              78              78
  252        -142.066    1212.517        -141.989    1212.518             252             252
  139         876.141     304.630         876.178     304.598             139             139
  206        -924.708    -148.939        -924.712    -148.857             206             206
  250         855.365     656.904         855.403     656.871             250             250
  207         633.003    -263.726         633.021    -263.728             207             207
  229        -159.062    -822.358        -159.082    -822.338             229             229
   25         358.933    -199.936         358.958    -199.987              25              25
  137         175.305     845.737         175.427     845.719             137             137
   78         -40.917     938.120         -40.772     938.183              78              78
    3        -305.838   -1304.734        -305.847   -1304.666               3               3
  115       -1180.960     316.440       -1180.846     316.553             115             115
  226       -2700.577   -1063.644       -2700.656   -1063.415             226             226
   86         182.390    -172.972         182.346    -172.977              86              86
  125        -342.663   -1311.602        -342.734   -1311.589             125             125
    2       -1720.400    -655.352       -1720.448    -655.296               2               2
  135        -843.237    2050.805        -843.120    2050.859             135             135
   78        -588.187    -503.599        -588.291    -503.487              78              78
    6         805.847   -1949.885         805.655   -1949.980               6               6
   55         389.339     699.083         389.421     698.983              55              55
  170          38.354     508.246          38.463     508.235             170             170
   63       -2462.000      -0.215       -2462.000       0.000              63              63
   46          38.575    -508.220          38.464    -508.233              46              46
  137         389.507    -698.879         389.422    -698.982             137             137
  156         805.449    1950.081         805.651    1949.982             156             156
   56        -588.402     503.367        -588.291     503.486              56              56
  138        -842.988   -2050.921        -843.116   -2050.861             138             138
  210       -1720.502     655.230       -1720.449     655.293             210             210
  165        -342.817    1311.574        -342.737    1311.589             165             165
  171         182.295     172.985         182.345     172.978             171             171
   18       -2700.750    1063.141       -2700.658    1063.409              18              18
  183       -1180.711    -316.689       -1180.845    -316.556             183             183
  244        -305.859    1304.584        -305.848    1304.664             244             244
   21         -40.596    -938.258         -40.771    -938.183              21              21
  192         175.580    -845.695         175.429    -845.718             192             192
   70         358.989     200.053         358.958     199.988              70              70
  150        -159.108     822.310        -159.083     822.337             150             150
   85         633.044     263.731         633.021     263.729              85              85
  106         855.455    -656.823         855.405    -656.868             106             106
   40        -924.717     148.746        -924.712     148.856              40              40
   70         876.229    -304.555         876.179    -304.597              70              70
  131        -141.878   -1212.519        -141.986   -1212.518             131             131
  163         634.783     424.515         634.854     424.422             163             163
   90        -502.164       0.548        -502.104       0.596              90              90
  215       -1303.235     175.342       -1303.216     175.470             215             215
  208          29.852     912.390          29.940     912.460             208             208
  146       -2184.208   -2103.697       -2184.468   -2103.439             146             146
  218        -309.197    -523.135        -309.399    -523.159             218             218
  164        1483.471    -671.107        1483.326    -671.342             164             164
  138         376.824    1157.856         376.951    1157.759             138             138
   24        -973.317    -112.224        -973.367    -112.152              24              24
  177         920.699     936.412         920.746     936.289             177             177
  144        -275.616    1206.423        -275.515    1206.495             144             144
  193         183.783     219.373         183.752     219.439             193             193
    3         733.817      18.566         733.782      18.583               3               3
  184         831.961    -928.602         831.867    -928.613             184             184
  140         962.951   -1380.842         962.871   -1380.942             140             140
  215        -542.496    -334.110        -542.459    -334.094             215             215
   70        -131.978     174.653        -131.911     174.669              70              70
   43       -1061.613   -1527.718       -1061.766   -1527.648              43              43
  128         212.858    1076.568         212.972    1076.503             128             128
   56        -511.337    -854.096        -511.402    -854.043              56              56
    1       -1313.459    -233.416       -1313.514    -233.322               1               1
  113        -302.794    -234.337        -302.903    -234.366             113             113
   80         184.227     521.178         184.214     521.115              80              80
  141         196.205    -338.892         196.103    -338.956             141             141
  229        1289.385     483.767        1289.430     483.570             229             229
    5         460.684     339.294         460.784     339.219               5               5
  234         348.533     -73.895         348.631     -73.972             234             234
  226       -1474.471     611.114       -1474.317     611.242             226             226
  222       -1627.944     429.390       -1627.930     429.559             222             222
   97        -444.917     436.954        -444.961     436.989              97              97
   24         159.759     639.866         159.760     639.841              24              24
  230         460.113     727.942         460.180     727.909             230             230
  207        -454.559     618.220        -454.497     618.329             207             207
  171         135.746    -245.924         135.704    -245.899             171             171
   66        -802.022     287.774        -802.024     287.884              66              66
   28         161.611     273.782         161.564     273.782              28              28
  128        1588.618    1097.557        1588.786    1097.448             128             128
   35       -1302.486    -572.876       -1302.486    -572.610              35              35
  218        -619.147    -472.263        -619.224    -472.120             218             218
  212        -978.404   -1433.854        -978.662   -1433.745             212             212
  246        1023.245     509.088        1023.244     508.944             246             246
  205         395.125   -1532.878         394.986   -1532.987             205             205
  153       -1306.107    1552.773       -1305.909    1552.876             153             153
   41          94.069    -318.001          94.000    -318.000              41              41
  222       -1132.126     542.642       -1132.105     542.795             222             222
   14        -332.956    -793.974        -333.183    -793.946              14              14
  147        1510.537     416.238        1510.547     415.980             147             147
   11        -360.074    1447.681        -359.863    1447.760              11              11
   47         -61.201    -473.056         -61.271    -472.974              47              47
   97          59.496    -641.117          59.420    -641.142              97              97
  191        -282.372     770.769        -282.252     770.795             191             191
   63        -920.624    -571.426        -920.727    -571.315              63              63
  181         355.946     357.247         355.961     357.137             181             181
   87          -8.327    1472.094          -8.093    1472.111              87              87
  238       -1040.977     108.028       -1040.929     108.231             238             238
   12        -991.797     578.212        -991.725     578.410              12              12
  225       -2035.135    -352.590       -2035.275    -352.267             225             225
  218        -941.927     760.393        -942.022     760.584             218             218
  175        -298.774    -553.138        -299.068    -553.026             175             175
   32         826.078     207.370         825.924     207.305              32              32
  179         863.862      42.725         863.772      42.697             179             179
  177         385.686   -1251.510         385.458   -1251.530             177             177
   59         536.924    -228.269         536.867    -228.398              59              59
   12        -275.870     985.408        -275.749     985.454              12              12
  228        -879.835    -128.368        -879.955    -128.184             228             228
   58         560.794    -146.585         560.637    -146.634              58              58
   53        1047.320     493.224        1047.352     493.134              53              53
    6        -412.025    -307.339        -412.075    -307.205               6               6
   33        -874.286    -172.787        -874.425    -172.609              33              33
  217         448.967     -24.657         448.789     -24.651             217             217
   61        1573.802    -169.507        1573.700    -169.622              61              61
  180         420.828   -1655.536         420.589   -1655.556             180             180
   55         181.829    -467.726         181.730    -467.799              55              55
  171         967.089    -150.142         967.068    -150.317             171             171
  207         -27.877     433.095         -27.780     433.130             207             207
   35          -5.587   -1206.573          -5.752   -1206.561              35              35
  225        -182.426      35.444        -182.427      35.429             225             225
   47         462.013    -170.042         462.033    -170.129              47              47
   60       -2009.821     134.528       -2009.836     134.814              60              60
  209         253.665     453.598         253.594     453.616             209             209
  144         797.889    -954.097         797.738    -954.168             144             144
   35       -1355.241    -237.656       -1355.287    -237.447              35              35
  115       -1027.977   -1058.396       -1028.279   -1058.287             115             115
  122        -520.911     666.351        -521.043     666.396             122             122
  248        1233.967    -644.955        1233.676    -645.148             248             248
  182        1070.850     501.047        1070.865     500.884             182             182
  182          33.013    -290.134          32.936    -290.082             182             182
   47        -110.849   -1305.472        -111.142   -1305.497              47              47
   36        1379.200    1167.124        1379.366    1166.906              36              36
  190        -894.855   -1112.113        -894.990   -1111.916             190             190
   74       -1651.749   -1012.549       -1652.059   -1012.355              74              74
  228         667.612     -76.017         667.372     -76.210             228             228
   81        1587.304    -121.426        1587.240    -121.738              81              81
  136       -1131.899     -35.577       -1131.916     -35.455             136             136
  160        -906.160    -211.489        -906.355    -211.422             160             160
  229        -132.359    1102.939        -132.400    1102.971             229             229
   45         -33.484   -1852.744         -34.010   -1852.792              45              45
   71         723.828    1477.289         723.855    1477.082              71              71
  121         640.750    -188.224         640.595    -188.306             121             121
  168       -1120.349    -377.146       -1120.604    -377.020             168             168
  125         109.387     646.640         109.196     646.565             125             125
  145        -586.763     938.313        -586.987     938.465             145             145
  122        1305.331    -508.640        1304.849    -508.757             122             122
   66         200.222   -1189.591         199.634   -1189.649              66              66
  239          45.124    -132.190          44.546    -132.310             239             239
  177        -127.741     836.268        -128.480     836.249             177             177
  203         593.728    -169.645         591.980    -169.734             203             203
