SINAL     NFT                         FFT                         NFT INVERSA     FFT INVERSA
-----     -----------------------     -----------------------     -----------     -----------
  203       33256.000       0.000       33256.000       0.000             203             203
   40        -365.525     481.961        -365.518     481.961              40              40
  243       -1505.698    -260.586       -1505.692    -260.584             243             243
  196         303.080    -133.332         303.086    -133.332             196             196
   18        -489.695    -654.370        -489.691    -654.368              18              18
  204         -15.435    -881.623         -15.433    -881.624             204             204
   27         141.768     578.824         141.774     578.822              27              27
   27        1153.042     327.728        1153.050     327.724              27              27
  206        -702.293    -414.746        -702.289    -414.742             206             206
   60         455.447    -515.077         455.447    -515.081              60              60
   57         939.928      85.811         939.933      85.803              57              57
   74         608.457     472.108         608.464     472.102              74              74
  183        1769.761     501.186        1769.772     501.173             183             183
   97         842.219     652.596         842.238     652.591              97              97
  140       -1333.986     338.816       -1333.974     338.831             140             140
  178        1107.495     316.221        1107.502     316.216             178             178
   85         -37.943    -530.625         -37.942    -530.622              85              85
   36        1431.995     179.258        1432.006     179.243              36              36
  223        -178.220     455.344        -178.203     455.351             223             223
  192        1096.619    -707.617        1096.622    -707.628             192             192
  186         766.229     309.693         766.253     309.681             186             186
   10       -1104.558     704.599       -1104.533     704.613              10              10
   86         232.095     583.234         232.114     583.236              86              86
  253        -210.422     915.223        -210.400     915.237             253             253
  105        1096.052    -440.379        1096.065    -440.383             105             105
   86       -1564.053    -638.491       -1564.045    -638.465              86              86
  139          64.535    1332.697          64.566    1332.703             139             139
   67       -1031.787    -761.912       -1031.792    -761.884              67              67
  209         846.238     594.368         846.260     594.364             209             209
  108       -1122.622    -612.129       -1122.618    -612.095             108             108
  238        -904.616    -879.451        -904.632    -879.430             238             238
   23         608.095     210.139         608.098     210.130              23              23
   25         919.393    -613.482         919.398    -613.499              25              25
  240       -1001.974     203.988       -1001.950     204.008             240             240
  167        -408.335      60.735        -408.323      60.744             167             167
  220        -899.768    1219.538        -899.735    1219.571             220             220
   16        -481.740    -876.665        -481.763    -876.637              16              16
   98         205.063    -143.913         205.059    -143.915              98              98
   23         457.917     971.521         457.953     971.530              23              23
  249       -1128.330   -1504.523       -1128.358   -1504.476             249             249
   61        -136.542    -297.296        -136.552    -297.285              61              61
  175        -492.524   -1257.556        -492.560   -1257.541             175             175
  234         169.596    -545.506         169.572    -545.522             234             234
   24         508.993      59.510         508.993      59.483              24              24
  177         772.450    1477.712         772.501    1477.705             177             177
  206         157.706   -1657.358         157.679   -1657.341             206             206
  127          33.126   -1232.979          33.112   -1232.993             127             127
  103        -215.245     -45.146        -215.218     -45.164             103             103
  206       -1854.271     860.157       -1854.235     860.209             206             206
    0          47.159   -1055.223          47.125   -1055.237              -0              -0
  143       -1453.795    1305.745       -1453.757    1305.774             143             143
   63       -1003.279     878.565       -1003.284     878.610              63              63
    0         713.362    -379.264         713.311    -379.277              -0               0
  251        1528.208     452.725        1528.215     452.679             251             251
  110         767.466     -31.824         767.485     -31.839             110             110
   43        -457.050      55.718        -457.031      55.744              43              43
  194        -261.907    -450.049        -261.925    -450.033             194             194
  133         487.977    -229.333         487.969    -229.353             133             133
  205          85.947    -104.974          85.949    -104.984             205             205
   39         430.219      33.166         430.235      33.137              39              39
   48        -361.306     678.132        -361.267     678.137              48              48
   61         401.789     628.175         401.834     628.163              61              61
  106       -1536.289     882.714       -1536.248     882.798             106             106
  167         174.101    -614.343         174.066    -614.329             167             167
  228        -484.988    -117.018        -485.000    -117.000             228             228
  253          75.141     724.503          75.160     724.506             253             253
   83        -759.133     224.290        -759.156     224.342              83              83
  218        2176.572     -66.464        2176.554     -66.546             218             218
  185         757.187    1374.039         757.283    1374.049             185             185
  151        -183.725   -1917.727        -183.772   -1917.678             151             151
   98       -1125.126    -891.878       -1125.161    -891.837              98              98
   54        1036.617    -122.773        1036.617    -122.831              54              54
  205        -266.257   -1030.245        -266.276   -1030.263             205             205
   76         279.065    1268.316         279.165    1268.274              76              76
  206       -2004.908     221.984       -2004.877     222.074             206             206
  177         -70.679     987.824         -70.634     987.831             177             177
  128       -1125.648     316.112       -1125.630     316.187             128             128
   58        -886.702    -374.609        -886.740    -374.563              58              58
  167        -564.754    1303.246        -564.716    1303.291             167             167
  148        -496.088    -753.972        -496.162    -753.925             148             148
  237         121.254      26.992         121.218      26.978             237             237
  136         764.620     457.574         764.638     457.531             136             136
  210        -674.498     269.602        -674.475     269.634             210             210
   88        -919.224    1037.018        -919.185    1037.074              88              88
  142       -1008.816     640.841       -1008.828     640.923             142             142
   98        -543.054     697.275        -543.096     697.346              98              98
  250        1173.157     167.075        1173.098     167.066             250             250
   44        1062.215   -1227.932        1062.124   -1227.970              44              44
  250         663.428     505.840         663.464     505.799             250             250
   44       -1100.532     300.414       -1100.532     300.491              44              44
  190         -28.347     221.817         -28.402     221.828             190             190
   43        1659.498    1374.269        1659.535    1374.211              43              43
   20        1252.574    -179.794        1252.582    -179.808              20              20
  139           6.745     168.108           6.795     168.163             139             139
   20       -1641.213   -1064.966       -1641.289   -1064.833              20              20
  209          33.425      30.906          33.368      30.908             209             209
   23         -15.390     852.460         -15.398     852.501              23              23
  129        1202.671    -673.214        1202.595    -673.239             129             129
  214       -1263.950    -110.571       -1264.020    -110.455             214             214
   88        1828.653    -640.703        1828.525    -640.789              88              88
  112        1143.689    -568.566        1143.607    -568.634             112             112
  235        1577.346     276.026        1577.328     275.932             235             235
   21        2546.249     130.532        2546.281     130.398              21              21
   59         827.127    -594.078         827.156    -594.108              59              59
  157         256.260      78.244         256.319      78.242             157             157
  218         165.100     100.596         165.151     100.622             218             218
  168        -706.697    -715.062        -706.734    -714.983             168             168
  153         274.182    -197.849         274.157    -197.842             153             153
  235        -203.363   -1688.375        -203.503   -1688.383             235             235
  117         573.827    1182.487         573.869    1182.411             117             117
  135        1529.725    1134.646        1529.796    1134.594             135             135
   29        1391.434    -770.493        1391.435    -770.516              29              29
   56        -656.998   -1255.929        -657.040   -1255.854              56              56
    3         300.007    -944.588         299.955    -944.626               3               3
  190        -318.838    -321.566        -318.850    -321.572             190             190
  178        -296.238    -336.824        -296.288    -336.841             178             178
  216         751.595     994.227         751.642     994.167             216             216
   73         444.290    -867.004         444.208    -867.036              73              73
  128        1162.732     505.207        1162.762     505.109             128             128
  209        2088.153    -835.345        2088.167    -835.525             209             209
  136        -968.933     392.551        -968.805     392.570             136             136
  138        -811.418    1551.406        -811.278    1551.468             138             138
  169          -4.250      -5.337          -4.251      -5.306             169             169
   33        -521.414     -47.244        -521.440     -47.211              33              33
    2        1137.374    1284.610        1137.467    1284.528               2               2
   11         451.378     536.570         451.467     536.581              11              11
  228        -443.730     580.019        -443.639     580.117             228             228
  203       -1548.013     113.536       -1548.049     113.731             203             203
   19        2442.000       0.137        2442.000       0.000              19              19
  100       -1548.083    -113.936       -1548.047    -113.735             100             100
  162        -443.541    -580.217        -443.637    -580.117             162             162
   22         451.562    -536.593         451.468    -536.581              22              22
   67        1137.569   -1284.439        1137.469   -1284.527              67              67
   20        -521.469      47.174        -521.440      47.210              20              20
  216          -4.253       5.271          -4.251       5.306             216             216
   49        -811.118   -1551.540        -811.274   -1551.470              49              49
  166        -968.658    -392.593        -968.804    -392.571             166             166
  192        2088.182     835.740        2088.166     835.530             192             192
  248        1162.801    -504.991        1162.765    -505.106             248             248
   96         444.108     867.074         444.206     867.037              96              96
  182         751.701    -994.092         751.644    -994.166             182             182
    2        -296.350     336.859        -296.288     336.839               2               2
   61        -318.867     321.578        -318.852     321.571              61              61
  160         299.887     944.673         299.954     944.626             160             160
    9        -657.097    1255.756        -657.042    1255.854               9               9
  125        1391.435     770.550        1391.434     770.518             125             125
  166        1529.895   -1134.518        1529.799   -1134.590             166             166
  144         573.928   -1182.308         573.872   -1182.411             144             144
  203        -203.699    1688.393        -203.506    1688.382             203             203
   21         274.122     197.833         274.157     197.842              21              21
  201        -706.787     714.868        -706.736     714.981             201             201
  178         165.225    -100.659         165.152    -100.621             178             178
  163         256.405     -78.240         256.319     -78.242             163             163
  244         827.197     594.156         827.155     594.110             244             244
  247        2546.329    -130.188        2546.281    -130.392             247             247
   34        1577.301    -275.783        1577.329    -275.928              34              34
  125        1143.478     568.742        1143.606     568.635             125             125
  185        1828.319     640.931        1828.523     640.792             185             185
  102       -1264.135     110.267       -1264.021     110.454             102             102
   33        1202.467     673.282        1202.592     673.241              33              33
  135         -15.410    -852.570         -15.397    -852.501             135             135
  111          33.272     -30.914          33.368     -30.909             111             111
   77       -1641.428    1064.598       -1641.292    1064.830              77              77
  121           6.882    -168.261           6.794    -168.164             121             121
  190        1252.593     179.835        1252.580     179.809             190             190
  156        1659.608   -1374.102        1659.537   -1374.208             156             156
  151         -28.505    -221.850         -28.402    -221.829             151             151
  182       -1100.534    -300.639       -1100.533    -300.493             182             182
  247         663.534    -505.719         663.465    -505.798             247             247
   80        1061.939    1228.049        1062.120    1227.972              80              80
   25        1172.981    -167.046        1173.097    -167.064              25              25
   63        -543.178    -697.491        -543.095    -697.348              63              63
  228       -1008.852    -641.095       -1008.827    -640.926             228             228
  238        -919.103   -1037.196        -919.183   -1037.077             238             238
  255        -674.427    -269.706        -674.476    -269.636             255             255
  124         764.680    -457.435         764.639    -457.529             124             124
  159         121.141     -26.948         121.218     -26.978             159             159
  109        -496.331     753.817        -496.164     753.924             109             109
  145        -564.629   -1303.393        -564.715   -1303.291             145             145
  214        -886.830     374.453        -886.741     374.561             214             214
  246       -1125.588    -316.372       -1125.630    -316.191             246             246
   90         -70.522    -987.850         -70.632    -987.832              90              90
   36       -2004.800    -222.301       -2004.876    -222.079              36              36
  191         279.421   -1268.168         279.168   -1268.273             191             191
  190        -266.326    1030.311        -266.278    1030.264             190             190
   61        1036.619     122.987        1036.617     122.834              61              61
   62       -1125.256     891.724       -1125.163     891.834              62              62
   40        -183.904    1917.544        -183.776    1917.677              40              40
  186         757.552   -1374.074         757.286   -1374.048             186             186
  177        2176.502      66.781        2176.553      66.550             177             177
  119        -759.221    -224.493        -759.155    -224.343             119             119
  121          75.217    -724.514          75.161    -724.506             121             121
  230        -485.037     116.945        -485.000     117.000             230             230
   74         173.953     614.288         174.064     614.329              74              74
  191       -1536.113    -883.066       -1536.245    -882.800             191             191
  160         401.981    -628.125         401.835    -628.163             160             160
  107        -361.134    -678.159        -361.265    -678.139             107             107
   72         430.283     -33.039         430.233     -33.136              72              72
  102          85.960     105.021          85.950     104.985             102             102
   88         487.940     229.429         487.968     229.355              88              88
  242        -261.991     449.975        -261.926     450.032             242             242
    0        -456.966     -55.846        -457.032     -55.746              -0              -0
  253         767.554      31.900         767.485      31.840             253             253
  149        1528.243    -452.497        1528.216    -452.676             149             149
   59         713.111     379.331         713.311     379.279              59              59
   69       -1003.303    -878.795       -1003.283    -878.612              69              69
  218       -1453.597   -1305.901       -1453.754   -1305.776             218             218
  174          46.976    1055.296          47.122    1055.238             174             174
  241       -1854.079    -860.437       -1854.234    -860.210             241             241
  249        -215.099      45.240        -215.218      45.163             249             249
   60          33.040    1233.061          33.109    1232.995              60              60
  147         157.538    1657.267         157.675    1657.342             147             147
  123         772.757   -1477.670         772.504   -1477.704             123             123
  255         508.990     -59.348         508.992     -59.482             255             255
  183         169.454     545.604         169.572     545.522             183             183
  143        -492.762    1257.460        -492.565    1257.540             143             143
  136        -136.603     297.221        -136.552     297.284             136             136
  193       -1128.526    1504.200       -1128.362    1504.472             193             193
  160         458.163    -971.579         457.955    -971.529             160             160
   20         205.032     143.920         205.058     143.913              20              20
   24        -481.907     876.463        -481.764     876.636              24              24
  240        -899.522   -1219.786        -899.733   -1219.573             240             240
    4        -408.244     -60.805        -408.323     -60.744               4               4
  112       -1001.786    -204.147       -1001.949    -204.011             112             112
  107         919.432     613.619         919.397     613.499             107             107
  159         608.124    -210.058         608.098    -210.129             159             159
  113        -904.768     879.268        -904.634     879.429             113             113
  128       -1122.591     611.814       -1122.620     612.092             128             128
  209         846.439    -594.322         846.261    -594.363             209             209
   17       -1031.843     761.627       -1031.794     761.881              17              17
  208          64.862   -1332.760          64.570   -1332.704             208             208
  192       -1563.970     638.211       -1564.046     638.460             192             192
  114        1096.186     440.426        1096.064     440.384             114             114
  245        -210.146    -915.383        -210.396    -915.239             245             245
  126         232.317    -583.246         232.115    -583.235             126             126
   36       -1104.236    -704.789       -1104.530    -704.616              36              36
   59         766.547    -309.525         766.254    -309.679              59              59
   48        1096.656     707.780        1096.622     707.630              48              48
  194        -177.978    -455.430        -178.202    -455.350             194             194
  149        1432.170    -179.023        1432.008    -179.241             149             149
   17         -37.922     530.570         -37.943     530.622              17              17
  198        1107.633    -316.122        1107.503    -316.214             198             198
   42       -1333.767    -339.104       -1333.974    -338.833              42              42
  135         842.620    -652.488         842.240    -652.589             135             135
   51        1770.013    -500.882        1769.773    -501.170              51              51
  119         608.638    -471.964         608.465    -472.101             119             119
   39         940.041     -85.587         939.933     -85.801              39              39
   60         455.430     515.185         455.445     515.081              60              60
   15        -702.186     414.592        -702.290     414.741              15              15
   97        1153.309    -327.573        1153.050    -327.722              97              97
   32         142.037    -578.749         141.775    -578.821              32              32
  253         -15.343     881.668         -15.435     881.624             253             253
  179        -489.441     654.240        -489.692     654.367             179             179
  132         303.542     133.313         303.085     133.332             132             132
  224       -1504.919     260.253       -1505.693     260.583             224             224
   76        -363.636    -482.079        -365.517    -481.962              76              76
