SINAL     NFT                         FFT                         NFT INVERSA     FFT INVERSA
-----     -----------------------     -----------------------     -----------     -----------
    2       32673.000       0.000       32673.000       0.000               2               2
  163         -63.238     429.578         -63.231     429.579             163             163
  196         956.493   -1780.999         956.498   -1781.000             196             196
  107         154.616     909.103         154.625     909.101             107             107
   29       -1042.742    1044.770       -1042.733    1044.773              29              29
  191        1425.680    -428.273        1425.685    -428.276             191             191
   71         550.879    -175.950         550.888    -175.953              71              71
  135         324.464    1403.738         324.480    1403.737             135             135
  146       -1608.468      86.373       -1608.457      86.384             146             146
  233       -1097.078    -319.837       -1097.075    -319.828             233             233
  152        -108.586    -657.884        -108.588    -657.882             152             152
  124         944.395    -838.718         944.394    -838.725             124             124
   35         125.578    -546.174         125.583    -546.179              35              35
  204        -388.316     814.555        -388.303     814.556             204             204
   11        -356.143    -805.702        -356.146    -805.701              11              11
  223         755.743    1082.864         755.757    1082.855             223             223
  129          11.606    -491.115          11.608    -491.113             129             129
  152         122.688    -844.741         122.683    -844.748             152             152
  116         813.917     438.133         813.928     438.115             116             116
  133         956.533     457.798         956.550     457.780             133             133
   10        -130.293    1033.818        -130.265    1033.817              10              10
  124        -529.746     -82.136        -529.736     -82.132             124             124
  208        -319.141    1713.518        -319.113    1713.523             208             208
  156         463.115     489.430         463.127     489.437             156             156
   55         -48.760    -988.392         -48.765    -988.382              55              55
   91         -82.934   -1057.533         -82.944   -1057.538              91              91
  174         495.775     549.829         495.793     549.809             174             174
  232        -674.065     970.835        -674.042     970.844             232             232
   18         120.399     125.112         120.399     125.112              18              18
  109        1464.423     666.527        1464.443     666.504             109             109
   83        -366.909     909.848        -366.876     909.869              83              83
  124        -570.765   -1097.361        -570.788   -1097.337             124             124
  210        1931.139    -840.951        1931.125    -840.994             210             210
  168         615.885    -248.750         615.901    -248.772             168             168
  176         503.909    -170.491         503.929    -170.515             176             176
  104         202.020     828.895         202.063     828.881             104             104
  160          34.090    1445.935          34.148    1445.950             160             160
   50         -93.360   -2447.577         -93.396   -2447.575              50              50
  185         342.235    1085.121         342.286    1085.092             185             185
   88         106.096     781.414         106.149     781.414              88              88
   30        -954.329    -518.732        -954.312    -518.710              30              30
   85        -825.955    1209.658        -825.905    1209.679              85              85
  248        -684.130    -190.842        -684.125    -190.816             248             248
  198         556.214      -1.752         556.235      -1.766             198             198
  219       -1532.373    -726.700       -1532.372    -726.673             219             219
  124        -995.178    1440.847        -995.145    1440.858             124             124
  114         822.491    1184.549         822.522    1184.532             114             114
  134        1027.191     844.335        1027.241     844.324             134             134
  223        -358.239     343.806        -358.189     343.843             223             223
  161        -685.370    -410.008        -685.352    -409.971             161             161
  107        -297.387     755.059        -297.328     755.089             107             107
  211       -2002.567   -1304.849       -2002.585   -1304.771             211             211
   35       -1712.770     429.924       -1712.767     429.978              35              35
  197         545.001     495.055         545.009     495.051             197             197
  240        -463.741    -159.914        -463.731    -159.878             240             240
  128       -1507.859    -438.298       -1507.880    -438.237             128             128
  229         205.233     614.913         205.235     614.925             229             229
   31         698.080   -1168.909         698.042   -1168.918              31              31
  118        -184.570     183.713        -184.545     183.722             118             118
   39        -467.231     367.067        -467.208     367.110              39              39
  135         282.913   -1197.069         282.881   -1197.053             135             135
   14        -386.233   -1220.656        -386.259   -1220.644              14              14
  116        -183.078    -480.095        -183.070    -480.105             116             116
  143       -1115.750      82.407       -1115.722      82.442             143             143
   74       -1792.986     -64.082       -1793.000     -64.000              74              74
  181        -276.600   -1343.170        -276.693   -1343.169             181             181
  219        1159.074      96.802        1159.071      96.725             219             219
   74        -452.614     117.688        -452.601     117.692              74              74
  216        1010.194     173.880        1010.220     173.827             216             216
    5        -550.310     -58.445        -550.277     -58.429               5               5
   30        -436.378     593.368        -436.325     593.392              30              30
  172        -866.494    -650.090        -866.504    -650.047             172             172
  239        -476.965     -62.429        -476.951     -62.417             239             239
   69       -1346.473     274.061       -1346.454     274.129              69              69
    4       -1005.674   -1123.176       -1005.748   -1123.138               4               4
   12        -304.914      56.762        -304.939      56.745              12              12
   60         728.585      -2.659         728.591      -2.726              60              60
  236       -1933.437    1075.442       -1933.393    1075.523             236             236
  212         452.287     355.461         452.271     355.448             212             212
   63         -54.436    -336.727         -54.469    -336.730              63              63
   34        1006.830     929.001        1006.890     928.947              34              34
  147       -1170.593     355.940       -1170.561     356.028             147             147
   34         289.583    -892.212         289.532    -892.220              34              34
  109        -128.015     407.133        -127.972     407.135             109             109
   50       -1662.191    -266.696       -1662.214    -266.604              50              50
   24        -348.718      67.662        -348.771      67.676              24              24
  226        1705.650     457.426        1705.656     457.351             226             226
   78         815.984   -1987.734         815.926   -1987.802              78              78
   14       -1598.558    1334.071       -1598.452    1334.117              14              14
   92          66.912     508.897          66.945     508.898              92              92
   96       -1055.786     -55.040       -1055.785     -54.977              96              96
  151        -652.969      41.501        -652.992      41.529             151             151
  176         546.982     380.448         547.001     380.404             176             176
   20       -1499.068     629.205       -1499.046     629.296              20              20
   49         551.757     179.828         551.734     179.796              49              49
  248          86.405    1536.653          86.502    1536.683             248             248
   17        -999.080    -511.114        -999.125    -510.995              17              17
  186        -470.379    -129.951        -470.440    -129.881             186             186
  199         806.166   -1219.892         806.050   -1219.926             199             199
  176        -174.367    -591.832        -174.436    -591.843             176             176
  118        1031.728      82.162        1031.706      82.072             118             118
  203         705.412     272.424         705.433     272.377             203             203
   94         626.152    -666.356         626.128    -666.411              94              94
   47          50.556     205.628          50.593     205.589              47              47
  113         -34.717     736.579         -34.666     736.563             113             113
  164        1259.671    1025.314        1259.767    1025.252             164             164
  140          91.764     -57.731          91.823     -57.693             140             140
  140        -184.199    -643.907        -184.179    -643.879             140             140
   55       -1356.537     -84.326       -1356.513     -84.237              55              55
  124        -352.918     -49.446        -352.925     -49.431             124             124
   50        -411.278     466.003        -411.254     466.037              50              50
  190         708.435    -637.650         708.416    -637.710             190             190
  249       -1532.404    1013.890       -1532.310    1013.989             249             249
  245        -529.595     747.952        -529.577     748.035             245             245
   12         104.567    -601.317         104.488    -601.285              12              12
  193         358.166      -2.668         358.146      -2.676             193             193
   59         978.473    -223.019         978.485    -223.074              59              59
  109        -651.323    -230.415        -651.298    -230.360             109             109
  211        -393.040     147.928        -393.016     147.963             211             211
   90        -701.160     721.978        -701.121     722.076              90              90
  101         556.426    -598.858         556.369    -598.838             101             101
   95        -133.820    -769.031        -133.872    -768.983              95              95
  100         480.710    -949.595         480.658    -949.617             100             100
   34        -389.012    -819.275        -389.049    -819.250              34              34
  134         593.864    -739.848         593.854    -739.906             134             134
  107        -950.965   -1503.384        -951.016   -1503.365             107             107
   92       -1831.643     495.341       -1831.606     495.434              92              92
  103        -453.791   -1373.158        -453.964   -1373.180             103             103
  184        1177.000       0.213        1177.000       0.000             184             184
   37        -454.146    1373.203        -453.967    1373.181              37              37
   29       -1831.568    -495.536       -1831.606    -495.438              29              29
  167        -951.073    1503.342        -951.019    1503.363             167             167
  181         593.842     739.970         593.853     739.907             181             181
   44        -389.092     819.220        -389.051     819.249              44              44
  172         480.598     949.643         480.657     949.618             172             172
  158        -133.931     768.928        -133.873     768.982             158             158
  254         556.302     598.817         556.367     598.839             254             254
  122        -701.072    -722.189        -701.119    -722.077             122             122
  123        -392.988    -148.003        -393.016    -147.963             123             123
  188        -651.270     230.292        -651.299     230.358             188             188
   31         978.497     223.143         978.483     223.076              31              31
  207         358.124       2.689         358.148       2.678             207             207
  184         104.388     601.246         104.487     601.285             184             184
   71        -529.551    -748.140        -529.575    -748.036              71              71
  110       -1532.188   -1014.120       -1532.309   -1013.991             110             110
   90         708.389     637.791         708.415     637.712              90              90
  133        -411.220    -466.085        -411.252    -466.038             133             133
  198        -352.935      49.408        -352.925      49.429             198             198
  240       -1356.479      84.113       -1356.513      84.236             240             240
   93        -184.153     643.839        -184.180     643.878              93              93
  248          91.908      57.640          91.824      57.694             248             248
  160        1259.908   -1025.160        1259.769   -1025.249             160             160
  101         -34.591    -736.540         -34.666    -736.563             101             101
  223          50.646    -205.531          50.592    -205.588             223             223
  226         626.091     666.495         626.127     666.412             226             226
  107         705.466    -272.302         705.433    -272.374             107             107
  140        1031.671     -81.931        1031.705     -82.071             140             140
   62        -174.546     591.859        -174.437     591.843              62              62
  149         805.861    1219.981         806.049    1219.927             149             149
  177        -470.540     129.765        -470.441     129.881             177             177
  168        -999.201     510.795        -999.125     510.994             168             168
  149          86.672   -1536.732          86.505   -1536.682             149             149
  162         551.695    -179.739         551.734    -179.795             162             162
  126       -1499.006    -629.460       -1499.045    -629.299             126             126
  104         547.036    -380.323         547.001    -380.403             104             104
    5        -653.036     -41.581        -652.993     -41.530               5               5
  239       -1055.783      54.856       -1055.785      54.974             239             239
  254          67.011    -508.898          66.947    -508.897             254             254
  226       -1598.245   -1334.207       -1598.450   -1334.118             226             226
  254         815.805    1987.939         815.921    1987.805             254             254
  150        1705.669    -457.197        1705.656    -457.348             150             150
   39        -348.880     -67.706        -348.772     -67.677              39              39
  134       -1662.265     266.412       -1662.216     266.602             134             134
  115        -127.880    -407.139        -127.971    -407.135             115             115
  232         289.423     892.238         289.531     892.220             232             232
  248       -1170.493    -356.221       -1170.561    -356.030             248             248
  145        1007.024    -928.826        1006.891    -928.946             145             145
   92         -54.545     336.736         -54.470     336.730              92              92
  243         452.233    -355.416         452.271    -355.447             243             243
   21       -1933.286   -1075.715       -1933.391   -1075.526              21              21
   38         728.605       2.887         728.591       2.728              38              38
   49        -305.000     -56.707        -304.939     -56.746              49              49
  191       -1005.931    1123.040       -1005.749    1123.135             191             191
   91       -1346.405    -274.301       -1346.453    -274.130              91              91
  179        -476.916      62.385        -476.952      62.417             179             179
  252        -866.534     649.929        -866.507     650.044             252             252
  151        -436.181    -593.455        -436.324    -593.393             151             151
   50        -550.186      58.384        -550.276      58.429              50              50
  199        1010.293    -173.679        1010.219    -173.826             199             199
  127        -452.566    -117.704        -452.602    -117.692             127             127
   30        1159.064     -96.502        1159.073     -96.723              30              30
   42        -276.970    1343.166        -276.696    1343.170              42              42
   29       -1793.042      63.755       -1793.000      64.000              29              29
    4       -1115.637     -82.558       -1115.722     -82.445               4               4
  222        -183.050     480.134        -183.071     480.104             222             222
   59        -386.344    1220.604        -386.260    1220.644              59              59
   55         282.772    1197.006         282.879    1197.054              55              55
   47        -467.128    -367.258        -467.207    -367.111              47              47
  127        -184.458    -183.755        -184.545    -183.723             127             127
    5         697.907    1168.956         698.040    1168.921               5               5
   11         205.247    -614.966         205.236    -614.924              11              11
   90       -1507.962     438.000       -1507.881     438.233              90              90
  237        -463.697     159.740        -463.732     159.877             237             237
  143         545.045    -495.035         545.011    -495.050             143             143
   56       -1712.758    -430.198       -1712.767    -429.981              56              56
   83       -2002.659    1304.448       -2002.586    1304.767              83              83
  119        -297.077    -755.217        -297.325    -755.090             119             119
  121        -685.275     409.809        -685.352     409.969             121             121
  122        -357.971    -344.002        -358.188    -343.843             122             122
  183        1027.477    -844.270        1027.245    -844.323             183             183
  222         822.669   -1184.449         822.524   -1184.530             222             222
  117        -994.975   -1440.918        -995.140   -1440.860             117             117
  244       -1532.372     726.534       -1532.373     726.671             244             244
   11         556.341       1.838         556.236       1.767              11              11
  208        -684.102     190.678        -684.125     190.815             208             208
  182        -825.636   -1209.790        -825.902   -1209.680             182             182
  157        -954.219     518.592        -954.312     518.710             157             157
  216         106.451    -781.411         106.151    -781.414             216             216
  237         342.582   -1084.926         342.288   -1085.092             237             237
   51         -93.620    2447.560         -93.400    2447.576              51              51
   32          34.504   -1446.040          34.150   -1445.951              32              32
   54         202.340    -828.789         202.066    -828.880              54              54
   30         504.056     170.671         503.929     170.516              30              30
  114         616.011     248.922         615.901     248.774             114             114
   18        1931.032     841.294        1931.125     840.995              18              18
   96        -570.963    1097.151        -570.790    1097.335              96              96
  172        -366.622    -910.036        -366.875    -909.871             172             172
   90        1464.616    -666.302        1464.445    -666.500              90              90
  134         120.401    -125.109         120.399    -125.112             134             134
  168        -673.837    -970.932        -674.040    -970.846             168             168
   94         495.960    -549.630         495.795    -549.808              94              94
   11         -83.046    1057.590         -82.947    1057.539              11              11
   47         -48.828     988.290         -48.767     988.383              47              47
  221         463.268    -489.505         463.130    -489.437             221             221
  137        -318.796   -1713.586        -319.110   -1713.524             137             137
   42        -529.629      82.085        -529.736      82.131              42              42
  176        -129.920   -1033.808        -130.263   -1033.816             176             176
   49         956.779    -457.543         956.552    -457.777              49              49
  199         814.069    -437.864         813.929    -438.112             199             199
  184         122.608     844.853         122.682     844.748             184             184
  185          11.628     491.093          11.607     491.114             185             185
  242         755.997   -1082.699         755.759   -1082.853             242             242
  132        -356.219     805.697        -356.148     805.702             132             132
  168        -388.041    -814.565        -388.301    -814.555             168             168
  217         125.668     546.303         125.582     546.180             217             217
   47         944.367     838.909         944.392     838.728              47              47
  131        -108.648     657.828        -108.588     657.882             131             131
   60       -1097.008     319.572       -1097.075     319.826              60              60
  215       -1608.137     -86.747       -1608.457     -86.386             215             215
  176         325.114   -1403.687         324.483   -1403.737             176             176
   95         551.242     176.112         550.887     175.955              95              95
   39        1425.923     428.486        1425.685     428.280              39              39
   60       -1042.163   -1044.952       -1042.732   -1044.774              60              60
  194         155.430    -908.929         154.627    -909.099             194             194
  252         957.072    1781.223         956.494    1781.002             252             252
  200         -61.462    -429.629         -63.230    -429.578             200             200
