SINAL     NFT                         FFT                         NFT INVERSA     FFT INVERSA
-----     -----------------------     -----------------------     -----------     -----------
  212       33233.000       0.000       33233.000       0.000             212             212
  162        -611.395     680.490        -611.388     680.491             162             162
  102       -1109.552    -899.637       -1109.547    -899.635             102             102
  106          -5.233   -1063.023          -5.229   -1063.024             106             106
  249        1327.446     734.357        1327.454     734.353             249             249
   46        -751.123     777.437        -751.114     777.439              46              46
  186         -89.750    -159.001         -89.745    -158.999             186             186
   59         284.824     459.919         284.831     459.918              59              59
   26         385.359     333.917         385.366     333.917              26              26
  184         315.584    -777.697         315.584    -777.701             184             184
  107        1287.963    3192.051        1287.991    3192.047             107             107
   13        -623.691    -232.901        -623.684    -232.886              13              13
    1         607.345    -192.681         607.350    -192.675               1               1
   10        -409.984   -1756.332        -409.990   -1756.325              10              10
  227         597.825    -183.669         597.830    -183.676             227             227
   60        -784.293     605.697        -784.283     605.707              60              60
  203        1448.513     300.435        1448.520     300.430             203             203
  222         715.750    -779.003         715.754    -779.001             222             222
  112         712.903   -1292.410         712.906   -1292.415             112             112
  165       -1166.744    -324.575       -1166.733    -324.564             165             165
   86        -299.351     121.653        -299.343     121.660              86              86
  155          -6.365   -1239.728          -6.373   -1239.727             155             155
   93        -411.386    -145.908        -411.383    -145.906              93              93
   64         433.670    -340.633         433.674    -340.643              64              64
  213        -575.348     257.480        -575.335     257.484             213             213
  220       -1144.330     321.016       -1144.329     321.033             220             220
   23        1194.180     258.921        1194.180     258.903              23              23
  149         355.733     506.940         355.750     506.942             149             149
  206        -210.415   -1064.868        -210.429   -1064.864             206             206
   38         186.529     813.875         186.544     813.867              38              38
  246         682.828     251.704         682.836     251.693             246             246
  183        1102.055    1089.010        1102.089    1088.997             183             183
  188        -139.225     106.025        -139.204     106.045             188             188
   74        -263.522    -285.092        -263.516    -285.074              74              74
   37        -268.010     375.364        -267.997     375.385              37              37
   95         421.694    -633.656         421.685    -633.647              95              95
   46         666.830   -1236.609         666.820   -1236.617              46              46
  222        -949.173    -895.011        -949.175    -894.998             222             222
  190        -163.432     102.811        -163.419     102.800             190             190
   16       -1303.137     772.136       -1303.114     772.163              16              16
   50        -779.382     858.852        -779.378     858.885              50              50
   89         913.725    -174.847         913.706    -174.848              89              89
  164         386.822   -1615.496         386.776   -1615.502             164             164
  229        1269.912    -470.516        1269.913    -470.569             229             229
  202        -951.674     605.821        -951.645     605.832             202             202
   92         576.761     296.512         576.774     296.488              92              92
  186        -699.358     674.310        -699.337     674.324             186             186
  188         308.582     663.859         308.592     663.849             188             188
  162         300.492    1241.814         300.522    1241.818             162             162
  218        1261.275     -51.359        1261.278     -51.380             218             218
  218         814.889     433.428         814.930     433.415             218             218
   72        -818.503    -308.189        -818.493    -308.161              72              72
  119         -59.145    1710.578         -59.090    1710.588             119             119
   14        1332.113    1359.665        1332.181    1359.668              14              14
   11       -1531.850    -522.151       -1531.849    -522.046              11              11
   34        -140.340    -371.587        -140.364    -371.544              34              34
   73         635.914    -710.702         635.888    -710.692              73              73
  196         -69.086   -1251.642         -69.123   -1251.626             196             196
  213        -333.906    -297.420        -333.923    -297.407             213             213
  120        1117.938     198.842        1117.947     198.815             120             120
  115          49.593   -1242.333          49.561   -1242.336             115             115
   76          13.783    1283.544          13.840    1283.547              76              76
  209         723.730     -48.440         723.746     -48.431             209             209
  207        -272.008   -1149.237        -272.028   -1149.208             207             207
   46        -541.007     -56.029        -541.000     -56.000              46              46
  239        -220.989    -527.049        -221.015    -527.029             239             239
   83         421.078    -559.483         421.054    -559.502              83              83
  198         407.916    -210.894         407.924    -210.918             198             198
  170        -255.836    -449.991        -255.833    -450.002             170             170
  133        -448.434    1495.392        -448.351    1495.405             133             133
   76       -1143.452     405.857       -1143.437     405.936              76              76
   83        -574.598    -166.201        -574.637    -166.156              83              83
   22         364.436     653.864         364.434     653.869              22              22
  244         298.560      84.507         298.540      84.528             244             244
  226         663.580      77.728         663.565      77.738             226             226
   40        1162.650    -587.464        1162.628    -587.481              40              40
  151        -421.977    -303.368        -421.990    -303.309             151             151
  175         984.781   -1866.760         984.682   -1866.800             175             175
  143         980.710     -71.225         980.731     -71.290             143             143
  192        -265.947    -694.358        -265.956    -694.369             192             192
   40          91.089    1629.111          91.183    1629.107              40              40
   30        -234.000    -597.877        -234.034    -597.841              30              30
  217         711.465     959.278         711.512     959.271             217             217
   51         357.619    -683.632         357.588    -683.602              51              51
    8        1440.498    -804.716        1440.495    -804.772               8               8
   63       -1201.209    -274.528       -1201.183    -274.446              63              63
  120        -340.621    -985.196        -340.684    -985.171             120             120
  253         457.956      23.038         457.950      23.019             253             253
  147          65.594   -1338.550          65.512   -1338.557             147             147
   26        1092.650   -1035.260        1092.593   -1035.384              26              26
  158        1343.595    2034.437        1343.765    2034.325             158             158
   63        -420.651     613.306        -420.549     613.365              63              63
  228       -1017.840    -618.516       -1017.860    -618.443             228             228
   36         463.932     914.821         463.976     914.800              36              36
   92        2451.111     990.872        2451.247     990.787              92              92
  146       -1697.431   -1090.758       -1697.391   -1090.593             146             146
  228        -854.798    -734.029        -854.796    -733.956             228             228
   66        -788.482     -63.305        -788.437     -63.233              66              66
  123       -1905.623    -786.376       -1905.652    -786.228             123             123
  199       -1176.689   -1279.697       -1176.788   -1279.630             199             199
  136        -934.782    -480.347        -934.842    -480.329             136             136
  174        -385.269     741.185        -385.244     741.183             174             174
  162        -892.441     939.363        -892.399     939.447             162             162
  124       -1138.918     404.954       -1138.935     405.114             124             124
  130        -828.805   -2888.441        -829.074   -2888.362             130             130
   13        -254.995     -18.699        -255.089     -18.724              13              13
  126         720.262    -549.298         720.152    -549.376             126             126
  150          56.619       4.854          56.560       4.812             150             150
   72         776.327     420.710         776.297     420.632              72              72
  119        1040.794     438.033        1040.800     437.955             119             119
   13        -102.991     993.109        -102.949     993.155              13              13
  167        1155.227   -1226.182        1155.111   -1226.228             167             167
  151         911.776    -228.208         911.773    -228.282             151             151
   93        -360.173    -506.384        -360.210    -506.372              93              93
  187         808.756     118.473         808.757     118.396             187             187
   52         -87.121    -482.057         -87.156    -482.073              52              52
  140         417.746     -48.799         417.734     -48.886             140             140
   75          84.421    1722.299          84.547    1722.285              75              75
   94           8.511    -318.962           8.467    -318.942              94              94
   69         648.568     777.000         648.616     776.967              69              69
  186         212.622    -537.915         212.588    -537.925             186             186
  203        -647.555    1161.220        -647.495    1161.283             203             203
  158        1055.917    -175.753        1055.867    -175.799             158             158
   92         587.525     467.338         587.575     467.333              92              92
  211       -1022.565   -1002.948       -1022.679   -1002.847             211             211
  212        1329.172     408.160        1329.152     408.047             212             212
  218         690.008      53.972         690.006      53.929             218             218
  185         467.015     389.817         467.037     389.803             185             185
  181         925.000       0.039         925.000       0.000             181             181
  122         467.061    -389.786         467.038    -389.802             122             122
  189         690.004     -53.883         690.006     -53.928             189             189
  250        1329.131    -407.926        1329.152    -408.045             250             250
   15       -1022.803    1002.737       -1022.681    1002.846              15              15
  111         587.633    -467.326         587.576    -467.332             111             111
   61        1055.812     175.851        1055.867     175.800              61              61
   15        -647.425   -1161.355        -647.492   -1161.284              15              15
   44         212.549     537.938         212.588     537.927              44              44
  221         648.672    -776.925         648.617    -776.965             221             221
   13           8.415     318.918           8.466     318.942              13              13
  120          84.700   -1722.268          84.550   -1722.284             120             120
   62         417.721      48.992         417.735      48.887              62              62
  227         -87.202     482.095         -87.158     482.074             227             227
   58         808.758    -118.300         808.757    -118.396              58              58
  217        -360.258     506.358        -360.211     506.373             217             217
  174         911.769     228.376         911.773     228.281             174             174
   23        1154.952    1226.295        1155.107    1226.231              23              23
  186        -102.891    -993.220        -102.948    -993.157             186             186
  240        1040.809    -437.845        1040.801    -437.952             240             240
  249         776.256    -420.523         776.298    -420.630             249             249
  177          56.476      -4.754          56.559      -4.812             177             177
  241         719.995     549.488         720.150     549.377             241             241
    7        -255.223      18.760        -255.089      18.724               7               7
   44        -829.473    2888.246        -829.078    2888.362              44              44
  146       -1138.962    -405.353       -1138.936    -405.115             146             146
   16        -892.333    -939.578        -892.397    -939.450              16              16
  182        -385.205    -741.181        -385.243    -741.183             182             182
  126        -934.938     480.301        -934.843     480.329             126             126
   49       -1176.949    1279.520       -1176.791    1279.627              49              49
  135       -1905.698     785.983       -1905.653     786.222             135             135
  138        -788.362      63.112        -788.437      63.232             138             138
   99        -854.792     733.833        -854.796     733.955              99              99
   14       -1697.327    1090.306       -1697.393    1090.589              14              14
   97        2451.487    -990.631        2451.250    -990.782              97              97
   94         464.055    -914.761         463.978    -914.799              94              94
  150       -1017.898     618.310       -1017.861     618.441             150             150
   27        -420.361    -613.473        -420.547    -613.366              27              27
  132        1344.084   -2034.113        1343.769   -2034.322             132             132
  131        1092.483    1035.624        1092.591    1035.388             131             131
  243          65.352    1338.570          65.510    1338.557             243             243
   53         457.940     -22.981         457.950     -23.018              53              53
  186        -340.812     985.120        -340.687     985.170             186             186
  182       -1201.134     274.276       -1201.184     274.443             182             182
   87        1440.488     804.890        1440.494     804.774              87              87
  217         357.523     683.542         357.587     683.603             217             217
  235         711.616    -959.255         711.515    -959.270             235             235
   45        -234.109     597.761        -234.035     597.840              45              45
  224          91.394   -1629.102          91.185   -1629.108             224             224
  216        -265.980     694.392        -265.957     694.368             216             216
  220         980.778      71.443         980.730      71.292             220             220
  233         984.443    1866.895         984.677    1866.802             233             233
  147        -422.020     303.168        -421.990     303.308             147             147
  159        1162.574     587.526        1162.628     587.483             159             159
  189         663.526     -77.759         663.564     -77.736             189             189
  164         298.490     -84.583         298.540     -84.529             164             164
  142         364.431    -653.882         364.435    -653.870             142             142
  235        -574.741     166.037        -574.638     166.154             235             235
    3       -1143.399    -406.148       -1143.437    -405.938               3               3
  255        -448.121   -1495.445        -448.348   -1495.407             255             255
  209        -255.826     450.032        -255.834     450.001             209             209
   65         407.947     210.990         407.924     210.919              65              65
  218         420.984     559.558         421.053     559.503             218             218
   58        -221.094     526.972        -221.017     527.029              58              58
  120        -540.979      55.913        -541.000      56.000             120             120
  163        -272.098    1149.116        -272.030    1149.207             163             163
   42         723.792      48.409         723.745      48.432              42              42
  204          14.028   -1283.558          13.842   -1283.548             204             204
  219          49.455    1242.345          49.560    1242.335             219             219
  215        1117.977    -198.714        1117.947    -198.812             215             215
  207        -333.985     297.363        -333.924     297.407             207             207
  169         -69.258    1251.568         -69.125    1251.626             169             169
  158         635.794     710.654         635.888     710.692             158             158
  235        -140.456     371.381        -140.365     371.542             235             235
  162       -1531.846     521.644       -1531.849     522.043             162             162
  181        1332.445   -1359.672        1332.184   -1359.665             181             181
  121         -58.868   -1710.629         -59.087   -1710.588             121             121
  106        -818.457     308.042        -818.495     308.159             106             106
   61         815.102    -433.360         814.931    -433.414              61              61
  248        1261.287      51.472        1261.278      51.383             248             248
   79         300.658   -1241.839         300.524   -1241.818              79              79
   17         308.644    -663.806         308.594    -663.850              17              17
  210        -699.237    -674.397        -699.335    -674.326             210             210
   14         576.831    -296.370         576.773    -296.486              14              14
   13        -951.504    -605.891        -951.644    -605.834              13              13
  187        1269.911     470.844        1269.911     470.572             187             187
   60         386.533    1615.535         386.772    1615.502              60              60
  164         913.605     174.854         913.704     174.850             164             164
   55        -779.352    -859.065        -779.377    -858.886              55              55
   35       -1302.985    -772.323       -1303.113    -772.166              35              35
   94        -163.338    -102.741        -163.417    -102.801              94              94
   10        -949.197     894.919        -949.178     894.997              10              10
  209         666.760    1236.674         666.819    1236.619             209             209
  222         421.632     633.588         421.685     633.647             222             222
  199        -267.904    -375.523        -267.995    -375.386             199             199
   95        -263.474     284.954        -263.517     285.073              95              95
   37        -139.056    -106.182        -139.204    -106.044              37              37
  221        1102.351   -1088.896        1102.092   -1088.995             221             221
  120         682.890    -251.601         682.836    -251.691             120             120
  141         186.667    -813.801         186.545    -813.866             141             141
   77        -210.547    1064.832        -210.430    1064.864              77              77
   99         355.894    -506.946         355.750    -506.940              99              99
  233        1194.186    -258.734        1194.180    -258.901             233             233
   34       -1144.315    -321.197       -1144.328    -321.035              34              34
   46        -575.204    -257.527        -575.335    -257.485              46              46
  124         433.697     340.756         433.672     340.645             124             124
  110        -411.345     145.889        -411.383     145.905             110             110
   43          -6.486    1239.714          -6.377    1239.727              43              43
  152        -299.250    -121.749        -299.342    -121.661             152             152
   67       -1166.606     324.397       -1166.734     324.560              67              67
   67         712.929    1292.484         712.903    1292.416              67              67
  221         715.793     778.971         715.752     779.002             221             221
  143        1448.620    -300.340        1448.520    -300.428             143             143
    2        -784.126    -605.876        -784.282    -605.709               2               2
  116         597.918     183.792         597.830     183.675             116             116
   21        -410.142    1756.167        -409.995    1756.323              21              21
  253         607.464     192.564         607.351     192.676             253             253
  178        -623.530     232.524        -623.684     232.884             178             178
   66        1288.707   -3191.914        1287.995   -3192.045              66              66
  227         315.598     777.804         315.583     777.700             227             227
   20         385.584    -333.913         385.366    -333.917              20              20
  184         285.080    -459.893         284.832    -459.918             184             184
  177         -89.560     158.946         -89.745     159.000             177             177
   45        -750.629    -777.594        -751.112    -777.442              45              45
  154        1327.982    -734.055        1327.455    -734.351             154             154
   69          -4.973    1063.080          -5.231    1063.023              69              69
  187       -1108.899     899.359       -1109.549     899.633             187             187
   77        -609.498    -680.677        -611.386    -680.493              77              77
