SINAL     NFT                         FFT                         NFT INVERSA     FFT INVERSA
-----     -----------------------     -----------------------     -----------     -----------
   68       32321.000       0.000       32321.000       0.000              68              68
   37         251.248   -1504.632         251.255   -1504.632              37              37
  192        -303.946     246.844        -303.939     246.844             192             192
  201         687.107    -446.189         687.113    -446.190             201             201
  143         665.755     845.088         665.764     845.086             143             143
  210        -499.222     328.454        -499.214     328.456             210             210
  231         853.308    -254.231         853.314    -254.233             231             231
  250        -301.269     460.776        -301.260     460.777             250             250
  110         194.051     332.512         194.058     332.513             110             110
   95        1052.116     481.768        1052.125     481.766              95              95
   86         700.126    -290.664         700.133    -290.662              86              86
   99         -92.340   -1291.029         -92.339   -1291.025              99              99
   19         754.733     248.913         754.743     248.913              19              19
   37        1044.556   -2784.569        1044.550   -2784.575              37              37
  124       -1122.135    -286.145       -1122.124    -286.141             124             124
    4         716.292   -1411.505         716.290   -1411.517               4               4
  136        -518.702    -702.098        -518.697    -702.106             136             136
  160         552.279     362.146         552.296     362.126             160             160
   11        -298.165    1304.625        -298.133    1304.621              11              11
  165       -1299.912     318.840       -1299.899     318.856             165             165
   94         673.232    -285.707         673.238    -285.717              94              94
  150        -508.037    -633.362        -508.029    -633.365             150             150
  239        -804.682     959.832        -804.657     959.831             239             239
  102        -697.644    1281.938        -697.619    1281.947             102             102
  231        -193.271    -153.659        -193.267    -153.653             231             231
  227        -140.523    -128.492        -140.515    -128.493             227             227
  170        -565.181     370.981        -565.167     370.985             170             170
   90         403.769      12.383         403.784      12.368              90              90
   87       -1883.068    1213.058       -1883.037    1213.086              87              87
  161        -341.249     918.896        -341.235     918.909             161             161
  209        -389.290    -519.100        -389.302    -519.094             209             209
   28         849.317    1686.928         849.355    1686.914              28              28
  238       -1199.353    -404.288       -1199.355    -404.256             238             238
   97         717.037    1394.137         717.070    1394.133              97              97
   17        -532.965    -795.100        -532.971    -795.073              17              17
   91        -455.832    -225.230        -455.834    -225.219              91              91
   53        -249.741     570.062        -249.728     570.077              53              53
  223         360.548   -1442.147         360.518   -1442.153             223             223
  134          27.229    -298.987          27.232    -299.006             134             134
   49        -301.242     667.957        -301.218     667.946              49              49
  178        -431.757    1577.864        -431.718    1577.874             178             178
   97        1076.123     895.981        1076.152     895.971              97              97
  231         230.844     -19.883         230.870     -19.868             231             231
  233        -685.241    -572.038        -685.232    -572.014             233             233
  105       -1136.314     916.816       -1136.277     916.856             105             105
   30        -611.768    -324.819        -611.778    -324.780              30              30
  182        -775.040    -882.848        -775.076    -882.819             182             182
   51         417.078    -470.452         417.051    -470.476              51              51
   88        1014.380     250.956        1014.394     250.908              88              88
  213         345.349    1509.840         345.420    1509.836             213             213
  101          34.165    -422.109          34.184    -422.092             101             101
  207        -937.936     627.114        -937.888     627.165             207             207
  146       -1138.535   -1898.026       -1138.589   -1897.986             146             146
  228        -917.836     498.441        -917.832     498.451             228             228
    4        1175.078    1131.201        1175.119    1131.170               4               4
  190        -103.435    -686.270        -103.424    -686.251             190             190
  251       -1396.141    -385.388       -1396.131    -385.343             251             251
  173       -1097.388     162.053       -1097.381     162.084             173             173
   68        -965.713     672.766        -965.701     672.805              68              68
   48        -327.318       2.281        -327.334       2.305              48              48
   83         -91.955     -72.805         -91.961     -72.794              83              83
  235       -1275.709     170.839       -1275.719     170.898             235             235
  249         493.467     -65.113         493.442     -65.116             249             249
  154           2.080    -594.682           2.052    -594.668             154             154
   46          -7.940   -1422.985          -8.000   -1423.000              46              46
  193        -606.365      80.045        -606.369      80.035             193             193
  135         115.624     294.656         115.625     294.623             135             135
  138         145.780     722.408         145.812     722.384             138             138
   64        -755.423     535.043        -755.406     535.063              64              64
  228         225.598    1585.140         225.657    1585.144             228             228
  100        -561.072    -581.445        -561.111    -581.403             100             100
   80         241.198    1081.972         241.225    1081.974              80              80
   14         570.284    -847.427         570.238    -847.444              14              14
   38         262.757     787.931         262.798     787.912              38              38
  171        1124.479     528.885        1124.544     528.841             171             171
  152       -2169.534     745.761       -2169.469     745.885             152             152
  175        -919.548     459.468        -919.552     459.548             175             175
  172        -531.094     305.294        -531.121     305.368             172             172
  133         512.871    -549.222         512.806    -549.200             133             133
  183         754.978    -901.382         754.926    -901.393             183             183
  112        -327.829   -1038.639        -327.883   -1038.623             112             112
  226        -316.330    -205.823        -316.365    -205.821             226             226
   55         791.568    -113.121         791.543    -113.173              55              55
  174         872.028     511.909         872.078     511.874             174             174
  155       -1280.358   -1162.923       -1280.416   -1162.849             155             155
  249         654.315    -367.389         654.285    -367.455             249             249
  213        -847.118     153.523        -847.122     153.534             213             213
  140         715.463     542.539         715.476     542.471             140             140
  133         -14.019    1252.401         -13.945    1252.403             133             133
  153        -248.456     677.002        -248.422     677.057             153             153
  191        -678.707    -841.565        -678.792    -841.498             191             191
   99        1063.531    -958.994        1063.441    -959.092              99              99
   51         828.828    1726.502         828.944    1726.426              51              51
  109        -988.332    1017.718        -988.282    1017.814             109             109
   85         967.259    -117.044         967.219    -117.061              85              85
   24         924.659     451.021         924.688     451.007              24              24
  101         841.360    -502.255         841.356    -502.255             101             101
  142         426.195   -1656.025         426.136   -1656.051             142             142
  161         141.738    -216.608         141.782    -216.658             161             161
  227       -1162.335     112.194       -1162.295     112.228             227             227
  189        -531.082     724.371        -531.041     724.373             189             189
  151          75.942     949.564          76.003     949.549             151             151
   32        -136.292    1192.379        -136.198    1192.407              32              32
  225        -853.644    1009.564        -853.575    1009.671             225             225
  248        -403.142     555.865        -403.126     555.968             248             248
  172          67.695    -419.347          67.659    -419.282             172             172
  132       -1393.158    -135.412       -1393.207    -135.256             132             132
  154         851.538   -1119.325         851.411   -1119.345             154             154
  208        -355.995    -530.089        -356.065    -530.060             208             208
    0         251.608    -218.726         251.533    -218.743              -0               0
   48        1374.195    -115.062        1374.149    -115.159              48              48
    6        1928.997     683.676        1929.093     683.572               6               6
   74        -607.767   -1587.689        -607.812   -1587.636              74              74
   56        -287.235     754.289        -287.145     754.289              56              56
  242        -982.287     647.277        -982.236     647.391             242             242
  201        -486.107    -871.355        -486.208    -871.284             201             201
   27         579.326     -85.323         579.295     -85.362              27              27
   88         351.008     775.345         351.090     775.372              88              88
  184       -1993.379   -1373.194       -1993.521   -1372.985             184             184
   63        1008.817   -1316.643        1008.633   -1316.732              63              63
  190         873.941    -310.392         873.891    -310.497             190             190
   95         985.381     354.825         985.424     354.743              95              95
  235        -145.948    -633.421        -145.970    -633.399             235             235
  158        -354.960    -650.558        -355.021    -650.545             158             158
  231         392.205   -1231.179         392.090   -1231.289             231             231
  227         151.868    1966.861         152.017    1966.801             227             227
   94         337.260     187.694         337.267     187.708              94              94
   69         403.673    -920.203         403.603    -920.236              69              69
   33         -53.000       0.036         -53.000       0.000              33              33
  202         403.529     920.269         403.601     920.236             202             202
   49         337.275    -187.720         337.267    -187.706              49              49
  103         152.180   -1966.739         152.021   -1966.801             103             103
  160         391.964    1231.407         392.088    1231.290             160             160
  181        -355.088     650.529        -355.022     650.544             181             181
    2        -145.997     633.376        -145.972     633.400               2               2
   72         985.475    -354.650         985.425    -354.741              72              72
  116         873.833     310.618         873.890     310.498             116             116
   53        1008.417    1316.835        1008.630    1316.733              53              53
  183       -1993.692    1372.732       -1993.524    1372.980             183             183
  231         351.190    -775.401         351.091    -775.370             231             231
  168         579.257      85.411         579.295      85.363             168             168
  190        -486.336     871.194        -486.211     871.282             190             190
   89        -982.170    -647.535        -982.234    -647.393              89              89
   29        -287.032    -754.291        -287.145    -754.290              29              29
  168        -607.873    1587.568        -607.814    1587.636             168             168
  147        1929.221    -683.432        1929.095    -683.569             147             147
    9        1374.089     115.293        1374.150     115.162               9               9
   94         251.430     218.768         251.532     218.745              94              94
   83        -356.163     530.018        -356.067     530.059              83              83
  107         851.229    1119.375         851.407    1119.347             107             107
   46       -1393.277     135.033       -1393.207     135.254              46              46
   73          67.605     419.187          67.657     419.281              73              73
   24        -403.102    -556.121        -403.125    -555.969              24              24
  157        -853.471   -1009.835        -853.573   -1009.675             157             157
  127        -136.052   -1192.448        -136.195   -1192.406             127             127
  136          76.099    -949.525          76.005    -949.548             136             136
  127        -530.975    -724.378        -531.040    -724.374             127             127
   42       -1162.228    -112.283       -1162.293    -112.230              42              42
   11         141.852     216.741         141.782     216.659              11              11
  103         426.036    1656.094         426.132    1656.051             103             103
   27         841.347     502.256         841.355     502.256              27              27
  184         924.739    -450.980         924.689    -451.006             184             184
   97         967.149     117.096         967.219     117.064              97              97
  198        -988.192   -1017.985        -988.281   -1017.816             198             198
   95         829.154   -1726.288         828.946   -1726.424              95              95
  117        1063.274     959.273        1063.439     959.094             117             117
  183        -678.949     841.373        -678.793     841.497             183             183
   15        -248.356    -677.160        -248.421    -677.058              15              15
  136         -13.800   -1252.406         -13.943   -1252.402             136             136
  170         715.501    -542.336         715.477    -542.470             170             170
  230        -847.128    -153.561        -847.121    -153.536             230             230
   28         654.223     367.592         654.283     367.457              28              28
  247       -1280.538    1162.697       -1280.418    1162.848             247             247
   41         872.181    -511.798         872.078    -511.872              41              41
  125         791.488     113.287         791.542     113.175             125             125
  234        -316.441     205.815        -316.366     205.819             234             234
   11        -328.003    1038.587        -327.884    1038.623              11              11
  145         754.805     901.420         754.924     901.394             145             145
  119         512.655     549.152         512.805     549.201             119             119
  128        -531.186    -305.542        -531.121    -305.369             128             128
  212        -919.564    -459.741        -919.553    -459.550             212             212
  174       -2169.310    -746.197       -2169.467    -745.891             174             174
   95        1124.707    -528.731        1124.546    -528.839              95              95
  201         262.902    -787.862         262.799    -787.912             201             201
  103         570.117     847.491         570.236     847.445             103             103
   69         241.299   -1081.981         241.227   -1081.974              69              69
  159        -561.219     581.291        -561.112     581.403             159             159
   14         225.820   -1585.155         225.659   -1585.143              14              14
  187        -755.359    -535.121        -755.405    -535.064             187             187
   61         145.906    -722.312         145.814    -722.382              61              61
  178         115.626    -294.527         115.625    -294.623             178             178
   54        -606.380     -80.006        -606.369     -80.037              54              54
  168          -8.179    1423.046          -8.000    1423.000             168             168
   28           1.960     594.624           2.050     594.668              28              28
  250         493.361      65.127         493.441      65.117             250             250
   51       -1275.753    -171.093       -1275.719    -170.900              51              51
  207         -91.983      72.758         -91.962      72.795             207             207
  212        -327.384      -2.389        -327.333      -2.306             212             212
  159        -965.653    -672.943        -965.699    -672.807             159             159
   53       -1097.356    -162.195       -1097.380    -162.086              53              53
  132       -1396.100     385.176       -1396.132     385.341             132             132
    9        -103.389     686.178        -103.425     686.250               9               9
   11        1175.279   -1131.050        1175.122   -1131.168              11              11
  227        -917.816    -498.492        -917.831    -498.452             227             227
    1       -1138.810    1897.821       -1138.592    1897.984               1               1
   89        -937.694    -627.376        -937.887    -627.167              89              89
   88          34.256     422.024          34.182     422.093              88              88
  176         345.726   -1509.820         345.424   -1509.836             176             176
  197        1014.456    -250.700        1014.394    -250.907             197             197
  206         416.925     470.581         417.050     470.476             206             206
   30        -775.248     882.686        -775.079     882.818              30              30
   91        -611.825     324.600        -611.778     324.780              91              91
   49       -1136.098    -917.060       -1136.276    -916.858              49              49
  108        -685.186     571.887        -685.232     572.012             108             108
  200         231.001      19.797         230.870      19.869             200             200
   23        1076.315    -895.913        1076.155    -895.969              23              23
    7        -431.500   -1577.925        -431.715   -1577.874               7               7
  181        -301.076    -667.882        -301.216    -667.946             181             181
  173          27.245     299.120          27.230     299.007             173             173
   55         360.329    1442.192         360.514    1442.154              55              55
   95        -249.650    -570.169        -249.726    -570.077              95              95
  122        -455.843     225.144        -455.833     225.218             122             122
   76        -533.015     794.896        -532.974     795.072              76              76
  181         717.300   -1394.103         717.074   -1394.132             181             181
  227       -1199.371     404.028       -1199.356     404.255             227             227
  150         849.657   -1686.807         849.359   -1686.912             150             150
   27        -389.400     519.041        -389.304     519.093              27              27
   14        -341.117    -919.006        -341.233    -918.907              14              14
  239       -1882.772   -1213.320       -1883.035   -1213.088             239             239
   84         403.912     -12.237         403.785     -12.367              84              84
  139        -565.034    -371.022        -565.165    -370.987             139             139
  101        -140.443     128.509        -140.515     128.494             101             101
    3        -193.225     153.594        -193.267     153.653               3               3
  102        -697.346   -1282.052        -697.616   -1281.948             102             102
    8        -804.380    -959.828        -804.655    -959.832               8               8
  245        -507.945     633.401        -508.031     633.365             245             245
   63         673.312     285.841         673.239     285.719              63              63
  223       -1299.722    -319.061       -1299.898    -318.858             223             223
  132        -297.700   -1304.578        -298.131   -1304.622             132             132
   30         552.536    -361.837         552.298    -362.124              30              30
  222        -518.623     702.224        -518.698     702.105             222             222
  190         716.239    1411.735         716.288    1411.520             190             190
  158       -1121.946     286.060       -1122.124     286.139             158             158
   99        1044.379    2784.723        1044.543    2784.579              99              99
  195         754.960    -248.890         754.743    -248.911             195             195
  169         -92.345    1290.936         -92.342    1291.025             169             169
   37         700.327     290.622         700.133     290.664              37              37
   74        1052.385    -481.707        1052.125    -481.764              74              74
  150         194.274    -332.538         194.058    -332.512             150             150
   35        -300.929    -460.841        -301.259    -460.778              35              35
  183         853.555     254.352         853.314     254.235             183             183
   61        -498.815    -328.584        -499.214    -328.458              61              61
  163         666.368    -844.943         665.765    -845.084             163             163
  185         687.569     446.355         687.113     446.192             185             185
  239        -303.074    -246.844        -303.939    -246.845             239             239
  133         252.720    1504.649         251.251    1504.632             133             133
