SINAL     NFT                         FFT                         NFT INVERSA     FFT INVERSA
-----     -----------------------     -----------------------     -----------     -----------
  126       31482.000       0.000       31482.000       0.000             126             126
  234        -503.080    1074.329        -503.073    1074.330             234             234
  174         251.828    -599.402         251.834    -599.402             174             174
  126       -1020.811    -857.590       -1020.806    -857.589             126             126
   48        -252.397    1784.487        -252.387    1784.488              48              48
  104         -29.161     383.430         -29.154     383.434             104             104
   34        -961.177   -1392.885        -961.177   -1392.880              34              34
  100         797.685     581.444         797.690     581.441             100             100
  245         178.783     940.225         178.792     940.229             245             245
  133        1157.083    -675.751        1157.086    -675.751             133             133
  136        -567.387    -685.753        -567.383    -685.747             136             136
   67         665.388    -145.914         665.394    -145.915              67              67
  183        -922.487     235.947        -922.479     235.959             183             183
   89         883.931   -1015.377         883.931   -1015.376              89              89
   16       -1632.500   -1711.567       -1632.508   -1711.553              16              16
   71         306.705      20.979         306.706      20.976              71              71
   25        -378.769   -1689.655        -378.783   -1689.654              25              25
   82        -715.199    -116.514        -715.204    -116.516              82              82
   48        1250.743     474.978        1250.746     474.957              48              48
   42         237.095    1251.339         237.112    1251.338              42              42
  199        -140.905    -520.162        -140.913    -520.157             199             199
  112        1159.612     978.381        1159.623     978.370             112             112
  211         569.555    -450.239         569.553    -450.239             211             211
  239         544.276     286.804         544.283     286.803             239             239
   21         486.676    -951.028         486.662    -951.031              21              21
  205        1746.658    1164.370        1746.685    1164.352             205             205
   81        -271.706   -1328.547        -271.713   -1328.529              81              81
  212          38.698    -671.508          38.691    -671.509             212             212
  244         685.370      98.601         685.376      98.594             244             244
   20          26.667   -1000.234          26.651   -1000.230              20              20
   89        1053.791     -88.946        1053.790     -88.961              89              89
  119        1484.792   -1287.596        1484.782   -1287.622             119             119
   70        -964.701    -986.474        -964.714    -986.464              70              70
  220        1447.954    -807.908        1447.934    -807.959             220             220
   94        1811.087      98.987        1811.106      98.920              94              94
  113         169.796    1936.768         169.857    1936.752             113             113
  233        1942.608    1043.143        1942.660    1043.114             233             233
  158        -295.860    -978.940        -295.848    -978.926             158             158
    7         798.654     695.939         798.700     695.921               7               7
  166          24.624    -489.790          24.647    -489.788             166             166
  124         -96.799     527.660         -96.749     527.661             124             124
  153        -582.196     501.793        -582.148     501.818             153             153
  153       -1134.323    -165.729       -1134.304    -165.688             153             153
  225        -744.328    -100.101        -744.320    -100.076             225             225
   28        -525.185     348.448        -525.170     348.470              28              28
   85         333.158     136.448         333.176     136.455              85              85
  121        -868.061      -0.104        -868.044      -0.057             121             121
   97        -791.280    -850.011        -791.302    -849.970              97              97
   15        -711.387    -633.070        -711.420    -633.041              15              15
  177        1666.873    -632.725        1666.857    -632.773             177             177
  112        -316.125   -1168.649        -316.133   -1168.651             112             112
  227        -798.201     645.942        -798.164     645.962             227             227
   86       -1214.236   -1707.243       -1214.301   -1707.216              86              86
  167         716.943     610.198         716.954     610.144             167             167
   81        -424.962     495.305        -424.947     495.307              81              81
  125         734.672     959.997         734.706     959.977             125             125
   97        -574.702    -376.839        -574.716    -376.810              97              97
  167         815.023     727.413         815.046     727.394             167             167
  250         196.579    -656.260         196.566    -656.247             250             250
   80        -440.164   -1459.411        -440.222   -1459.412              80              80
  138        1200.191     728.126        1200.217     728.049             138             138
  132         561.260    1037.882         561.320    1037.859             132             132
  182         265.522     250.778         265.554     250.781             182             182
  145          23.414    -204.169          23.422    -204.166             145             145
  143         212.965     651.003         213.000     651.000             143             143
   29        1495.584     180.012        1495.625     179.968              29              29
  139        -639.101    -382.053        -639.075    -382.017             139             139
   62         430.790     789.111         430.857     789.112              62              62
  185        -150.268   -1366.122        -150.280   -1366.105             185             185
   63       -1151.104     501.956       -1151.049     502.000              63              63
   47       -1017.237     286.428       -1017.228     286.494              47              47
  144         894.640   -1046.588         894.597   -1046.620             144             144
   51        -104.460    -171.617        -104.439    -171.625              51              51
   19         260.180      55.022         260.223      55.000              19              19
   46       -1440.279     110.140       -1440.243     110.205              46              46
   24        -660.354    -279.885        -660.370    -279.870              24              24
   34         -17.918    1532.631         -17.841    1532.641              34              34
   19        -370.310    -746.238        -370.340    -746.198              19              19
   45        -245.092     465.046        -245.065     465.070              45              45
   96        -125.076    -706.906        -125.110    -706.888              96              96
  205         560.931    -406.595         560.939    -406.641             205             205
   22       -1870.131     723.382       -1870.083     723.474              22              22
   45        -298.385    -270.095        -298.435    -270.076              45              45
  201         460.627     -57.598         460.591     -57.638             201             201
  216        2190.327     650.538        2190.394     650.407             216             216
  106        -628.215     789.003        -628.100     789.045             106             106
   53        -610.024     684.790        -609.933     684.854              53              53
   86       -1827.473     -25.674       -1827.452     -25.536              86              86
   56       -1752.924    -364.996       -1752.987    -364.878              56              56
    3         309.518     325.483         309.481     325.479               3               3
   61         195.448     240.930         195.431     240.956              61              61
  153         286.616   -1126.070         286.524   -1126.073             153             153
  140        1133.848     622.003        1133.883     621.942             140             140
   89         365.791    -480.679         365.789    -480.676              89              89
  246         650.712    -837.277         650.712    -837.324             246             246
   45       -1023.332     181.512       -1023.275     181.554              45              45
   20        -683.290    -160.481        -683.285    -160.463              20              20
   71        -693.708    1313.975        -693.622    1314.012              71              71
  245       -1160.979     319.666       -1160.986     319.764             245             245
  251        -220.881     334.029        -220.916     334.063             251             251
  222         654.351     823.210         654.362     823.207             222             222
  213         640.922     125.331         640.911     125.352             213             213
  118        1567.658    -430.413        1567.665    -430.461             118             118
  107       -1251.694    -525.304       -1251.705    -525.182             107             107
   33        1524.716    -718.316        1524.692    -718.403              33              33
   20       -1049.418     613.067       -1049.332     613.179              20              20
  200         -52.177   -1776.133         -52.287   -1776.097             200             200
  112         -77.436    -533.530         -77.446    -533.545             112             112
  128       -1002.224      49.371       -1002.215      49.435             128             128
   70         -25.061    -377.434         -25.100    -377.428              70              70
  227        -271.561    -381.332        -271.595    -381.320             227             227
   91        -242.453     338.615        -242.451     338.647              91              91
   77         921.359   -1319.183         921.267   -1319.254              77              77
  134        -110.735     193.729        -110.683     193.703             134             134
  204        -783.935     486.455        -783.888     486.522             204             204
  218        -215.425    -666.366        -215.486    -666.336             218             218
  210          60.242    -398.380          60.208    -398.392             210             210
   74        -222.296    -854.139        -222.361    -854.159              74              74
  173        -294.227     -72.198        -294.254     -72.247             173             173
  250        1258.548    1353.136        1258.671    1353.000             250             250
  217        -933.402    1366.459        -933.256    1366.578             217             217
  241        -171.492   -1227.459        -171.576   -1227.416             241             241
   70       -1019.530     473.630       -1019.499     473.701              70              70
   62        -727.362     156.481        -727.412     156.555              62              62
   19         918.554    -169.680         918.484    -169.747              19              19
  129        1307.997     592.282        1308.066     592.204             129             129
   81        -138.927   -1060.832        -138.954   -1060.811              81              81
    0        -637.865     447.674        -637.796     447.711              -0               0
   63        -708.000      -0.071        -708.000       0.000              63              63
   75        -637.724    -447.753        -637.794    -447.713              75              75
  148        -138.984    1060.789        -138.955    1060.811             148             148
  224        1308.142    -592.118        1308.068    -592.201             224             224
    3         918.409     169.819         918.484     169.748               3               3
  203        -727.464    -156.636        -727.411    -156.556             203             203
  237       -1019.464    -473.779       -1019.498    -473.702             237             237
  134        -171.672    1227.365        -171.579    1227.414             134             134
  117        -933.088   -1366.715        -933.254   -1366.579             117             117
   61        1258.817   -1352.839        1258.674   -1352.997              61              61
  129        -294.287      72.306        -294.254      72.248             129             129
   23        -222.441     854.182        -222.364     854.158              23              23
  252          60.166     398.408          60.207     398.392             252             252
  255        -215.564     666.299        -215.489     666.335             255             255
  111        -783.827    -486.605        -783.887    -486.521             111             111
  182        -110.616    -193.671        -110.682    -193.704             182             182
  240         921.146    1319.347         921.265    1319.255             240             240
  152        -242.448    -338.687        -242.450    -338.646             152             152
   18        -271.640     381.303        -271.595     381.320              18              18
  126         -25.153     377.419         -25.101     377.428             126             126
  153       -1002.202     -49.526       -1002.215     -49.438             153             153
   82         -77.462     533.566         -77.447     533.545              82              82
  150         -52.447    1776.046         -52.290    1776.098             150             150
   72       -1049.205    -613.343       -1049.330    -613.182              72              72
   28        1524.655     718.532        1524.691     718.405              28              28
  254       -1251.723     524.997       -1251.706     525.179             254             254
   57        1567.673     430.537        1567.664     430.464              57              57
  241         640.893    -125.384         640.911    -125.351             241             241
   44         654.381    -823.204         654.364    -823.207              44              44
   92        -220.971    -334.119        -220.916    -334.064              92              92
  185       -1160.996    -319.927       -1160.985    -319.767             185             185
   57        -693.478   -1314.076        -693.618   -1314.015              57              57
   83        -683.279     160.435        -683.286     160.464              83              83
  185       -1023.175    -181.628       -1023.273    -181.556             185             185
   13         650.709     837.407         650.711     837.325              13              13
  217         365.784     480.672         365.788     480.677             217             217
   59        1133.950    -621.831        1133.885    -621.941              59              59
  127         286.353    1126.080         286.521    1126.074             127             127
   67         195.402    -241.002         195.432    -240.955              67              67
  145         309.412    -325.474         309.481    -325.480             145             145
   47       -1753.108     364.650       -1752.988     364.876              47              47
   63       -1827.410      25.261       -1827.451      25.532              63              63
  249        -609.753    -684.982        -609.933    -684.854             249             249
   88        -627.865    -789.132        -628.098    -789.047              88              88
  240        2190.533    -650.132        2190.395    -650.402             240             240
  133         460.517      57.723         460.591      57.638             133             133
  230        -298.544     270.035        -298.436     270.076             230             230
   94       -1869.976    -723.675       -1870.080    -723.477              94              94
   77         560.957     406.743         560.938     406.642              77              77
   28        -125.186     706.849        -125.110     706.888              28              28
  121        -245.003    -465.125        -245.064    -465.070             121             121
  190        -370.410     746.104        -370.340     746.197             190             190
  186         -17.655   -1532.664         -17.839   -1532.641             186             186
  173        -660.408     279.830        -660.370     279.868             173             173
  218       -1440.155    -110.366       -1440.243    -110.207             218             218
  197         260.335     -54.945         260.226     -55.000             197             197
  214        -104.386     171.645        -104.439     171.624             214             214
  183         894.481    1046.706         894.596    1046.622             183             183
   92       -1017.204    -286.673       -1017.228    -286.496              92              92
  157       -1150.899    -502.124       -1151.048    -502.003             157             157
  223        -150.314    1366.056        -150.283    1366.104             223             223
  238         431.050    -789.117         430.859    -789.112             238             238
   26        -638.999     381.912        -639.074     382.017              26              26
   44        1495.747    -179.836        1495.627    -179.964              44              44
  219         213.106    -650.989         213.000    -651.000             219             219
  108          23.448     204.158          23.422     204.166             108             108
   91         265.657    -250.789         265.555    -250.780              91              91
  188         561.519   -1037.781         561.323   -1037.857             188             188
  104        1200.306    -727.790        1200.218    -728.047             104             104
  116        -440.425    1459.415        -440.225    1459.411             116             116
  153         196.521     656.208         196.565     656.249             153             153
  121         815.134    -727.329         815.049    -727.393             121             121
   39        -574.764     376.707        -574.716     376.810              39              39
   81         734.839    -959.899         734.709    -959.976              81              81
  108        -424.889    -495.314        -424.946    -495.306             108             108
  108         717.001    -609.933         716.956    -610.142             108             108
  254       -1214.564    1707.106       -1214.304    1707.214             254             254
  110        -798.008    -646.049        -798.162    -645.964             110             110
   16        -316.169    1168.656        -316.135    1168.650              16              16
   14        1666.790     632.984        1666.856     632.778              14              14
  116        -711.568     632.913        -711.422     633.040             116             116
  126        -791.404     849.785        -791.303     849.969             126             126
  235        -867.963      -0.160        -868.043       0.056             235             235
  139         333.262    -136.480         333.176    -136.454             139             139
   18        -525.092    -348.582        -525.169    -348.472              18              18
  250        -744.275      99.946        -744.319     100.074             250             250
   88       -1134.205     165.472       -1134.303     165.686              88              88
   78        -581.892    -501.950        -582.146    -501.819              78              78
   63         -96.477    -527.666         -96.748    -527.661              63              63
  221          24.783     489.779          24.648     489.788             221             221
   37         798.972    -695.813         798.702    -695.919              37              37
  164        -295.788     978.837        -295.850     978.925             164             164
   62        1942.978   -1042.927        1942.662   -1043.112              62              62
  114         170.263   -1936.654         169.863   -1936.752             114             114
  100        1811.234     -98.473        1811.107     -98.916             100             100
  172        1447.794     808.309        1447.932     807.963             172             172
   93        -964.805     986.394        -964.715     986.463              93              93
  229        1484.706    1287.830        1484.781    1287.626             229             229
  218        1053.781      89.092        1053.789      88.964             218             218
   97          26.519    1000.200          26.649    1000.229              97              97
  222         685.425     -98.529         685.376     -98.593             222             222
   77          38.623     671.506          38.690     671.508              77              77
   57        -271.790    1328.373        -271.716    1328.529              57              57
  228        1746.953   -1164.167        1746.688   -1164.348             228             228
  135         486.527     951.070         486.661     951.032             135             135
   42         544.360    -286.796         544.284    -286.802              42              42
  199         569.522     450.244         569.551     450.241             199             199
  103        1159.760    -978.241        1159.625    -978.368             103             103
   80        -141.017     520.094        -140.915     520.157              80              80
   66         237.348   -1251.324         237.115   -1251.337              66              66
   24        1250.782    -474.668        1250.745    -474.954              24              24
   90        -715.278     116.539        -715.205     116.515              90              90
  221        -379.007    1689.637        -378.785    1689.653             221             221
  188         306.724     -20.921         306.707     -20.976             188             188
  209       -1632.680    1711.279       -1632.512    1711.550             209             209
  181         883.908    1015.375         883.929    1015.379             181             181
   30        -922.310    -236.231        -922.479    -235.961              30              30
   42         665.535     145.965         665.395     145.917              42              42
   91        -567.309     685.575        -567.384     685.746              91              91
  250        1157.166     675.773        1157.085     675.753             250             250
  208         179.087    -940.335         178.794    -940.228             208             208
  108         797.903    -581.313         797.691    -581.440             108             108
   18        -961.234    1392.644        -961.180    1392.878              18              18
   18         -28.802    -383.624         -29.155    -383.434              18              18
   69        -251.748   -1784.546        -252.384   -1784.489              69              69
    0       -1020.400     857.461       -1020.808     857.586               0               0
  103         252.580     599.338         251.833     599.401             103             103
  175        -501.232   -1074.479        -503.071   -1074.331             175             175
