SINAL     NFT                         FFT                         NFT INVERSA     FFT INVERSA
-----     -----------------------     -----------------------     -----------     -----------
  123       32145.000       0.000       32145.000       0.000             123             123
   73       -2331.055     688.336       -2331.048     688.337              73              73
  157          84.019     730.346          84.025     730.347             157             157
  152        -109.491    -342.589        -109.485    -342.587             152             152
  210        -218.900   -1442.309        -218.897   -1442.307             210             210
   14        -630.746    -305.240        -630.740    -305.238              14              14
   35        -657.047     -91.621        -657.043     -91.616              35              35
   73        -165.344   -1844.773        -165.346   -1844.773              73              73
  100        -588.334     256.351        -588.330     256.352             100             100
  134         340.359    -510.872         340.359    -510.875             134             134
  234        -306.211      17.568        -306.210      17.568             234             234
  148        1065.302     332.617        1065.306     332.610             148             148
  160         626.303     312.593         626.311     312.591             160             160
   58         346.675    -737.068         346.676    -737.069              58              58
   12          66.299     -68.265          66.304     -68.266              12              12
   20         -96.653    -264.222         -96.651    -264.221              20              20
  232         -44.726     488.686         -44.721     488.689             232             232
  167        1988.226   -1221.487        1988.219   -1221.508             167             167
  243          75.630     288.363          75.647     288.359             243             243
  106        -101.744    -455.852        -101.740    -455.853             106             106
  106         -82.476    -486.630         -82.474    -486.639             106             106
  173         110.024    1389.293         110.050    1389.282             173             173
  177        -915.977    1953.754        -915.948    1953.772             177             177
   62         930.152     362.988         930.159     362.992              62              62
  211        -596.443    -443.263        -596.448    -443.240             211             211
   58        1738.745    -344.348        1738.745    -344.366              58              58
   24        -239.543    -187.757        -239.534    -187.744              24              24
   24         448.375    -459.443         448.375    -459.441              24              24
  168         573.488    -534.942         573.492    -534.944             168             168
   56        -213.941   -1250.380        -213.951   -1250.377              56              56
   44         -77.817      88.103         -77.809      88.101              44              44
  232         871.956    -530.720         871.956    -530.736             232             232
  219         311.176     -54.655         311.194     -54.662             219             219
   62        -397.043    -492.855        -397.041    -492.846              62              62
   81        1793.948     -45.280        1793.975     -45.316              81              81
    6       -1520.253   -1962.605       -1520.258   -1962.581               6               6
    3       -1246.343     434.403       -1246.314     434.413               3               3
   54       -1750.834    -448.947       -1750.845    -448.916              54              54
  157          -9.321    -923.715          -9.351    -923.742             157             157
  123        -394.615    1211.436        -394.592    1211.416             123             123
    5        1205.220    1137.747        1205.259    1137.704               5               5
  161       -1109.234    1648.355       -1109.173    1648.392             161             161
   40        -919.220    -351.638        -919.231    -351.599              40              40
  198        -479.988    -696.722        -480.020    -696.718             198             198
  125         181.113     961.371         181.124     961.350             125             125
  165        1457.275    1460.440        1457.323    1460.410             165             165
  216        -891.658    -358.433        -891.657    -358.391             216             216
   48         181.193     143.539         181.190     143.538              48              48
  178        1038.551     272.114        1038.568     272.091             178             178
    0         -98.966    -875.891         -98.977    -875.890              -0               0
   53        1097.304     335.792        1097.346     335.742              53              53
   36       -1653.525     640.629       -1653.474     640.678              36              36
  150        -883.219     174.004        -883.215     174.031             150             150
   69         -14.557     621.481         -14.541     621.480              69              69
   57        -379.176     586.962        -379.161     586.982              57              57
   32         499.042    -414.783         499.025    -414.805              32              32
  252         677.855    1215.537         677.920    1215.505             252             252
   19        -803.767    1104.739        -803.701    1104.784              19              19
  158        -653.950     265.254        -653.928     265.297             158             158
   69       -1146.432    1228.469       -1146.391    1228.543              69              69
  110        -399.795    -428.079        -399.833    -428.026             110             110
  153         381.801    -516.716         381.768    -516.715             153             153
   40        -437.409    -249.005        -437.432    -248.991              40              40
  185         916.172    1016.879         916.201    1016.850             185             185
  176         660.964     529.996         661.000     530.000             176             176
   30         144.370    -451.692         144.376    -451.674              30              30
   69        -289.968     309.096        -289.926     309.126              69              69
  221       -1281.889      67.939       -1281.880      68.020             221             221
  146         -51.547     -81.757         -51.559     -81.725             146             146
  128        -434.878   -1339.021        -434.943   -1339.001             128             128
  117        -176.968     946.707        -176.932     946.708             117             117
    7        -554.912      21.899        -554.925      21.935               7               7
   50        -352.112    1056.887        -352.099    1056.927              50              50
  241        1561.287     178.280        1561.281     178.252             241             241
   23         520.018    -340.321         520.028    -340.307              23              23
  238         104.609    -182.510         104.639    -182.485             238             238
  210       -1174.988      71.371       -1174.957      71.471             210             210
   76       -1411.571   -1024.461       -1411.636   -1024.352              76              76
  144        -451.372    -996.462        -451.459    -996.429             144             144
  105        -196.491    -365.944        -196.547    -365.935             105             105
  174        -281.247     196.933        -281.289     196.964             174             174
  206        1423.742    -699.872        1423.671    -699.922             206             206
  149         450.572    -774.511         450.526    -774.529             149             149
  161         272.286    -153.765         272.262    -153.772             161             161
  204        1571.629    -739.374        1571.601    -739.448             204             204
  121        -410.837   -1012.013        -410.870   -1011.997             121             121
   96         733.789   -1146.694         733.740   -1146.779              96              96
  109        -298.597     709.521        -298.545     709.492             109             109
   55         987.986     675.498         988.047     675.439              55              55
  231        -125.656    -213.040        -125.614    -213.025             231             231
  234       -1812.147    -455.597       -1812.167    -455.505             234             234
  240         181.442     232.104         181.423     232.072             240             240
  254         967.645     780.201         967.708     780.155             254             254
   60       -1572.128   -1528.210       -1572.217   -1528.138              60              60
   70         735.815    1773.344         735.898    1773.269              70              70
  140          34.316     371.824          34.340     371.842             140             140
   58         630.769     241.366         630.806     241.338              58              58
  163        -718.592    1108.823        -718.494    1108.909             163             163
  203        -845.000    -756.078        -845.055    -755.978             203             203
    4        -502.314    -101.949        -502.355    -101.895               4               4
   54         357.637    -635.308         357.560    -635.323              54              54
  114        1136.678     385.111        1136.719     385.050             114             114
  188        -779.297    -560.239        -779.297    -560.167             188             188
   90       -1046.172    -570.379       -1046.211    -570.319              90              90
  158       -1801.914     230.165       -1801.976     230.278             158             158
   96         942.184    -292.784         942.055    -292.849              96              96
  133        2179.488     -11.571        2179.466     -11.729             133             133
   83          67.915    -118.717          67.927    -118.735              83              83
  199         647.494     282.756         647.527     282.692             199             199
  145         329.862     543.821         329.935     543.791             145             145
  129        -407.447     771.394        -407.357     771.439             129             129
  147       -1269.460     539.988       -1269.438     540.120             147             147
  174         547.475     -58.444         547.442     -58.438             174             174
  230        -399.471     424.009        -399.449     424.104             230             230
  133        -570.183   -1577.799        -570.343   -1577.711             133             133
   59         696.066   -1108.072         695.941   -1108.159              59              59
  147         799.287     885.906         799.367     885.819             147             147
  164       -2015.503     506.740       -2015.509     506.927             164             164
   46        1776.315    -346.914        1776.223    -346.996              46              46
  217        -101.847   -1128.871        -101.951   -1128.839             217             217
  212        1075.754   -1558.305        1075.625   -1558.439             212             212
  166        -643.875     424.179        -643.853     424.155             166             166
  238         199.326     341.754         199.292     341.690             238             238
  191        1485.161    1021.631        1485.217    1021.495             191             191
  199         492.519     263.577         492.562     263.533             199             199
   99        -409.924    1269.372        -409.834    1269.425              99              99
  164         467.420      24.818         467.377      24.817             164             164
   98        1061.042    1096.826        1061.108    1096.793              98              98
  212         753.000      -0.031         753.000       0.000             212             212
    3        1061.180   -1096.756        1061.110   -1096.791               3               3
   89         467.332     -24.814         467.377     -24.816              89              89
   64        -409.736   -1269.481        -409.832   -1269.426              64              64
   44         492.607    -263.485         492.562    -263.533              44              44
  167        1485.280   -1021.342        1485.219   -1021.491             167             167
  224         199.254    -341.618         199.292    -341.689             224             224
  214        -643.829    -424.128        -643.853    -424.155             214             214
  130        1075.476    1558.593        1075.623    1558.440             130             130
  188        -102.077    1128.802        -101.955    1128.839             188             188
   22        1776.113     347.098        1776.221     347.000              22              22
  143       -2015.516    -507.154       -2015.508    -506.931             143             143
    9         799.468    -885.712         799.369    -885.817               9               9
  245         695.782    1108.267         695.938    1108.161             245             245
  239        -570.547    1577.600        -570.347    1577.710             239             239
  231        -399.419    -424.226        -399.447    -424.105             231             231
  156         547.400      58.431         547.442      58.438             156             156
   81       -1269.408    -540.300       -1269.438    -540.124              81              81
   89        -407.235    -771.500        -407.355    -771.439              89              89
  244         330.036    -543.749         329.937    -543.789             244             244
   26         647.571    -282.604         647.526    -282.692              26              26
  248          67.944     118.763          67.927     118.736             248             248
  170        2179.436      11.958        2179.466      11.734             170             170
   38         941.867     292.945         942.054     292.851              38              38
  210       -1802.066    -230.449       -1801.976    -230.282             210             210
   72       -1046.273     570.224       -1046.213     570.315              72              72
  251        -779.299     560.058        -779.299     560.166             251             251
  244        1136.783    -384.951        1136.719    -385.046             244             244
  110         357.439     635.346         357.559     635.323             110             110
   68        -502.421     101.808        -502.356     101.894              68              68
  224        -845.145     755.815        -845.057     755.975             224             224
  119        -718.331   -1109.051        -718.491   -1108.910             119             119
  115         630.867    -241.292         630.806    -241.338             115             115
   86          34.382    -371.873          34.341    -371.842              86              86
   24         736.046   -1773.137         735.901   -1773.268              24              24
  200       -1572.382    1528.011       -1572.222    1528.137             200             200
  199         967.821    -780.068         967.708    -780.153             199             199
  173         181.387    -232.012         181.423    -232.071             173             173
   35       -1812.207     455.331       -1812.168     455.502              35              35
  187        -125.535     212.995        -125.613     213.025             187             187
  107         988.167    -675.325         988.049    -675.438             107             107
  245        -298.440    -709.437        -298.543    -709.493             245             245
   29         733.636    1146.949         733.736    1146.780              29              29
  130        -410.941    1011.966        -410.872    1011.997             130             130
   73        1571.541     739.603        1571.599     739.450              73              73
   68         272.213     153.789         272.262     153.773              68              68
  218         450.427     774.569         450.525     774.529             218             218
   42        1423.515     700.035        1423.670     699.926              42              42
   48        -281.382    -197.032        -281.289    -196.964              48              48
   48        -196.676     365.915        -196.549     365.935              48              48
  133        -451.662     996.351        -451.462     996.428             133             133
  141       -1411.790    1024.096       -1411.638    1024.349             141             141
  115       -1174.883     -71.710       -1174.957     -71.473             115             115
  204         104.712     182.422         104.639     182.485             204             204
  106         520.052     340.274         520.027     340.308             106             106
  251        1561.266    -178.179        1561.281    -178.249             251             251
   87        -352.064   -1057.028        -352.098   -1056.927              87              87
  212        -554.959     -22.028        -554.925     -21.936             212             212
  115        -176.835    -946.712        -176.931    -946.709             115             115
  132        -435.119    1338.944        -434.946    1338.999             132             132
   68         -51.593      81.634         -51.560      81.724              68              68
   76       -1281.855     -68.253       -1281.880     -68.023              76              76
  144        -289.806    -309.212        -289.926    -309.127             144             144
  146         144.397     451.620         144.375     451.673             146             146
  179         661.109    -530.011         661.000    -530.000             179             179
  109         916.295   -1016.752         916.203   -1016.848             109             109
  204        -437.510     248.944        -437.433     248.990             204             204
   86         381.660     516.713         381.767     516.715              86              86
  144        -399.961     427.848        -399.834     428.025             144             144
  244       -1146.249   -1228.795       -1146.389   -1228.545             244             244
  226        -653.855    -265.446        -653.928    -265.298             226             226
   11        -803.467   -1104.946        -803.699   -1104.786              11              11
  131         678.159   -1215.386         677.922   -1215.504             131             131
   24         498.963     414.886         499.025     414.805              24              24
   68        -379.101    -587.063        -379.160    -586.983              68              68
  214         -14.475    -621.476         -14.539    -621.480             214             214
  171        -883.203    -174.142        -883.215    -174.033             171             171
  250       -1653.266    -640.883       -1653.473    -640.680             250             250
   39        1097.523    -335.532        1097.347    -335.740              39              39
   84         -99.028     875.884         -98.979     875.890              84              84
  135        1038.642    -271.992        1038.568    -272.091             135             135
  140         181.180    -143.533         181.191    -143.539             140             140
  227        -891.657     358.196        -891.658     358.389             227             227
  143        1457.556   -1460.256        1457.326   -1460.406             143             143
   57         181.180    -961.252         181.125    -961.350              57              57
    9        -480.181     696.697        -480.021     696.718               9               9
  117        -919.290     351.392        -919.232     351.597             117             117
  252       -1108.844   -1648.594       -1109.169   -1648.394             252             252
  163        1205.474   -1137.462        1205.260   -1137.702             163             163
   56        -394.450   -1211.303        -394.588   -1211.416              56              56
  232          -9.530     923.901          -9.353     923.743             232             232
    6       -1750.913     448.728       -1750.846     448.913               6               6
  183       -1246.139    -434.478       -1246.313    -434.415             183             183
   33       -1520.301    1962.421       -1520.261    1962.579              33              33
   26        1794.155      45.551        1793.976      45.318              26              26
  223        -397.026     492.788        -397.040     492.846             223             223
  163         311.321      54.713         311.194      54.662             163             163
  130         871.953     530.872         871.955     530.739             130             130
    4         -77.749     -88.085         -77.810     -88.101               4               4
  187        -214.034    1250.351        -213.953    1250.377             187             187
  203         573.519     534.968         573.491     534.945             203             203
  180         448.371     459.436         448.374     459.442             180             180
  120        -239.453     187.634        -239.535     187.744             120             120
  188        1738.739     344.550        1738.745     344.370             188             188
  194        -596.506     443.019        -596.449     443.241             194             194
   24         930.235    -363.024         930.160    -362.990              24              24
  107        -915.620   -1953.984        -915.944   -1953.775             107             107
  148         110.364   -1389.155         110.054   -1389.281             148             148
   25         -82.454     486.749         -82.474     486.639              25              25
  191        -101.683     455.869        -101.739     455.853             191             191
   53          75.873    -288.301          75.647    -288.359              53              53
  175        1988.110    1221.819        1988.216    1221.513             175             175
   72         -44.651    -488.730         -44.721    -488.689              72              72
  243         -96.628     264.218         -96.652     264.221             243             243
   75          66.399      68.285          66.304      68.266              75              75
   22         346.679     737.091         346.673     737.070              22              22
  154         626.470    -312.545         626.311    -312.590             154             154
   32        1065.397    -332.430        1065.307    -332.606              32              32
   33        -306.175     -17.572        -306.210     -17.569              33              33
   93         340.337     510.954         340.356     510.875              93              93
   34        -588.202    -256.387        -588.330    -256.353              34              34
    4        -165.507    1844.747        -165.350    1844.773               4               4
  180        -656.866      91.425        -657.043      91.616             180             180
   40        -630.496     305.112        -630.741     305.236              40              40
   16        -218.745    1442.175        -218.899    1442.306              16              16
   44        -109.039     342.371        -109.486     342.586              44              44
  207          84.849    -730.482          84.026    -730.347             207             207
   91       -2329.287    -688.770       -2331.047    -688.344              91              91
