SINAL     NFT                         FFT                         NFT INVERSA     FFT INVERSA
-----     -----------------------     -----------------------     -----------     -----------
  149       33385.000       0.000       33385.000       0.000             149             149
  212        -335.308    -100.167        -335.301    -100.167             212             212
  115         -85.745    -505.776         -85.738    -505.776             115             115
  137        -170.990    -504.510        -170.984    -504.510             137             137
   43         577.080     937.411         577.089     937.409              43              43
   21          56.507    -289.507          56.515    -289.507              21              21
   62        -711.739     309.614        -711.732     309.615              62              62
  144        1121.907    1175.529        1121.920    1175.526             144             144
  126       -1086.090     367.500       -1086.078     367.511             126             126
  139       -1300.363    -856.288       -1300.364    -856.278             139             139
  197         505.107    -651.453         505.107    -651.456             197             197
  234        -643.499     393.054        -643.495     393.058             234             234
   84        1886.186    -326.590        1886.189    -326.603              84              84
  113        -933.864    -102.170        -933.854    -102.164             113             113
   83        -630.621     607.035        -630.613     607.041              83              83
  211        -166.308    -201.934        -166.311    -201.933             211             211
   17         674.245     589.245         674.251     589.240              17              17
  194        1017.337    -729.639        1017.336    -729.650             194             194
  149        -118.236     947.247        -118.216     947.246             149             149
   52        -596.765     838.295        -596.754     838.307              52              52
  169         298.716     241.814         298.713     241.818             169             169
   29        1733.026      99.581        1733.031      99.567              29              29
  216        -104.545    -235.296        -104.541    -235.286             216             216
   92        1085.934    -447.172        1085.934    -447.184              92              92
  119         127.022      -9.552         127.032      -9.552             119             119
  169          75.472     250.238          75.480     250.241             169             169
  247         774.406      18.257         774.411      18.252             247             247
   34         400.137     352.213         400.151     352.217              34              34
  245        -554.636    -989.960        -554.655    -989.940             245             245
  106        1822.039    -488.448        1822.028    -488.481             106             106
    5        1554.100     322.062        1554.124     322.035               5               5
   72        -110.362     153.333        -110.339     153.347              72              72
  237         531.660    -985.539         531.653    -985.540             237             237
  250         388.556    -444.219         388.561    -444.223             250             250
   11         542.028   -1804.040         542.006   -1804.061              11              11
  143         142.332     356.269         142.358     356.243             143             143
  227         -89.500    1236.496         -89.460    1236.498             227             227
   40        1125.991    -770.298        1125.992    -770.320              40              40
  217        -564.388     -43.866        -564.368     -43.860             217             217
  155         396.822     681.548         396.854     681.536             155             155
   41        -481.691     308.079        -481.671     308.101              41              41
  135         935.810    -705.749         935.806    -705.771             135             135
  162        -196.136      91.061        -196.112      91.062             162             162
  111        -112.709    -143.078        -112.698    -143.081             111             111
   91         -55.374    -279.664         -55.371    -279.680              91              91
  236         338.992    1293.976         339.041    1293.951             236             236
   26         363.737    1825.717         363.809    1825.723              26              26
  232         702.448      57.491         702.484      57.499             232             232
  182       -1313.468     284.686       -1313.432     284.755             182             182
  104         -52.705   -1439.701         -52.741   -1439.689             104             104
  251         372.288     449.592         372.324     449.577             251             251
  161        -416.377     514.383        -416.330     514.412             161             161
   24       -1264.023    -720.836       -1264.033    -720.780              24              24
   36        -674.264    -602.897        -674.295    -602.884              36              36
   35        1044.749    1254.882        1044.796    1254.849              35              35
  236        -359.166    -438.881        -359.163    -438.856             236             236
   45         690.864     893.141         690.923     893.135              45              45
  133        -906.428    -815.245        -906.425    -815.190             133             133
   21        -932.424      77.051        -932.405      77.101              21              21
  176       -1367.033   -1443.167       -1367.093   -1443.117             176             176
  175        -266.900     658.090        -266.900     658.093             175             175
  114         476.918    -283.012         476.892    -283.021             114             114
  247         841.306   -1047.530         841.273   -1047.581             247             247
  192        -116.168     742.339        -116.116     742.311             192             192
  172        -500.095    2068.962        -500.001    2069.000             172             172
  164         768.732    -658.970         768.729    -658.968             164             164
   93       -2017.414    -140.787       -2017.411    -140.694              93              93
  228         913.728      61.152         913.733      61.111             228             228
  118       -2217.523     985.940       -2217.488     986.047             118             118
   99         615.722     743.231         615.720     743.241              99              99
  183        -266.629    -234.644        -266.662    -234.592             183             183
  206         923.189     311.614         923.188     311.611             206             206
  112         529.601     140.010         529.620     140.049             112             112
   25        -844.330   -1580.754        -844.407   -1580.656              25              25
   24         479.521   -2005.651         479.404   -2005.659              24              24
  179         549.003   -1741.580         548.913   -1741.637             179             179
  201         548.485    -529.017         548.463    -529.099             201             201
   75         661.753     625.313         661.807     625.239              75              75
  255       -1001.536    1265.267       -1001.470    1265.321             255             255
    4         328.285     168.875         328.267     168.898               4               4
  170         851.081    -937.269         851.019    -937.279             170             170
   45        1178.651   -1824.936        1178.568   -1825.011              45              45
   46         797.957    -521.811         797.966    -521.903              46              46
  142         311.148    -168.991         311.188    -169.066             142             142
  210       -1003.226     650.630       -1003.172     650.626             210             210
   60         747.109    1724.358         747.207    1724.295              60              60
   97         160.228    1439.459         160.328    1439.486              97              97
  168         694.396    -647.751         694.397    -647.759             168             168
   54        -807.216     587.496        -807.157     587.555              54              54
  180         795.126    -370.097         795.131    -370.130             180             180
  121       -1254.154     512.373       -1254.109     512.451             121             121
   42         444.533     616.307         444.552     616.317              42              42
  206        1020.989    -604.614        1020.971    -604.631             206             206
   19         588.378   -1787.020         588.324   -1787.081              19              19
   45        -350.183    1566.751        -350.039    1566.751              45              45
  169         263.424   -1348.840         263.392   -1348.872             169             169
   65        -493.789    1176.474        -493.653    1176.459              65              65
  134       -1603.206    1152.449       -1603.117    1152.550             134             134
   10         335.736     978.902         335.800     978.905              10              10
  214        -257.178     935.654        -257.083     935.716             214             214
  196       -1067.253     478.943       -1067.203     479.072             196             196
   72        -554.586     749.669        -554.544     749.788              72              72
   26        -683.515    -355.085        -683.563    -354.937              26              26
  165         707.436   -1177.624         707.353   -1177.581             165             165
  249        -700.890   -3043.130        -701.088   -3043.091             249             249
  152        -118.737     684.281        -118.706     684.244             152             152
  203         164.194    -137.242         164.182    -137.242             203             203
  238       -1083.937    -380.386       -1084.009    -380.294             238             238
  112        2927.183   -1209.647        2927.106   -1209.862             112             112
  205        -533.496      87.486        -533.398      87.503             205             205
  169       -1689.854   -1436.511       -1689.950   -1436.442             169             169
  247         820.942     804.876         820.985     804.745             247             247
  165          20.106     411.250          20.162     411.204             165             165
   66         200.960    1043.823         201.080    1043.772              66              66
  254       -1422.745    2114.220       -1422.574    2114.358             254             254
   78         -23.523     -31.338         -23.545     -31.270              78              78
   26         -40.001     689.383         -39.949     689.447              26              26
    8        -623.358    -300.303        -623.399    -300.184               8               8
  144         368.484    -450.410         368.415    -450.384             144             144
  204        1347.560   -1153.581        1347.490   -1153.674             204             204
   14         248.320     421.453         248.420     421.434              14              14
  143        -373.594     -25.519        -373.538     -25.451             143             143
  192         109.519   -1275.394         109.494   -1275.398             192             192
  188       -2108.791     -41.603       -2108.757     -41.474             188             188
  186        -700.316     565.824        -700.303     565.870             186             186
   42        -293.101     411.301        -293.095     411.354              42              42
  218        -159.875    -625.012        -159.944    -624.979             218             218
  239         127.464     -81.622         127.459     -81.638             239             239
   22        -525.000      -0.039        -525.000       0.000              22              22
   45         127.452      81.655         127.458      81.639              45              45
  209        -160.017     624.944        -159.945     624.979             209             209
  174        -293.086    -411.410        -293.094    -411.355             174             174
  146        -700.284    -565.920        -700.300    -565.871             146             146
  192       -2108.720      41.328       -2108.757      41.469             192             192
   29         109.463    1275.404         109.491    1275.399              29              29
   29        -373.475      25.374        -373.537      25.450              29              29
  202         248.534    -421.410         248.420    -421.432             202             202
   71        1347.405    1153.786        1347.488    1153.677              71              71
  246         368.330     450.355         368.413     450.384             246             246
   31        -623.449     300.042        -623.399     300.183              31              31
   14         -39.885    -689.524         -39.948    -689.447              14              14
  221         -23.571      31.186         -23.545      31.269             221             221
   84       -1422.355   -2114.534       -1422.569   -2114.361              84              84
  111         201.235   -1043.706         201.083   -1043.772             111             111
   84          20.234    -411.145          20.162    -411.204              84              84
  238         821.042    -804.573         820.986    -804.744             238             238
  131       -1690.082    1436.344       -1689.953    1436.438             131             131
  187        -533.265     -87.527        -533.398     -87.504             187             187
   10        2926.998    1210.165        2927.104    1209.867              10              10
  234       -1084.110     380.161       -1084.009     380.291             234             234
  125         164.166     137.241         164.183     137.242             125             125
   90        -118.658    -684.192        -118.704    -684.244              90              90
  245        -701.382    3043.033        -701.092    3043.090             245             245
  141         707.225    1177.519         707.350    1177.582             141             141
  205        -683.635     354.710        -683.563     354.934             205             205
   65        -554.475    -749.973        -554.541    -749.790              65              65
  107       -1067.127    -479.275       -1067.204    -479.074             107             107
  205        -256.930    -935.817        -257.080    -935.717             205             205
   52         335.907    -978.911         335.803    -978.905              52              52
  251       -1602.967   -1152.716       -1603.113   -1152.552             251             251
   87        -493.425   -1176.435        -493.652   -1176.460              87              87
   84         263.334    1348.928         263.390    1348.873              84              84
   53        -349.785   -1566.754        -350.036   -1566.753              53              53
   90         588.224    1787.187         588.322    1787.082              90              90
   12        1020.938     604.664        1020.970     604.633              12              12
   59         444.590    -616.334         444.555    -616.317              59              59
  124       -1254.024    -512.599       -1254.108    -512.453             124             124
   24         795.141     370.195         795.131     370.132              24              24
  250        -807.042    -587.671        -807.156    -587.556             250             250
  188         694.395     647.777         694.395     647.760             188             188
  255         160.531   -1439.540         160.332   -1439.486             255             255
  118         747.409   -1724.167         747.212   -1724.293             118             118
    3       -1003.061    -650.621       -1003.172    -650.628               3               3
  143         311.272     169.222         311.188     169.067             143             143
  130         797.984     522.104         797.965     521.907             130             130
  187        1178.383    1825.177        1178.564    1825.015             187             187
  179         850.880     937.303         851.018     937.280             179             179
   95         328.228    -168.950         328.267    -168.898              95              95
  229       -1001.311   -1265.446       -1001.466   -1265.322             229             229
  177         661.933    -625.063         661.808    -625.237             177             177
  196         548.409     529.295         548.462     529.100             196             196
  159         548.689    1741.777         548.909    1741.638             159             159
   82         479.112    2005.679         479.401    2005.660              82              82
  255        -844.606    1580.407        -844.412    1580.654             255             255
  128         529.670    -140.149         529.621    -140.049             128             128
  178         923.185    -311.602         923.188    -311.611             178             178
   37        -266.750     234.455        -266.662     234.592              37              37
  242         615.717    -743.266         615.722    -743.239             242             242
  131       -2217.389    -986.348       -2217.487    -986.051             131             131
  136         913.748     -60.992         913.733     -61.109             136             136
  173       -2017.403     140.424       -2017.411     140.691             173             173
   10         768.720     658.965         768.728     658.971              10              10
  117        -499.714   -2069.113        -499.999   -2069.000             117             117
   39        -115.953    -742.228        -116.115    -742.312              39              39
  229         841.169    1047.743         841.272    1047.582             229             229
  237         476.806     283.053         476.891     283.022             237             237
  135        -266.895    -658.101        -266.899    -658.092             135             135
   51       -1367.305    1442.940       -1367.097    1443.113              51              51
  100        -932.338     -77.279        -932.404     -77.104             100             100
  177        -906.413     814.992        -906.426     815.187             177             177
   17         691.134    -893.110         690.924    -893.134              17              17
    7        -359.158     438.758        -359.165     438.854               7               7
  131        1044.978   -1254.721        1044.798   -1254.848             131             131
   76        -674.413     602.828        -674.296     602.882              76              76
  161       -1264.074     720.553       -1264.034     720.778             161             161
  182        -416.136    -514.534        -416.328    -514.414             182             182
  179         372.477    -449.510         372.326    -449.575             179             179
   45         -52.898    1439.634         -52.743    1439.688              45              45
   56       -1313.275    -285.061       -1313.432    -284.757              56              56
  244         702.646     -57.535         702.484     -57.499             244             244
  205         364.148   -1825.745         363.813   -1825.722             205             205
  155         339.283   -1293.830         339.045   -1293.950             155             155
  233         -55.352     279.756         -55.370     279.680             233             233
  171        -112.638     143.090        -112.696     143.079             171             171
   93        -195.982     -91.063        -196.110     -91.061              93              93
  254         935.784     705.888         935.805     705.772             254             254
   73        -481.562    -308.219        -481.671    -308.101              73              73
    4         397.040    -681.467         396.856    -681.536               4               4
   55        -564.251      43.830        -564.368      43.861              55              55
  220        1125.994     770.458        1125.991     770.323             220             220
   65         -89.211   -1236.510         -89.458   -1236.498              65              65
   20         142.525    -356.085         142.358    -356.244              20              20
  251         541.855    1804.205         542.004    1804.063             251             251
   68         388.596     444.246         388.560     444.223              68              68
   71         531.600     985.551         531.652     985.541              71              71
    0        -110.175    -153.451        -110.339    -153.347               0               0
  185        1554.311    -321.821        1554.125    -322.033             185             185
   77        1821.938     488.756        1822.027     488.485              77              77
  170        -554.819     989.778        -554.656     989.940             170             170
   76         400.282    -352.257         400.153    -352.217              76              76
    4         774.456     -18.194         774.411     -18.250               4               4
  107          75.556    -250.271          75.480    -250.241             107             107
  244         127.121       9.553         127.031       9.553             244             244
   63        1085.927     447.306        1085.933     447.185              63              63
  102        -104.505     235.183        -104.542     235.286             102             102
  181        1733.080     -99.398        1733.030     -99.563             181             181
   52         298.689    -241.871         298.714    -241.819              52              52
  240        -596.610    -838.464        -596.753    -838.308             240             240
   36        -117.960    -947.231        -118.215    -947.245              36              36
  190        1017.302     729.818        1017.333     729.652             190             190
  252         674.336    -589.163         674.252    -589.239             252             252
   20        -166.359     201.890        -166.312     201.931              20              20
  195        -630.468    -607.145        -630.611    -607.040             195             195
  153        -933.686     102.044        -933.856     102.162             153             153
  202        1886.257     326.891        1886.189     326.606             202             202
   52        -643.387    -393.156        -643.494    -393.059              52              52
   83         505.071     651.549         505.106     651.457              83              83
  235       -1300.397     855.971       -1300.366     856.274             235             235
   48       -1085.727    -367.827       -1086.078    -367.512              48              48
  207        1122.390   -1175.385        1121.922   -1175.524             207             207
  210        -711.412    -309.695        -711.732    -309.617             210             210
    1          56.858     289.508          56.513     289.508               1               1
   23         577.669    -937.288         577.091    -937.407              23              23
  158        -170.525     504.545        -170.985     504.510             158             158
  119         -84.966     505.747         -85.739     505.776             119             119
  202        -333.553     100.066        -335.301     100.165             202             202
