SINAL     NFT                         FFT                         NFT INVERSA     FFT INVERSA
-----     -----------------------     -----------------------     -----------     -----------
   40       31770.000       0.000       31770.000       0.000              40              40
   28         863.752    -465.101         863.759    -465.101              28              28
  162         476.365    -295.062         476.372    -295.063             162             162
  159        -113.454    -238.013        -113.447    -238.013             159             159
   18        -112.101     -77.204        -112.094     -77.205              18              18
  101         -65.253     774.357         -65.243     774.356             101             101
   81        -216.812     374.184        -216.802     374.185              81              81
   86        -378.625     691.196        -378.614     691.199              86              86
  176        -352.029    -557.832        -352.022    -557.828             176             176
  203        -598.025   -1052.036        -598.021   -1052.035             203             203
   23       -1454.216     594.252       -1454.204     594.257              23              23
  233       -1665.050    -506.466       -1665.050    -506.459             233             233
  240        -693.527    1298.904        -693.519    1298.905             240             240
  233         302.001     499.426         302.005     499.425             233             233
  150         357.254     324.397         357.261     324.394             150             150
  245        -644.440     447.310        -644.434     447.316             245             245
   57         872.673     374.367         872.680     374.359              57              57
   63        -477.170     653.646        -477.158     653.654              63              63
  142         653.142    -420.207         653.143    -420.213             142             142
  232        -308.783    1413.343        -308.759    1413.350             232             232
  149        -165.894    -359.188        -165.896    -359.178             149             149
   26         522.672    -192.261         522.673    -192.265              26              26
  148         446.723    -217.842         446.728    -217.851             148             148
  164         439.308    1631.883         439.344    1631.881             164             164
   29         -43.910    -640.180         -43.903    -640.169              29              29
    4        -468.240     270.945        -468.221     270.956               4               4
  112       -1447.382    -123.728       -1447.383    -123.700             112             112
  151        1038.731      12.988        1038.730      12.973             151             151
  163         845.145     660.446         845.172     660.440             163             163
  179         497.657    -368.388         497.680    -368.381             179             179
  218       -1700.356   -1816.753       -1700.364   -1816.723             218             218
   45       -1255.783     226.344       -1255.769     226.354              45              45
  146       -1344.377     358.712       -1344.371     358.733             146             146
    0         -39.862     930.877         -39.843     930.880               0               0
  236       -1735.164    -106.353       -1735.178    -106.310             236             236
  252        1389.038     825.758        1389.040     825.736             252             252
  230        1067.856    -282.208        1067.862    -282.217             230             230
  237        -545.633    -978.284        -545.643    -978.271             237             237
  198        1068.293     600.110        1068.329     600.079             198             198
   73       -1503.215     974.465       -1503.169     974.514              73              73
  145        -199.766    -413.718        -199.766    -413.694             145             145
  116        -623.271    -215.822        -623.262    -215.795             116             116
  102       -1677.242     282.676       -1677.236     282.740             102             102
   58         -25.444   -1460.415         -25.498   -1460.400              58              58
  255         648.836    -435.592         648.826    -435.609             255             255
  161         -22.462    -887.102         -22.467    -887.105             161             161
  159       -1342.134     100.348       -1342.123     100.386             159             159
   49         233.482   -1498.071         233.443   -1498.089              49              49
   28        -961.676     629.726        -961.646     629.741              28              28
  125        -998.047    -977.466        -998.081    -977.450             125             125
   14        -588.019     888.547        -588.002     888.546              14              14
  127        -597.228     577.131        -597.229     577.152             127             127
   89        1025.987    -135.731        1025.982    -135.761              89              89
   86       -1253.857     115.714       -1253.847     115.760              86              86
  205        -645.587    -647.899        -645.631    -647.882             205             205
  194         423.543      96.047         423.523      96.013             194             194
   54        1212.551    1049.597        1212.595    1049.547              54              54
  122        -398.901     942.372        -398.846     942.411             122             122
  178        -714.648   -1079.450        -714.682   -1079.402             178             178
   41         -78.361    -944.330         -78.397    -944.343              41              41
  210        -349.250    1048.441        -349.206    1048.445             210             210
   52        -980.999    -788.941        -981.042    -788.906              52              52
   77         718.617     271.275         718.620     271.225              77              77
  236        -508.838     882.304        -508.795     882.313             236             236
  221        -694.035    1067.961        -694.000    1068.000             221             221
  203          98.731     567.588          98.743     567.611             203             203
   55        -337.525       2.465        -337.533       2.505              55              55
   62        -224.149     441.405        -224.147     441.445              62              62
   95         662.521    -141.854         662.508    -141.840              95              95
    6          64.353    -896.960          64.323    -896.924               6               6
   99         -55.055   -1640.599         -55.115   -1640.590              99              99
  241        -586.566    -643.067        -586.586    -643.059             241             241
  110        -223.378    -269.485        -223.386    -269.489             110             110
   24        -725.928    -989.448        -725.970    -989.443              24              24
  244        -962.266     495.337        -962.256     495.349             244             244
   41        -549.588     368.025        -549.606     368.041              41              41
  149         742.327    -288.263         742.298    -288.311             149             149
   97        -650.774    -293.736        -650.789    -293.741              97              97
  221        -480.670    1437.436        -480.615    1437.435             221             221
   83        -578.790    1002.928        -578.767    1002.974              83              83
  221        -448.606     406.949        -448.634     407.009             221             221
   29        1145.053   -1203.243        1144.961   -1203.293              29              29
   95        -743.880     -76.115        -743.911     -76.106              95              95
  120        1346.024     976.995        1346.046     976.911             120             120
   20         702.326    -306.127         702.326    -306.180              20              20
  165        -909.126    1600.534        -909.043    1600.576             165             165
  122        1032.572     465.043        1032.590     465.005             122             122
  127        -291.263     987.010        -291.196     987.048             127             127
  135        -387.081    1191.522        -387.024    1191.601             135             135
  158         305.567    -160.438         305.543    -160.388             158             158
   66         721.168     368.906         721.213     368.942              66              66
   53       -1768.774   -2340.110       -1768.913   -2339.970              53              53
  134         432.532    -295.266         432.476    -295.323             134             134
   88         100.831    1602.155         100.909    1602.172              88              88
  197         844.962    -480.499         844.949    -480.485             197             197
  147       -1719.909    -711.712       -1719.958    -711.570             147             147
  203         918.425    -531.233         918.371    -531.266             203             203
   12       -1390.755    -273.984       -1390.793    -273.870              12              12
  226         490.408    -463.988         490.332    -463.979             226             226
  197          54.297   -1698.822          54.167   -1698.820             197             197
   55        -384.791    -129.779        -384.839    -129.768              55              55
  201         340.282   -1126.395         340.156   -1126.440             201             201
  178         890.632     654.097         890.645     654.022             178             178
   11         398.815    -562.654         398.770    -562.676              11              11
  186          35.978     481.163          35.989     481.183             186             186
   45         784.316   -1747.587         784.179   -1747.634              45              45
  112         585.567     -79.759         585.566     -79.825             112             112
   99         531.655   -1260.839         531.597   -1260.922              99              99
  210       -1067.039    1215.018       -1066.953    1215.054             210             210
    4         207.539    -288.708         207.491    -288.721               4               4
  237        -757.881     310.012        -757.913     310.066             237             237
    4        1634.928    -406.367        1634.855    -406.475               4               4
   35         757.602    -384.308         757.600    -384.373              35              35
   47       -1180.442    -530.643       -1180.503    -530.596              47              47
  216        1547.943    1384.788        1548.014    1384.670             216             216
  199          -8.192    -451.149          -8.219    -451.111             199             199
   81         157.805    -789.596         157.728    -789.611              81              81
  166         183.320    -136.710         183.275    -136.746             166             166
   51        1226.406     174.102        1226.401     174.003              51              51
   23         644.074    -521.450         644.048    -521.511              23              23
  251         261.454     847.202         261.517     847.195             251             251
   60        1471.761   -1422.478        1471.665   -1422.582              60              60
  191        1434.595    -391.824        1434.663    -391.987             191             191
  184       -1244.605    1061.418       -1244.429    1061.522             184             184
   14       -1048.516   -2001.428       -1048.672   -2001.366              14              14
  193         437.199    1086.063         437.286    1085.982             193             193
    7        -835.774   -1166.866        -835.869   -1166.840               7               7
  142         -62.527    1458.800         -62.449    1458.769             142             142
  196        1102.000       0.062        1102.000       0.000             196             196
   15         -62.365   -1458.736         -62.446   -1458.768              15              15
  187        -835.971    1166.811        -835.871    1166.839             187             187
  165         437.382   -1085.896         437.289   -1085.980             165             165
  241       -1048.845    2001.298       -1048.676    2001.365             241             241
  152       -1244.234   -1061.634       -1244.426   -1061.522             152             152
   78        1434.736     392.171        1434.662     391.990              78              78
    3        1471.555    1422.703        1471.662    1422.587               3               3
   23         261.590    -847.187         261.518    -847.195              23              23
  130         644.015     521.587         644.046     521.514             130             130
    2        1226.397    -173.884        1226.402    -174.001               2               2
  213         183.221     136.791         183.274     136.748             213             213
   14         157.635     789.629         157.728     789.611              14              14
  203          -8.253     451.064          -8.220     451.112             203             203
  197        1548.105   -1384.519        1548.016   -1384.666             197             197
  209       -1180.580     530.535       -1180.503     530.594             209             209
  176         757.596     384.458         757.599     384.374             176             176
  156        1634.757     406.625        1634.854     406.480             156             156
   36        -757.956    -310.141        -757.914    -310.068              36              36
  238         207.427     288.741         207.491     288.723             238             238
  185       -1066.831   -1215.107       -1066.951   -1215.056             185             185
  151         531.512    1261.042         531.594    1260.925             151             151
   17         585.564      79.918         585.565      79.826              17              17
   33         783.978    1747.702         784.175    1747.636              33              33
   50          36.006    -481.212          35.990    -481.183              50              50
  242         398.698     562.711         398.767     562.677             242             242
   30         890.667    -653.907         890.646    -654.020              30              30
  216         339.959    1126.511         340.153    1126.441             216             216
   34        -384.913     129.750        -384.838     129.767              34              34
  116          53.953    1698.816          54.161    1698.819             116             116
   53         490.207     463.968         490.330     463.982              53              53
  100       -1390.858     273.682       -1390.794     273.866             100             100
   28         918.281     531.325         918.370     531.267              28              28
  210       -1720.048     711.321       -1719.961     711.566             210             210
  221         844.925     480.465         844.948     480.488             221             221
   81         101.051   -1602.201         100.913   -1602.172              81              81
  156         432.377     295.424         432.477     295.323             156             156
   62       -1769.175    2339.710       -1768.919    2339.966              62              62
   34         721.295    -369.008         721.212    -368.941              34              34
   22         305.499     160.294         305.543     160.388              22              22
  207        -386.913   -1191.753        -387.023   -1191.601             207             207
  118        -291.060    -987.124        -291.194    -987.050             118             118
  223        1032.626    -464.926        1032.590    -465.002             223             223
    9        -908.872   -1600.663        -909.040   -1600.578               9               9
   57         702.326     306.290         702.326     306.181              57              57
  250        1346.096    -976.733        1346.048    -976.909             250             250
  239        -743.981      76.087        -743.913      76.105             239             239
  110        1144.759    1203.405        1144.957    1203.296             110             110
  179        -448.697    -407.143        -448.634    -407.010             179             179
    2        -578.716   -1003.077        -578.767   -1002.974               2               2
  138        -480.486   -1437.432        -480.613   -1437.435             138             138
   39        -650.826     293.752        -650.790     293.741              39              39
   61         742.227     288.427         742.297     288.312              61              61
  132        -549.647    -368.081        -549.605    -368.041             132             132
  216        -962.235    -495.379        -962.257    -495.350             216             216
   88        -726.080     989.429        -725.973     989.442              88              88
  102        -223.405     269.497        -223.385     269.488             102             102
    2        -586.642     643.037        -586.589     643.058               2               2
  166         -55.279    1640.568         -55.119    1640.591             166             166
  211          64.241     896.830          64.321     896.925             211             211
   24         662.472     141.801         662.508     141.841              24              24
   70        -224.142    -441.559        -224.146    -441.446              70              70
   92        -337.555      -2.623        -337.533      -2.506              92              92
  211          98.781    -567.679          98.745    -567.612             211             211
  115        -693.894   -1068.118        -694.000   -1068.000             115             115
  136        -508.658    -882.341        -508.793    -882.313             136             136
   10         718.631    -271.060         718.620    -271.223              10              10
  151        -981.183     788.792        -981.044     788.905             151             151
  117        -349.054   -1048.462        -349.204   -1048.446             117             117
  159         -78.520     944.389         -78.398     944.344             159             159
  138        -714.809    1079.235        -714.686    1079.400             138             138
  182        -398.646    -942.551        -398.844    -942.412             182             182
  184        1212.755   -1049.365        1212.596   -1049.545             184             184
  198         423.450     -95.884         423.522     -96.011             198             198
   34        -645.802     647.818        -645.633     647.881              34              34
  172       -1253.813    -115.939       -1253.848    -115.761             172             172
   32        1025.959     135.882        1025.982     135.763              32              32
   71        -597.228    -577.241        -597.228    -577.153              71              71
  181        -587.928    -888.544        -588.001    -888.547             181             181
   47        -998.228     977.381        -998.083     977.449              47              47
  129        -961.512    -629.806        -961.645    -629.742             129             129
  191         233.257    1498.170         233.439    1498.089             191             191
  226       -1342.073    -100.567       -1342.123    -100.388             226             226
   90         -22.497     887.119         -22.468     887.104              90              90
   80         648.780     435.695         648.825     435.610              80              80
  105         -25.775    1460.325         -25.501    1460.399             105             105
   84       -1677.206    -283.079       -1677.236    -282.744              84              84
  171        -623.212     215.649        -623.261     215.793             171             171
   89        -199.774     413.564        -199.767     413.694              89              89
   65       -1502.906    -974.803       -1503.167    -974.519              65              65
   90        1068.535    -599.892        1068.329    -600.077              90              90
  136        -545.704     978.192        -545.644     978.270             136             136
  210        1067.898     282.275        1067.861     282.219             210             210
   59        1389.061    -825.594        1389.043    -825.734              59              59
  198       -1735.278     106.021       -1735.179     106.307             198             198
  156         -39.717    -930.902         -39.841    -930.880             156             156
   41       -1344.330    -358.879       -1344.371    -358.734              41              41
   26       -1255.666    -226.443       -1255.768    -226.356              26              26
  120       -1700.442    1816.479       -1700.367    1816.719             120             120
   62         497.856     368.333         497.679     368.382              62              62
  230         845.395    -660.387         845.172    -660.439             230             230
  127        1038.720     -12.840        1038.730     -12.972             127             127
   23       -1447.389     123.436       -1447.382     123.696              23              23
  119        -468.044    -271.064        -468.221    -270.957             119             119
  113         -43.850     640.071         -43.905     640.170             113             113
   70         439.721   -1631.859         439.346   -1631.880              70              70
  183         446.782     217.958         446.727     217.852             183             183
  197         522.686     192.324         522.672     192.266             197             197
  120        -165.917     359.061        -165.897     359.178             120             120
   95        -308.449   -1413.436        -308.757   -1413.350              95              95
  128         653.145     420.311         653.142     420.215             128             128
  156        -476.985    -653.771        -477.157    -653.655             156             156
  127         872.791    -374.232         872.681    -374.358             127             127
  225        -644.323    -447.421        -644.434    -447.316             225             225
  128         357.384    -324.340         357.262    -324.394             128             128
  207         302.081    -499.384         302.006    -499.423             207             207
  147        -693.337   -1298.937        -693.517   -1298.907             147             147
   78       -1665.060     506.285       -1665.051     506.456              78              78
  225       -1453.897    -594.407       -1454.202    -594.260             225             225
  190        -597.916    1052.002        -598.022    1052.034             190             190
   33        -351.830     557.708        -352.022     557.827              33              33
  172        -378.191    -691.312        -378.612    -691.200             172             172
   92        -216.386    -374.215        -216.802    -374.186              92              92
  136         -64.712    -774.308         -65.240    -774.356             136             136
  222        -111.621      77.280        -112.094      77.206             222             222
  111        -112.838     238.056        -113.447     238.014             111             111
  254         477.250     295.179         476.371     295.064             254             254
    3         865.382     465.239         863.758     465.105               3               3
