SINAL     NFT                         FFT                         NFT INVERSA     FFT INVERSA
-----     -----------------------     -----------------------     -----------     -----------
  115       34016.000       0.000       34016.000       0.000             115             115
  216          15.282     509.000          15.289     509.001             216             216
  216        -608.802     164.291        -608.794     164.292             216             216
   39       -1251.264    -176.493       -1251.258    -176.489              39              39
  127          11.869    -923.912          11.872    -923.910             127             127
   51        1611.842   -1081.920        1611.845   -1081.924              51              51
  176         -40.435   -1319.981         -40.431   -1319.982             176             176
   87         291.082    -153.643         291.089    -153.647              87              87
  155        -445.974     108.552        -445.968     108.552             155             155
  208        1235.599    -178.507        1235.604    -178.517             208             208
  192         -44.081    1311.677         -44.065    1311.675             192             192
   52        1109.336    1084.871        1109.352    1084.869              52              52
  177          67.649    -802.295          67.657    -802.291             177             177
  162       -1826.183    -350.393       -1826.178    -350.381             162             162
  139         347.942     281.321         347.947     281.315             139             139
  227         282.680     865.917         282.695     865.915             227             227
   56        -353.499     569.698        -353.486     569.706              56              56
   47        -346.298     386.984        -346.291     386.994              47              47
  204         986.601      49.973         986.607      49.970             204             204
  142         272.972    -225.465         272.983    -225.462             142             142
  162       -1678.214     -36.324       -1678.209     -36.297             162             162
   77          -9.892    -605.376          -9.908    -605.372              77              77
  199        2209.073    -209.368        2209.075    -209.399             199             199
   97         -35.432    1083.298         -35.399    1083.301              97              97
   59       -1101.273    -171.518       -1101.267    -171.492              59              59
  180        -447.507     241.192        -447.510     241.208             180             180
   64        1226.372    -347.825        1226.361    -347.832              64              64
  196        1827.962    -884.715        1827.964    -884.738             196             196
  167       -1467.474    -640.741       -1467.469    -640.716             167             167
  196        -109.537     386.827        -109.533     386.830             196             196
   57         862.580      -5.744         862.578      -5.749              57              57
   44         956.861    -862.414         956.856    -862.424              44              44
  191        -407.173   -1422.058        -407.190   -1422.058             191             191
  108         254.624    1028.660         254.648    1028.646             108             108
  115         529.123     -94.940         529.126     -94.945             115             115
   72         249.168    -756.078         249.154    -756.087              72              72
   14        1746.748     583.916        1746.776     583.869              14              14
   45         485.612     594.655         485.658     594.646              45              45
  111        -882.558    1185.661        -882.510    1185.702             111             111
  165         477.303    -724.707         477.296    -724.692             165             165
  102         716.082    -663.585         716.093    -663.586             102             102
   62        -805.002   -1802.945        -805.021   -1802.927              62              62
  203       -1036.095     541.768       -1036.074     541.787             203             203
  146         417.554    -363.854         417.548    -363.862             146             146
  178         -50.893    -596.308         -50.896    -596.310             178             178
   94        -353.783     235.471        -353.765     235.476              94              94
  210        -399.430     145.123        -399.425     145.142             210             210
  238         387.293    -756.632         387.270    -756.638             238             238
   99         600.956    -674.456         600.947    -674.487              99              99
  227         286.269     422.935         286.308     422.916             227             227
  212       -1312.987    -201.308       -1312.983    -201.269             212             212
  154        -173.969    -372.716        -173.998    -372.728             154             154
  122        1492.228    1224.740        1492.268    1224.680             122             122
  146         252.841     635.967         252.879     635.967             146             146
  155        1037.226     691.990        1037.275     691.975             155             155
   12           5.636    -235.472           5.666    -235.452              12              12
   43        -345.458     479.012        -345.410     479.046              43              43
  223         117.642    -399.301         117.663    -399.277             223             223
  227       -1512.153    -284.421       -1512.143    -284.339             227             227
  246        -105.347   -1542.647        -105.403   -1542.637             246             246
  211        -652.559     417.590        -652.546     417.618             211             211
   61        1071.701   -1352.989        1071.661   -1353.025              61              61
   28        -749.697    -247.193        -749.682    -247.178              28              28
   77        -441.324     114.260        -441.315     114.280              77              77
   19          84.051   -1429.982          84.000   -1430.000              19              19
  173        -585.100     512.546        -585.075     512.542             173             173
  223         267.117     739.972         267.149     739.965             223             223
  139         202.230    -517.238         202.221    -517.236             139             139
  222         406.982    -507.170         406.998    -507.196             222             222
  240       -2533.466     217.033       -2533.458     217.135             240             240
  209         999.037       2.382         999.006       2.335             209             209
   49         479.779     -13.856         479.783     -13.879              49              49
  241         855.572      72.701         855.608      72.666             241             241
   58        -927.735    -333.643        -927.720    -333.592              58              58
    1         -55.443    -883.464         -55.469    -883.471               1               1
    2        -613.712    -510.523        -613.719    -510.530               2               2
  247       -1037.784     635.594       -1037.762     635.612             247             247
   87          37.904     406.392          37.902     406.375              87              87
   78         426.961     687.986         426.994     687.966              78              78
   65        -887.694    -693.008        -887.746    -692.977              65              65
    4        1220.249     753.574        1220.268     753.476               4               4
   61         961.510    1884.718         961.633    1884.678              61              61
   75         249.759     480.484         249.829     480.521              75              75
  117        -252.660    -594.499        -252.645    -594.460             117             117
  232       -1523.554     950.062       -1523.496     950.173             232             232
  241         854.721    -117.400         854.721    -117.387             241             241
    9       -1646.653   -1352.882       -1646.729   -1352.757               9               9
  173         567.159    -991.179         567.073    -991.217             173             173
  132         834.427    -355.569         834.417    -355.634             132             132
  148         -78.561    -223.798         -78.552    -223.807             148             148
  202         337.084    -452.225         337.082    -452.266             202             202
   66         -83.424     495.221         -83.357     495.212              66              66
  190        -900.169    -397.386        -900.168    -397.339             190             190
  102        -934.767     128.376        -934.778     128.424             102             102
  204         869.573    -623.269         869.524    -623.335             204             204
   34         -83.119    -485.336         -83.130    -485.375              34              34
  235         -50.847     335.998         -50.809     335.942             235             235
   90        -305.428    1539.782        -305.318    1539.784              90              90
  157        -153.609    -307.958        -153.621    -307.954             157             157
  109        -153.391    1206.047        -153.306    1206.054             109             109
  138        -355.260    -670.568        -355.305    -670.556             138             138
   73         379.889    1059.113         379.964    1059.051              73              73
   62        -367.895    1778.149        -367.766    1778.195              62              62
  104        -471.570     440.900        -471.560     440.995             104             104
   70        1447.701    -778.080        1447.656    -778.151              70              70
  178         567.996     797.769         568.128     797.745             178             178
  218       -1436.829     140.024       -1436.759     140.174             218             218
   64        -766.920   -1772.635        -767.030   -1772.588              64              64
  220        -657.188     585.958        -657.148     585.952             220             220
  197        -158.591    1109.934        -158.502    1109.944             197             197
   95       -1558.261      41.525       -1558.278      41.648              95              95
   67         553.735     558.211         553.750     558.183              67              67
  141       -1131.711      49.572       -1131.731      49.668             141             141
  250         340.596     -16.154         340.548     -16.194             250             250
  255         596.650    1824.320         596.775    1824.306             255             255
  116         469.289   -1008.347         469.248   -1008.351             116             116
   40       -1131.726    1435.447       -1131.603    1435.550              40              40
  158         -67.845      68.747         -67.856      68.818             158             158
  200        -197.962   -1085.133        -198.049   -1085.107             200             200
    6        -536.523     563.546        -536.498     563.562               6               6
  134         -17.181    1131.539         -17.126    1131.559             134             134
  225         798.961     428.525         799.007     428.505             225             225
   53       -1221.397    1151.862       -1221.296    1152.035              53              53
  137        -433.847    -637.274        -433.937    -637.154             137             137
   70        -446.894    -202.307        -446.971    -202.219              70              70
  130         586.169    -281.130         586.088    -281.120             130             130
   76         294.911   -1578.092         294.739   -1578.121              76              76
  189        1082.199    1173.518        1082.270    1173.419             189             189
   57         508.000      -0.008         508.000       0.000              57              57
  129        1082.348   -1173.315        1082.273   -1173.417             129             129
   27         294.557    1578.151         294.736    1578.121              27              27
  226         586.001     281.111         586.086     281.121             226             226
  194        -447.055     202.123        -446.972     202.218             194             194
   62        -434.036     637.023        -433.938     637.153              62              62
  146       -1221.183   -1152.229       -1221.294   -1152.037             146             146
   70         799.059    -428.482         799.007    -428.504              70              70
  169         -17.061   -1131.581         -17.124   -1131.559             169             169
   34        -536.468    -563.581        -536.497    -563.563              34              34
  106        -198.153    1085.075        -198.051    1085.106             106             106
  253         -67.869     -68.904         -67.856     -68.819             253             253
  129       -1131.452   -1435.677       -1131.601   -1435.552             129             129
  175         469.194    1008.358         469.245    1008.353             175             175
  143         596.934   -1824.287         596.778   -1824.305             143             143
  172         340.488      16.244         340.547      16.193             172             172
  144       -1131.755     -49.793       -1131.730     -49.669             144             144
  165         553.770    -558.144         553.751    -558.182             165             165
  102       -1558.300     -41.818       -1558.277     -41.652             102             102
  228        -158.381   -1109.957        -158.501   -1109.944             228             228
  164        -657.091    -585.944        -657.146    -585.952             164             164
   81        -767.189    1772.520        -767.034    1772.586              81              81
  208       -1436.661    -140.390       -1436.759    -140.176             208             208
  166         568.321    -797.710         568.130    -797.744             166             166
  196        1447.588     778.259        1447.655     778.154             196             196
  148        -471.545    -441.138        -471.559    -440.996             148             148
  144        -367.565   -1778.265        -367.761   -1778.196             144             144
   32         380.081   -1058.956         379.966   -1059.051              32              32
   62        -355.377     670.538        -355.306     670.556              62              62
  228        -153.169   -1206.064        -153.303   -1206.054             228             228
   17        -153.642     307.948        -153.622     307.955              17              17
   68        -305.136   -1539.789        -305.316   -1539.785              68              68
  120         -50.746    -335.849         -50.809    -335.942             120             120
  225         -83.149     485.444         -83.130     485.376             225             225
   69         869.440     623.451         869.524     623.337              69              69
  226        -934.799    -128.511        -934.778    -128.426             226             226
   16        -900.169     397.251        -900.169     397.337              16              16
  214         -83.231    -495.197         -83.354    -495.212             214             214
  110         337.078     452.345         337.082     452.267             110             110
   78         -78.535     223.824         -78.552     223.807              78              78
   96         834.395     355.760         834.415     355.635              96              96
   87         566.901     991.292         567.070     991.218              87              87
  202       -1646.883    1352.504       -1646.731    1352.753             202             202
  155         854.721     117.364         854.720     117.389             155             155
  118       -1523.375    -950.403       -1523.494    -950.175             118             118
  240        -252.615     594.378        -252.646     594.459             240             240
   31         249.978    -480.598         249.830    -480.520              31              31
  112         961.903   -1884.590         961.636   -1884.676             112             112
  124        1220.311    -753.258        1220.269    -753.475             124             124
  247        -887.865     692.903        -887.748     692.975             247             247
  101         427.073    -687.920         426.996    -687.966             101             101
    3          37.900    -406.335          37.902    -406.374               3               3
  217       -1037.705    -635.658       -1037.759    -635.614             217             217
    1        -613.737     510.545        -613.720     510.528               1               1
   83         -55.536     883.489         -55.471     883.471              83              83
  141        -927.683     333.460        -927.721     333.590             141             141
   56         855.697     -72.576         855.607     -72.666              56              56
  250         479.794      13.939         479.783      13.880             250             250
  186         998.924      -2.208         999.007      -2.333             186             186
  253       -2533.436    -217.419       -2533.458    -217.140             253             253
  166         407.040     507.272         406.998     507.198             166             166
   77         202.197     517.231         202.220     517.237              77              77
   42         267.244    -739.942         267.150    -739.964              42              42
   55        -584.997    -512.531        -585.073    -512.543              55              55
  215          83.846    1430.053          84.000    1430.000             215             215
   39        -441.281    -114.343        -441.313    -114.280              39              39
    7        -749.634     247.124        -749.682     247.176               7               7
  101        1071.526    1353.149        1071.659    1353.028             101             101
   57        -652.499    -417.715        -652.544    -417.619              57              57
  254        -105.594    1542.601        -105.405    1542.637             254             254
  249       -1512.111     284.050       -1512.144     284.336             249             249
  247         117.731     399.195         117.662     399.277             247             247
  187        -345.240    -479.170        -345.410    -479.047             187             187
  153           5.776     235.380           5.666     235.452             153             153
  234        1037.467    -691.912        1037.278    -691.973             234             234
   55         253.031    -635.967         252.881    -635.967              55              55
   77        1492.434   -1224.434        1492.271   -1224.676              77              77
  211        -174.116     372.776        -173.998     372.727             211             211
  152       -1312.969     201.107       -1312.983     201.267             152             152
  236         286.475    -422.833         286.308    -422.915             236             236
  178         600.908     674.620         600.947     674.487             178             178
  249         387.165     756.671         387.269     756.639             249             249
  109        -399.400    -145.231        -399.424    -145.143             109             109
  145        -353.683    -235.504        -353.766    -235.476             145             145
  111         -50.911     596.325         -50.896     596.312             111             111
  240         417.518     363.899         417.548     363.862             240             240
   66       -1035.961    -541.889       -1036.072    -541.789              66              66
  123        -805.127    1802.829        -805.025    1802.925             123             123
   92         716.144     663.591         716.091     663.586              92              92
   82         477.254     724.609         477.295     724.692              82              82
  249        -882.224   -1185.944        -882.507   -1185.703             249             249
  155         485.936    -594.589         485.660    -594.645             155             155
  184        1746.948    -583.571        1746.776    -583.865             184             184
  237         249.064     756.148         249.153     756.087             237             237
  197         529.147      94.981         529.127      94.947             197             197
   78         254.820   -1028.555         254.651   -1028.646              78              78
  246        -407.319    1422.061        -407.192    1422.058             246             246
   59         956.819     862.501         956.855     862.425              59              59
  176         862.578       5.798         862.580       5.751             176             176
  244        -109.503    -386.858        -109.533    -386.830             244             244
  164       -1467.436     640.505       -1467.470     640.714             164             164
   20        1827.979     884.951        1827.963     884.741              20              20
  176        1226.269     347.904        1226.362     347.835             176             176
  112        -447.532    -241.371        -447.509    -241.210             112             112
  161       -1101.220     171.229       -1101.268     171.489             161             161
  144         -35.046   -1083.347         -35.397   -1083.303             144             144
  130        2209.095     209.764        2209.075     209.405             130             130
   62         -10.095     605.332          -9.910     605.372              62              62
  193       -1678.157      35.967       -1678.209      36.295             193             193
   25         273.117     225.426         272.982     225.462              25              25
   12         986.685     -49.915         986.606     -49.968              12              12
   41        -346.195    -387.140        -346.291    -386.995              41              41
  209        -353.290    -569.825        -353.485    -569.706             209             209
   74         282.947    -865.874         282.697    -865.915              74              74
  107         348.037    -281.213         347.947    -281.315             107             107
   23       -1826.085     350.114       -1826.179     350.376              23              23
    2          67.822     802.216          67.657     802.292               2               2
  129        1109.742   -1084.788        1109.356   -1084.867             129             129
  141         -43.658   -1311.629         -44.063   -1311.675             141             141
   59        1235.746     178.815        1235.605     178.520              59              59
  176        -445.779    -108.549        -445.968    -108.553             176             176
  136         291.318     153.805         291.088     153.647             136             136
  168         -40.328    1320.036         -40.434    1319.983             168             168
  128        1611.962    1082.146        1611.842    1081.928             128             128
   80          11.985     923.796          11.870     923.910              80              80
  163       -1250.779     176.137       -1251.259     176.485             163             163
   74        -607.843    -164.515        -608.795    -164.294              74              74
  184          17.208    -509.063          15.290    -509.001             184             184
