SINAL     NFT                         FFT                         NFT INVERSA     FFT INVERSA
-----     -----------------------     -----------------------     -----------     -----------
  211       32198.000       0.000       32198.000       0.000             211             211
   98         495.779   -1274.469         495.785   -1274.470              98              98
  218        1046.495     164.171        1046.502     164.170             218             218
  103         366.798    -347.186         366.804    -347.187             103             103
  220         611.238     -23.027         611.245     -23.030             220             220
    4         585.427    1917.868         585.440    1917.867               4               4
  245         464.765     215.928         464.775     215.930             245             245
   26        -549.646     -97.372        -549.637     -97.367              26              26
   89        -548.843    -745.374        -548.840    -745.370              89              89
  179         137.119      -3.723         137.125      -3.724             179             179
   98         848.348     -52.256         848.355     -52.259              98              98
  204        -477.239    -747.267        -477.235    -747.265             204             204
  189        -614.054     -92.652        -614.051     -92.650             189             189
   48        1113.539     373.604        1113.545     373.594              48              48
  245        1082.724     251.892        1082.736     251.883             245             245
  197        -106.814     111.774        -106.799     111.774             197             197
  107       -1781.334     245.970       -1781.329     245.985             107             107
  154        1569.744    1354.774        1569.757    1354.757             154             154
    5         637.829    1658.722         637.854    1658.725               5               5
   90        1412.749     302.187        1412.765     302.188              90              90
  115         108.903    -714.275         108.912    -714.260             115             115
  180        -308.719   -1845.006        -308.730   -1845.000             180             180
   14         388.512     786.548         388.536     786.541              14              14
   51        -415.007      33.690        -414.991      33.705              51              51
  207       -1127.981    -869.049       -1127.987    -869.027             207             207
   39         333.659     353.197         333.667     353.196              39              39
  246        -341.433    -682.334        -341.440    -682.321             246             246
  225         213.417   -1281.767         213.396   -1281.776             225             225
  176         840.590    1317.396         840.620    1317.382             176             176
   75          29.488   -1117.994          29.480   -1117.988              75              75
  195        -116.308    -142.407        -116.303    -142.407             195             195
  133         305.154    -834.570         305.145    -834.582             133             133
   28         -32.760     361.728         -32.747     361.718              28              28
  141         820.900     242.887         820.913     242.865             141             141
   71         572.659     -67.416         572.677     -67.440              71              71
   12        -156.631    1733.849        -156.573    1733.851              12              12
  217        -602.766     543.849        -602.743     543.880             217             217
  200         222.745    -205.486         222.745    -205.476             200             200
  150         806.813    -560.650         806.816    -560.666             150             150
  142          43.224     297.049          43.260     297.046             142             142
  147       -1322.300     374.291       -1322.274     374.328             147             147
  213          86.362     613.709          86.384     613.716             213             213
  196         -11.139     656.769         -11.104     656.794             196             196
  253       -1393.906   -1429.859       -1393.936   -1429.805             253             253
  107        -206.143    -419.924        -206.160    -419.926             107             107
    0         -71.680     -35.034         -71.681     -35.044              -0               0
   96        -490.449     846.796        -490.429     846.803              96              96
  183        -118.219    1345.851        -118.192    1345.870             183             183
   36         658.890     -83.068         658.881     -83.065              36              36
  161         944.668    1036.164         944.715    1036.168             161             161
   57        -833.925   -1292.318        -833.955   -1292.259              57              57
  105         726.495    -155.321         726.498    -155.327             105             105
  162        -819.452   -1174.602        -819.481   -1174.566             162             162
  187        -110.141    -422.032        -110.163    -422.037             187             187
  247         670.884     979.355         670.918     979.343             247             247
  151         601.070    -991.044         601.058    -991.044             151             151
  217        -763.890    -527.738        -763.884    -527.706             217             217
  215       -1810.118    -801.315       -1810.166    -801.256             215             215
   38        1633.342    -169.049        1633.315    -169.124              38              38
   76         478.608     287.627         478.644     287.604              76              76
   78       -1651.682      15.095       -1651.680      15.159              78              78
  182         635.123      66.527         635.108      66.508             182             182
   76        -239.415    -495.866        -239.442    -495.859              76              76
   40         199.498     499.979         199.503     499.976              40              40
   29         416.061   -1231.976         416.000   -1232.000              29              29
   24         213.009     834.577         213.037     834.555              24              24
  105         523.897    -372.575         523.873    -372.597             105             105
  115         730.614      63.718         730.619      63.678             115             115
    7         431.489    -127.397         431.495    -127.427               7               7
  220         520.243     279.344         520.272     279.307             220             220
  121        -289.612     639.629        -289.571     639.639             121             121
  205         478.061     124.675         478.076     124.658             205             205
   44        -684.300     223.859        -684.290     223.894              44              44
   84         788.468      -2.584         788.463      -2.620              84              84
  255        -261.634      -0.241        -261.634      -0.240             255             255
   67          35.737     980.992          35.760     980.991              67              67
  224        1566.913     163.900        1566.913     163.840             224             224
   59        1010.301     389.080        1010.347     389.054              59              59
  143         863.417    -943.966         863.423    -943.998             143             143
  231       -1160.720    -585.559       -1160.715    -585.528             231             231
  218          86.045      68.272          86.051      68.222             218             218
  154         386.117     964.550         386.185     964.488             154             154
   28        -931.122    1579.056        -931.038    1579.091              28              28
  134         661.401    1522.499         661.466    1522.485             134             134
  126         550.044     738.081         550.092     738.087             126             126
  109          51.015    1053.553          51.075    1053.598             109             109
  108        1166.378    -231.158        1166.382    -231.182             108             108
   81         211.875    1062.206         211.973    1062.237              81              81
  176         115.505     -55.933         115.539     -55.878             176             176
  158        -841.384      60.732        -841.372      60.844             158             158
  178         670.682   -1825.353         670.570   -1825.367             178             178
  132         643.228     -76.664         643.237     -76.723             132             132
  249        1397.083     490.659        1397.170     490.568             249             249
  163       -1024.536    1308.367       -1024.405    1308.470             163             163
   79         903.320   -1132.265         903.301   -1132.273              79              79
  108       -1026.620    -260.786       -1026.580    -260.721             108             108
   36         354.687      59.737         354.747      59.718              36              36
  166       -1966.593     335.676       -1966.532     335.818             166             166
  105        -417.032    -265.894        -417.050    -265.841             105             105
  243       -1047.429    -685.265       -1047.489    -685.197             243             243
   84        1001.103      29.741        1001.109      29.662              84              84
  249        -140.814      -6.758        -140.749      -6.757             249             249
  186       -2456.044    -617.567       -2456.072    -617.446             186             186
   19        -569.251    1393.752        -569.209    1393.752              19              19
  205         -54.531     762.128         -54.518     762.133             205             205
  145         533.923     748.650         533.974     748.618             145             145
  122       -1031.830    1033.457       -1031.758    1033.541             122             122
   19        -580.498    1608.890        -580.428    1608.986              19              19
  203         622.949     470.343         622.957     470.395             203             203
  227         -44.041    -866.873         -44.091    -866.814             227             227
  113       -1010.492     608.847       -1010.465     608.960             113             113
    7         172.892    -351.687         172.840    -351.638               7               7
  128        -723.449   -1678.765        -723.601   -1678.726             128             128
    5         246.405    1638.289         246.490    1638.248               5               5
  179        -533.517     561.434        -533.509     561.524             179             179
  114        -123.531    -817.856        -123.647    -817.833             114             114
   86         591.808    1138.343         591.859    1138.298              86              86
  161        -950.522     825.094        -950.515     825.216             161             161
  137         762.241     -12.364         762.153     -12.372             137             137
   66        1540.492     881.565        1540.539     881.512              66              66
  213        -861.648    -748.531        -861.744    -748.404             213             213
   32        1781.048     258.183        1781.019     258.082              32              32
  176         670.048    -777.269         669.991    -777.309             176             176
  163         623.922     933.676         624.003     933.629             163             163
   70         203.713     385.864         203.744     385.876              70              70
  233         611.733    1378.532         611.839    1378.549             233             233
  193         595.582     -75.856         595.587     -75.810             193             193
   10         238.835     130.318         238.863     130.374              10              10
   89         -10.000      -0.081         -10.000       0.000              89              89
  171         238.891    -130.434         238.863    -130.376             171             171
   15         595.593      75.765         595.587      75.811              15              15
  198         611.955   -1378.567         611.842   -1378.549             198             198
   41         203.778    -385.890         203.744    -385.877              41              41
  181         624.095    -933.579         624.006    -933.629             181             181
  215         669.928     777.354         669.990     777.310             215             215
  149        1780.987    -257.965        1781.019    -258.079             149             149
  187        -861.854     748.259        -861.745     748.403             187             187
  218        1540.595    -881.447        1540.540    -881.509             218             218
   80         762.049      12.383         762.152      12.373              80              80
  156        -950.506    -825.365        -950.515    -825.219             156             156
   79         591.923   -1138.244         591.861   -1138.298              79              79
  193        -123.793     817.803        -123.650     817.831             193             193
   81        -533.499    -561.639        -533.509    -561.526              81              81
   33         246.600   -1638.197         246.493   -1638.248              33              33
  151        -723.799    1678.677        -723.603    1678.727             151             151
  194         172.770     351.572         172.838     351.637             194             194
  152       -1010.426    -609.114       -1010.463    -608.963             152             152
   31         -44.161     866.733         -44.093     866.813              31              31
   43         622.969    -470.464         622.958    -470.394              43              43
  123        -580.328   -1609.122        -580.425   -1608.988             123             123
  197       -1031.655   -1033.661       -1031.757   -1033.543             197             197
  225         534.047    -748.571         533.974    -748.618             225             225
  211         -54.499    -762.140         -54.517    -762.133             211             211
   10        -569.143   -1393.755        -569.207   -1393.754              10              10
  143       -2456.116     617.257       -2456.073     617.442             143             143
  122        -140.651       6.755        -140.750       6.757             122             122
  123        1001.117     -29.538        1001.109     -29.661             123             123
    4       -1047.587     685.087       -1047.491     685.194               4               4
   12        -417.079     265.756        -417.050     265.841              12              12
  102       -1966.432    -336.055       -1966.532    -335.823             102             102
   62         354.848     -59.686         354.747     -59.718              62              62
  219       -1026.513     260.605       -1026.580     260.718             219             219
   42         903.265    1132.292         903.300    1132.275              42              42
  187       -1024.167   -1308.656       -1024.400   -1308.472             187             187
  150        1397.327    -490.403        1397.170    -490.566             150             150
  162         643.255      76.832         643.238      76.724             162             162
    9         670.358    1825.394         670.567    1825.368               9               9
  106        -841.349     -61.058        -841.371     -60.847             106             106
   58         115.604      55.774         115.539      55.879              58              58
  115         212.167   -1062.298         211.976   -1062.238             115             115
  102        1166.390     231.231        1166.382     231.183             102             102
   28          51.201   -1053.689          51.079   -1053.598              28              28
  192         550.192    -738.098         550.093    -738.086             192             192
   79         661.609   -1522.455         661.471   -1522.484              79              79
  186        -930.856   -1579.167        -931.034   -1579.093             186             186
   29         386.337    -964.352         386.189    -964.486              29              29
  207          86.063     -68.112          86.051     -68.222             207             207
   89       -1160.706     585.451       -1160.715     585.524              89              89
   11         863.435     944.074         863.422     944.000              11              11
   20        1010.458    -388.990        1010.349    -389.052              20              20
  116        1566.912    -163.694        1566.912    -163.837             116             116
  233          35.819    -980.989          35.762    -980.990             233             233
  182        -261.632       0.235        -261.633       0.239             182             182
  195         788.450       2.714         788.462       2.622             195             195
    9        -684.265    -223.984        -684.290    -223.894               9               9
  118         478.118    -124.611         478.077    -124.656             118             118
  131        -289.462    -639.668        -289.570    -639.641             131             131
   74         520.354    -279.203         520.273    -279.306              74              74
   60         431.507     127.512         431.493     127.429              60              60
  152         730.634     -63.565         730.619     -63.677             152             152
   65         523.804     372.662         523.873     372.598              65              65
   22         213.118    -834.492         213.039    -834.555              22              22
  104         415.818    1232.072         416.000    1232.000             104             104
   39         199.524    -499.965         199.505    -499.975              39              39
  198        -239.529     495.831        -239.443     495.857             198             198
  188         635.060     -66.443         635.108     -66.506             188             188
   89       -1651.679     -15.378       -1651.682     -15.162              89              89
  254         478.766    -287.519         478.645    -287.601             254             254
  118        1633.224     169.386        1633.315     169.126             118             118
  238       -1810.341     801.039       -1810.168     801.252             238             238
  219        -763.865     527.590        -763.885     527.705             219             219
    1         601.008     991.047         601.056     991.045               1               1
  182         671.049    -979.297         670.920    -979.342             182             182
  168        -110.250     422.057        -110.163     422.037             168             168
   73        -819.603    1174.419        -819.484    1174.564              73              73
  109         726.510     155.355         726.498     155.328             109             109
   34        -834.085    1292.015        -833.958    1292.257              34              34
   45         944.918   -1036.179         944.718   -1036.166              45              45
  219         658.839      83.057         658.880      83.066             219             219
  126        -118.058   -1345.955        -118.188   -1345.870             126             126
  126        -490.325    -846.837        -490.426    -846.804             126             126
  153         -71.685      35.091         -71.681      35.044             153             153
  146        -206.245     419.929        -206.161     419.924             146             146
    5       -1394.097    1429.530       -1393.939    1429.802               5               5
   45         -10.918    -656.923         -11.102    -656.795              45              45
   62          86.504    -613.753          86.386    -613.716              62              62
  102       -1322.135    -374.529       -1322.274    -374.329             102             102
  202          43.464    -297.028          43.261    -297.045             202             202
  122         806.831     560.763         806.815     560.668             122             122
   47         222.744     205.418         222.744     205.476              47              47
   65        -602.599    -544.073        -602.742    -543.882              65              65
   48        -156.190   -1733.867        -156.568   -1733.851              48              48
  149         572.789      67.593         572.677      67.440             149             149
  112         821.004    -242.708         820.914    -242.861             112             112
   55         -32.655    -361.647         -32.747    -361.718              55              55
  114         305.073     834.680         305.144     834.584             114             114
   75        -116.265     142.403        -116.303     142.406              75              75
   65          29.409    1117.941          29.478    1117.989              65              65
  111         840.879   -1317.255         840.623   -1317.381             111             111
  154         213.210    1281.855         213.394    1281.777             154             154
   34        -341.505     682.198        -341.441     682.320              34              34
  171         333.748    -353.189         333.669    -353.196             171             171
   37       -1128.057     868.810       -1127.988     869.027              37              37
  205        -414.822     -33.861        -414.990     -33.706             205             205
  163         388.804    -786.469         388.538    -786.541             163             163
   63        -308.865    1844.925        -308.733    1844.998              63              63
  153         109.013     714.082         108.911     714.260             153             153
  182        1412.971    -302.196        1412.765    -302.186             182             182
  120         638.205   -1658.761         637.859   -1658.723             120             120
  235        1569.953   -1354.500        1569.760   -1354.753             235             235
  204       -1781.252    -246.216       -1781.330    -245.986             204             204
  216        -106.556    -111.775        -106.798    -111.774             216             216
   91        1082.960    -251.704        1082.737    -251.881              91              91
  146        1113.665    -373.381        1113.545    -373.592             146             146
   51        -613.997      92.608        -614.051      92.648              51              51
   98        -477.158     747.189        -477.237     747.264              98              98
  120         848.542      52.355         848.356      52.261             120             120
  140         137.267       3.733         137.124       3.723             140             140
  203        -548.756     745.228        -548.842     745.370             203             203
  186        -549.324      97.162        -549.637      97.365             186             186
  134         465.204    -215.990         464.775    -215.929             134             134
   11         586.165   -1917.781         585.445   -1917.866              11              11
  242         611.706      23.230         611.246      23.031             242             242
  203         367.357     347.283         366.804     347.188             203             203
   80        1047.393    -163.956        1046.502    -164.168              80              80
  210         497.244    1274.525         495.782    1274.471             210             210
