SINAL     NFT                         FFT                         NFT INVERSA     FFT INVERSA
-----     -----------------------     -----------------------     -----------     -----------
  124       32020.000       0.000       32020.000       0.000             124             124
  237       -1351.417     244.313       -1351.410     244.313             237             237
  193         821.136      65.593         821.142      65.592             193             193
   66          75.724    1374.337          75.731    1374.337              66              66
  101         912.798    -656.740         912.802    -656.741             101             101
   21        1459.401     941.435        1459.411     941.432              21              21
   63         748.584    -291.485         748.593    -291.486              63              63
  243       -1860.956    -499.021       -1860.949    -499.014             243             243
  195         387.153     755.511         387.162     755.508             195             195
   24         582.155     549.169         582.166     549.169              24              24
   13        -679.529    -517.573        -679.525    -517.568              13              13
  152         748.617     660.720         748.629     660.715             152             152
  169        -481.567    1341.745        -481.549    1341.754             169             169
  145        -219.084    -682.004        -219.084    -681.993             145             145
  132         101.728   -1177.057         101.725   -1177.060             132             132
   71        -881.000    1428.389        -880.983    1428.397              71              71
  234         272.844     257.239         272.848     257.245             234             234
  105        -226.380     -83.701        -226.378     -83.689             105             105
   45         -22.524    -773.229         -22.534    -773.222              45              45
  105        1213.144      92.307        1213.146      92.300             105             105
  108         371.258   -1383.550         371.248   -1383.552             108             108
   34         227.351     824.494         227.367     824.497              34              34
  116         300.692   -2307.198         300.667   -2307.198             116             116
   64        -546.153    -121.844        -546.157    -121.845              64              64
  124        2010.036     -72.210        2010.037     -72.244             124             124
   64         174.606    -531.250         174.609    -531.257              64              64
  240         661.077     -32.647         661.085     -32.667             240             240
  135          16.258     430.167          16.271     430.160             135             135
   30        1685.112     157.813        1685.129     157.775              30              30
   12       -1554.088    1691.546       -1554.051    1691.574              12              12
   97        2218.053     331.880        2218.062     331.852              97              97
  198         163.392     558.153         163.425     558.165             198             198
   12        -333.601   -1082.023        -333.611   -1082.009              12              12
   13         229.036    1058.586         229.064    1058.588              13              13
  195         399.569    -213.338         399.569    -213.325             195             195
   30        1044.429   -2118.367        1044.397   -2118.390              30              30
   28       -1053.382     323.570       -1053.372     323.578              28              28
  108        1987.665     650.737        1987.680     650.686             108             108
   26         959.468     772.008         959.506     771.993              26              26
   96        1273.276     100.657        1273.310     100.642              96              96
  216         -51.095    -288.334         -51.068    -288.319             216             216
  110         322.077    -656.151         322.092    -656.159             110             110
  135        -713.568    1371.288        -713.508    1371.320             135             135
  129         788.509   -1149.523         788.499   -1149.523             129             129
  167        -217.001    -621.852        -216.991    -621.845             167             167
   27         850.560    -220.541         850.589    -220.569              27              27
  133        -724.029     107.929        -723.982     107.947             133             133
  247       -1417.136     499.744       -1417.102     499.793             247             247
   80          57.209     229.868          57.226     229.889              80              80
   78         420.757   -1474.596         420.739   -1474.601              78              78
   82        -670.107     631.829        -670.051     631.852              82              82
  152        -978.819    -351.914        -978.805    -351.860             152             152
  208       -1009.489   -1667.656       -1009.533   -1667.621             208             208
  166        -260.872    -254.252        -260.867    -254.258             166             166
  148       -1510.209    -830.303       -1510.233    -830.272             148             148
  160        -217.631     109.068        -217.635     109.048             160             160
   50        -356.649     353.019        -356.635     353.007              50              50
    8        -959.867    1285.982        -959.833    1286.014               8               8
  252         386.210    -456.214         386.176    -456.231             252             252
  195         674.504    1133.463         674.549    1133.432             195             195
  251         -77.773     819.204         -77.728     819.227             251             251
  159         -23.392    -299.971         -23.393    -299.950             159             159
  118         -43.821    -420.163         -43.823    -420.165             118             118
  157        -916.931     714.227        -916.898     714.254             157             157
   96        -801.031    1458.942        -801.000    1459.000              96              96
  136        1852.027     -78.845        1852.015     -78.881             136             136
   71        -411.219    -132.588        -411.212    -132.536              71              71
  182         638.141    -616.723         638.117    -616.726             182             182
  148         357.853     -97.606         357.863     -97.602             148             148
   34         589.288    -590.412         589.285    -590.419              34              34
    9         211.022    -580.593         211.031    -580.594               9               9
   56        -312.599    -320.337        -312.581    -320.315              56              56
   15        -524.425   -1256.009        -524.465   -1255.998              15              15
   36        -163.865     348.598        -163.835     348.577              36              36
  146        -673.735     613.914        -673.706     613.941             146             146
  234         133.113     507.467         133.119     507.477             234             234
  126        1697.655       0.356        1697.676       0.300             126             126
   32         -51.341    -846.299         -51.329    -846.288              32              32
  129        -467.445     187.979        -467.401     187.999             129             129
  107         818.601     120.793         818.664     120.764             107             107
   72       -2142.494    -502.609       -2142.476    -502.495              72              72
  175        -515.030     677.268        -514.998     677.305             175             175
  139          14.120     -26.033          14.134     -26.000             139             139
  243       -1088.849    -478.580       -1088.869    -478.486             243             243
  253         410.462   -1729.008         410.373   -1729.029             253             253
  241        -248.741    -766.802        -248.752    -766.838             241             241
   14        -433.354     736.700        -433.272     736.682              14              14
  122       -2211.850    1127.428       -2211.782    1127.557             122             122
   75        -833.988    -158.908        -834.045    -158.832              75              75
   36         327.795    -645.122         327.723    -645.139              36              36
  232         144.708      82.543         144.707      82.519             232             232
  144        -502.275     952.629        -502.229     952.679             144             144
  196        -102.412   -1306.034        -102.512   -1306.012             196             196
   22         147.255      52.460         147.235      52.436              22              22
  255         914.975    -765.358         914.931    -765.446             255             255
  240         322.303     951.559         322.395     951.498             240             240
  199        -510.486    1139.958        -510.389    1139.991             199             199
  218        -293.388    1185.057        -293.308    1185.127             218             218
   99         261.680    -825.412         261.642    -825.379              99              99
   33         158.701    -284.835         158.723    -284.833              33              33
   14        -636.729    -358.443        -636.700    -358.409              14              14
  177       -1395.965    1021.955       -1395.871    1022.058             177             177
   40       -1525.917    -175.135       -1525.944    -174.997              40              40
  108        -857.956     120.446        -857.987     120.541             108             108
  135       -1335.695    -939.020       -1335.835    -938.905             135             135
   27         677.925    -463.686         677.807    -463.741              27              27
  129        1459.966     319.521        1459.982     319.422             129             129
  193       -1016.597    -377.176       -1016.622    -377.102             193             193
   64         355.350     621.954         355.369     621.948              64              64
   39        -363.415    -613.748        -363.478    -613.696              39              39
  162          -0.158    -100.470          -0.201    -100.453             162             162
  170         385.002    -720.977         384.921    -720.991             170             170
   87         716.501   -1355.034         716.403   -1355.137              87              87
   40        -492.721    1505.457        -492.617    1505.446              40              40
   90         682.600     826.300         682.650     826.280              90              90
   75         513.605      13.999         513.645      14.003              75              75
  158       -1615.177     734.829       -1615.119     735.027             158             158
   97        -252.721   -1998.664        -252.931   -1998.587              97              97
  222         387.602   -1090.597         387.469   -1090.650             222             222
  249         589.670    -147.450         589.632    -147.519             249             249
  233         384.929    -841.587         384.851    -841.643             233             233
  151         222.635    -630.589         222.567    -630.671             151             151
   35        1081.241     356.683        1081.270     356.525              35              35
   63         522.581     678.942         522.673     678.849              63              63
    7         122.906    1080.534         123.046    1080.506               7               7
   98       -1249.750    1035.161       -1249.662    1035.290              98              98
  235         377.084     -19.632         377.054     -19.629             235             235
   71         296.122     791.752         296.188     791.769              71              71
  155        -138.000      -0.081        -138.000       0.000             155             155
  202         296.258    -791.785         296.190    -791.769             202             202
  226         377.022      19.627         377.054      19.630             226             226
  251       -1249.566   -1035.430       -1249.660   -1035.293             251             251
  197         123.197   -1080.477         123.047   -1080.507             197             197
  102         522.775    -678.748         522.675    -678.848             102             102
  161        1081.303    -356.349        1081.271    -356.523             161             161
   32         222.488     630.764         222.565     630.672              32              32
   84         384.761     841.708         384.850     841.644              84              84
  234         589.586     147.601         589.631     147.521             234             234
  238         387.309    1090.714         387.466    1090.651             238             238
  230        -253.186    1998.495        -252.936    1998.586             230             230
  145       -1615.046    -735.269       -1615.118    -735.029             145             145
   17         513.693     -14.005         513.644     -14.002              17              17
  154         682.713    -826.253         682.651    -826.279             154             154
  125        -492.482   -1505.433        -492.614   -1505.447             125             125
  160         716.274    1355.273         716.401    1355.139             160             160
  226         384.811     721.012         384.919     720.992             226             226
  230          -0.259     100.431          -0.202     100.453             230             230
  241        -363.564     613.623        -363.479     613.695             241             241
   81         355.396    -621.937         355.370    -621.946              81              81
  185       -1016.659     376.996       -1016.623     377.100             185             185
   26        1460.002    -319.278        1459.981    -319.419              26              26
  101         677.636     463.821         677.806     463.742             101             101
   65       -1336.040     938.734       -1335.836     938.903              65              65
  132        -858.035    -120.687        -857.988    -120.544             132             132
  219       -1525.985     174.785       -1525.944     174.994             219             219
  137       -1395.722   -1022.220       -1395.867   -1022.062             137             137
  168        -636.655     358.356        -636.700     358.409             168             168
  106         158.760     284.830         158.724     284.833             106             106
  147         261.579     825.325         261.640     825.379             147             147
  129        -293.174   -1185.243        -293.305   -1185.128             129             129
   70        -510.225   -1140.047        -510.388   -1139.991              70              70
  222         322.553    -951.396         322.397    -951.498             222             222
  201         914.851     765.601         914.929     765.447             201             201
  185         147.200     -52.394         147.235     -52.436             185             185
  200        -102.694    1305.974        -102.514    1306.013             200             200
  241        -502.141    -952.774        -502.227    -952.681             241             241
   36         144.705     -82.476         144.707     -82.520              36              36
  132         327.586     645.171         327.722     645.140             132             132
  153        -834.155     158.686        -834.045     158.831             153             153
  254       -2211.648   -1127.818       -2211.780   -1127.562             254             254
   29        -433.106    -736.647        -433.270    -736.682              29              29
  111        -248.776     766.908        -248.753     766.837             111             111
   58         410.187    1729.075         410.371    1729.030              58              58
  123       -1088.911     478.286       -1088.869     478.483             123             123
   87          14.162      25.931          14.133      26.000              87              87
    7        -514.925    -677.383        -514.995    -677.305               7               7
   39       -2142.437     502.242       -2142.477     502.493              39              39
   14         818.806    -120.694         818.665    -120.762              14              14
  205        -467.302    -188.047        -467.401    -188.000             205             205
   52         -51.304     846.262         -51.330     846.288              52              52
    6        1697.724      -0.165        1697.675      -0.298               6               6
  173         133.138    -507.500         133.121    -507.477             173             173
  149        -673.633    -614.009        -673.705    -613.942             149             149
  147        -163.761    -348.525        -163.834    -348.577             147             147
   66        -524.568    1255.970        -524.466    1255.997              66              66
   97        -312.535     320.257        -312.581     320.315              97              97
   90         211.053     580.597         211.030     580.595              90              90
  222         589.275     590.438         589.285     590.419             222             222
  115         357.889      97.592         357.863      97.603             115             115
  151         638.049     616.737         638.117     616.727             151             151
  133        -411.192     132.386        -411.213     132.535             133             133
  134        1851.978      78.989        1852.014      78.885             134             134
   50        -800.907   -1459.174        -801.000   -1459.000              50              50
  250        -916.793    -714.345        -916.897    -714.257             250             250
   80         -43.828     420.168         -43.823     420.164              80              80
   66         -23.398     299.881         -23.394     299.949              66              66
   89         -77.580    -819.304         -77.727    -819.228              89              89
   14         674.709   -1133.324         674.552   -1133.431              14              14
   82         386.053     456.288         386.174     456.231              82              82
  253        -959.708   -1286.128        -959.831   -1286.015             253             253
  171        -356.584    -352.967        -356.634    -353.008             171             171
   65        -217.647    -108.972        -217.634    -109.047              65              65
  243       -1510.325     830.146       -1510.234     830.269             243             243
   75        -260.846     254.280        -260.866     254.257              75              75
  246       -1009.708    1667.481       -1009.535    1667.619             246             246
  196        -978.749     351.641        -978.805     351.859             196             196
   58        -669.815    -631.952        -670.049    -631.854              58              58
  139         420.659    1474.627         420.736    1474.603             139             139
  173          57.299    -229.981          57.226    -229.889             173             173
   23       -1416.941    -500.022       -1417.100    -499.796              23              23
  215        -723.761    -108.038        -723.980    -107.949             215             215
   41         850.728     220.704         850.590     220.570              41              41
   64        -216.946     621.809        -216.993     621.844              64              64
  149         788.447    1149.528         788.498    1149.525             149             149
   91        -713.198   -1371.486        -713.505   -1371.322              91              91
  195         322.167     656.205         322.091     656.160             195             195
   63         -50.920     288.242         -51.067     288.319              63              63
  145        1273.500    -100.548        1273.311    -100.639             145             145
   70         959.736    -771.904         959.509    -771.991              70              70
   44        1987.776    -650.374        1987.682    -650.682              44              44
  213       -1053.304    -323.629       -1053.370    -323.580             213             213
    2        1044.184    2118.539        1044.392    2118.392               2               2
  208         399.574     213.237         399.570     213.325             208             208
   73         229.257   -1058.603         229.065   -1058.588              73              73
   99        -333.684    1081.907        -333.612    1082.009              99              99
   28         163.668    -558.256         163.426    -558.165              28              28
  166        2218.144    -331.613        2218.063    -331.847             166             166
  121       -1553.743   -1691.814       -1554.048   -1691.578             121             121
  128        1685.271    -157.455        1685.130    -157.772             128             128
  240          16.385    -430.094          16.273    -430.159             240             240
   33         661.158      32.850         661.085      32.669              33              33
   73         174.630     531.334         174.608     531.258              73              73
   56        2010.042      72.585        2010.037      72.247              56              56
  143        -546.200     121.850        -546.157     121.844             143             143
  103         300.372    2307.210         300.662    2307.199             103             103
  250         227.559    -824.531         227.369    -824.497             250             250
   31         371.116    1383.572         371.246    1383.552              31              31
  253        1213.180     -92.198        1213.146     -92.298             253             253
   40         -22.680     773.131         -22.536     773.221              40              40
  137        -226.361      83.520        -226.380      83.689             137             137
    0         272.916    -257.330         272.849    -257.244               0               0
    9        -880.688   -1428.540        -880.980   -1428.399               9               9
  198         101.658    1177.088         101.723    1177.059             198             198
  167        -219.079     681.804        -219.085     681.993             167             167
  105        -481.159   -1341.950        -481.547   -1341.756             105             105
  224         748.893    -660.582         748.629    -660.713             224             224
  120        -679.435     517.433        -679.526     517.566             120             120
  212         582.469    -549.139         582.166    -549.167             212             212
  223         387.427    -755.426         387.163    -755.508             223             223
  174       -1860.733     498.728       -1860.950     499.010             174             174
  132         749.003     291.536         748.593     291.486             132             132
   19        1459.948    -941.220        1459.414    -941.429              19              19
  122         913.045     656.849         912.801     656.742             122             122
   46          76.450   -1374.353          75.734   -1374.336              46              46
  206         821.881     -65.402         821.143     -65.591             206             206
  178       -1349.750    -244.497       -1351.411    -244.315             178             178
