SINAL     NFT                         FFT                         NFT INVERSA     FFT INVERSA
-----     -----------------------     -----------------------     -----------     -----------
  171       32897.000       0.000       32897.000       0.000             171             171
   14         126.199    1920.213         126.206    1920.213              14              14
  133        -886.188     571.150        -886.180     571.152             133             133
   21         291.861     123.240         291.868     123.240              21              21
  128          10.204      41.263          10.210      41.264             128             128
  231        -115.816     147.968        -115.809     147.968             231             231
  121         485.411     249.799         485.419     249.798             121             121
  116        -385.025     476.015        -385.016     476.019             116             116
   21         -14.066   -1070.299         -14.065   -1070.297              21              21
  185         391.870    -604.043         391.873    -604.047             185             185
  222         576.095      79.160         576.103      79.154             222             222
  124          87.236     588.381          87.249     588.380             124             124
  137         553.805    -856.223         553.810    -856.228             137             137
   79       -1963.070    -117.281       -1963.064    -117.272              79              79
  104         709.501     635.289         709.510     635.279             104             104
   31        -369.539     595.033        -369.527     595.033              31              31
   38         -49.710    1286.275         -49.693    1286.279              38              38
  130         473.296    -419.020         473.297    -419.019             130             130
  252         230.492    -847.173         230.491    -847.176             252             252
  163         -94.481    -176.234         -94.473    -176.240             163             163
   22        -192.890     917.494        -192.870     917.491              22              22
   30        -223.235     277.034        -223.223     277.035              30              30
  109        -666.296     874.262        -666.280     874.271             109             109
   77         114.238     717.963         114.251     717.967              77              77
   84        -505.741    -487.033        -505.748    -487.023              84              84
   75         596.693     752.688         596.706     752.675              75              75
  156         222.810    1733.646         222.844    1733.656             156             156
  165         295.760   -1177.377         295.749   -1177.368             165             165
   29          73.007      59.817          73.020      59.819              29              29
  188       -1284.807    -377.480       -1284.813    -377.456             188             188
  233         883.030     946.901         883.041     946.894             233             233
   76        1696.863   -1351.896        1696.858   -1351.920              76              76
  117       -2143.911     -14.072       -2143.896     -14.028             117             117
  235         378.034   -1034.210         378.009   -1034.223             235             235
   85         -72.101    -276.992         -72.103    -277.006              85              85
  131         140.128    -116.564         140.133    -116.589             131             131
    8        -753.273    1525.393        -753.235    1525.398               8               8
   87        -264.637     155.730        -264.641     155.735              87              87
  112         646.105     463.027         646.114     463.005             112             112
   72        -517.285     328.330        -517.280     328.333              72              72
  105         358.812    1389.141         358.837    1389.127             105             105
   40         192.419    1002.831         192.432    1002.835              40              40
  251        2018.677     470.501        2018.693     470.461             251             251
   26          62.512     -53.927          62.530     -53.924              26              26
  187         131.704     893.747         131.739     893.747             187             187
  143        -456.926     479.872        -456.918     479.898             143             143
  110        1703.601     211.821        1703.602     211.785             110             110
   85        1651.424    -613.706        1651.436    -613.757              85              85
  168         -13.993     725.783         -13.930     725.767             168             168
  232        -141.988    1590.485        -141.910    1590.491             232             232
  156         134.506     666.985         134.557     666.990             156             156
  136        -892.358    2244.119        -892.261    2244.174             136             136
    2          53.029     837.374          53.078     837.427               2               2
   31       -1398.127    -470.767       -1398.132    -470.677              31              31
   28        -494.037     181.126        -494.047     181.174              28              28
  212        1414.335     321.297        1414.353     321.290             212             212
   26       -1138.870   -1024.169       -1138.896   -1024.096              26              26
  128         785.539    -164.015         785.533    -164.027             128             128
  150         494.174     205.568         494.204     205.575             150             150
    4        -133.512    -542.166        -133.504    -542.135               4               4
  221        -311.272     123.760        -311.245     123.801             221             221
  179         -61.895   -1147.915         -61.916   -1147.886             179             179
  112        -443.582    -720.136        -443.586    -720.113             112             112
   27         -92.630    -573.217         -92.620    -573.217              27              27
   28       -1563.026     -52.061       -1563.000     -52.000              28              28
  133       -1347.735    -159.453       -1347.739    -159.402             133             133
  224       -2185.934     663.988       -2185.948     664.084             224             224
  132        1164.004     552.695        1163.985     552.675             132             132
  224          90.238   -1075.152          90.189   -1075.140             224             224
  218        -407.651     852.146        -407.621     852.177             218             218
   26         152.625    -120.507         152.612    -120.474              26              26
  101          38.623    -958.275          38.587    -958.249             101             101
   27       -1434.339   -1101.423       -1434.405   -1101.355              27              27
  192         303.416    -237.721         303.372    -237.746             192             192
  108        -101.632    -298.548        -101.669    -298.548             108             108
  193         209.660    -444.311         209.612    -444.334             193             193
  162         919.258      57.036         919.256      56.972             162             162
  212        -422.578     315.778        -422.565     315.787             212             212
   35         489.858     688.977         489.881     688.959              35              35
  129        -166.680      47.966        -166.692      47.997             129             129
   85        1075.230    -712.150        1075.189    -712.199              85              85
    0         466.442    -531.469         466.441    -531.521              -0               0
    8        -492.763    1032.804        -492.688    1032.811               8               8
  145        -700.083     126.687        -700.088     126.721             145             145
  247         460.734    1012.030         460.770    1012.009             247             247
  130         397.765     797.511         397.812     797.529             130             130
    9          84.608    -435.752          84.594    -435.719               9               9
  190          86.361     -58.640          86.371     -58.623             190             190
  216        -457.509    -618.537        -457.540    -618.503             216             216
  141         370.433     473.970         370.472     473.959             141             141
  168       -1117.540    -430.729       -1117.559    -430.642             168             168
   75        -975.387   -1180.727        -975.504   -1180.689              75              75
  246         963.316     227.859         963.282     227.754             246             246
  132         648.855    1023.276         648.905    1023.213             132             132
  174         967.653    1116.615         967.742    1116.572             174             174
   73        -264.289    -225.386        -264.261    -225.362              73              73
    2       -1448.197    1679.857       -1448.104    1679.972               2               2
   23        1086.821     170.333        1086.822     170.328              23              23
  218        -916.654    -469.038        -916.671    -468.939             218             218
  121        -597.533    -219.827        -597.567    -219.772             121             121
  111        -759.557    -238.393        -759.619    -238.344             111             111
   62           2.331     589.423           2.305     589.423              62              62
  125         726.820     967.926         726.837     967.920             125             125
  188          54.001    -707.341          53.911    -707.307             188             188
   45        1602.388     246.631        1602.395     246.536              45              45
   42        -642.722     408.400        -642.696     408.473              42              42
  172         851.466     205.183         851.469     205.172             172             172
   72       -1012.046    -446.570       -1012.103    -446.462              72              72
  243         467.004      18.750         466.937      18.748             243             243
  223        1097.558    -438.960        1097.487    -439.008             223             223
  135         297.256    -104.272         297.203    -104.265             135             135
  219        2285.904   -1568.795        2285.775   -1568.975             219             219
   53        1696.300     860.477        1696.435     860.313              53              53
    4        -339.404     243.320        -339.303     243.330               4               4
  168        -992.461    1727.382        -992.319    1727.480             168             168
   56         119.900     695.537         119.929     695.628              56              56
  161         245.356    -919.175         245.257    -919.104             161             161
   15        2155.746   -1663.732        2155.663   -1663.885              15              15
  203       -1305.120     409.135       -1305.028     409.214             203             203
   25        -351.297     178.988        -351.296     179.033              25              25
    9         253.437     -70.375         253.425     -70.368               9               9
   87        -620.005    -187.626        -620.045    -187.556              87              87
  115         362.262    -353.283         362.176    -353.302             115             115
  143        1732.290    -193.302        1732.272    -193.442             143             143
   48         225.396    -263.560         225.420    -263.608              48              48
  246        -183.126    1729.681        -182.970    1729.715             246             246
  164         229.018    -651.399         228.970    -651.372             164             164
  232         307.282     668.937         307.357     668.941             232             232
   96        -691.000      -0.116        -691.000       0.000              96              96
   91         307.439    -668.944         307.360    -668.941              91              91
  126         228.921     651.345         228.970     651.372             126             126
   60        -182.798   -1729.750        -182.965   -1729.715              60              60
  121         225.445     263.660         225.420     263.608             121             121
  204        1732.253     193.600        1732.272     193.447             204             204
  231         362.080     353.322         362.175     353.301             231             231
  195        -620.090     187.475        -620.045     187.555             195             195
   17         253.410      70.363         253.424      70.370              17              17
   47        -351.293    -179.085        -351.295    -179.033              47              47
  101       -1304.919    -409.311       -1305.027    -409.218             101             101
   83        2155.560    1664.076        2155.659    1663.891              83              83
  180         245.135     919.016         245.255     919.103             180             180
  147         119.964    -695.736         119.929    -695.627             147             147
   38        -992.138   -1727.607        -992.316   -1727.483              38              38
  161        -339.175    -243.343        -339.303    -243.331             161             161
  110        1696.610    -860.101        1696.436    -860.312             110             110
  179        2285.601    1569.218        2285.771    1568.980             179             179
   57         297.133     104.253         297.204     104.264              57              57
  188        1097.388     439.075        1097.485     439.010             188             188
  152         466.844     -18.745         466.937     -18.748             152             152
  125       -1012.185     446.309       -1012.105     446.460             125             125
   88         851.475    -205.155         851.470    -205.171              88              88
   77        -642.657    -408.580        -642.695    -408.475              77              77
  100        1602.404    -246.394        1602.394    -246.533             100             100
  216          53.775     707.255          53.910     707.307             216             216
   87         726.866    -967.909         726.840    -967.918              87              87
  238           2.264    -589.424           2.305    -589.424             238             238
   32        -759.716     238.266        -759.620     238.342              32              32
  138        -597.622     219.682        -597.568     219.770             138             138
  143        -916.698     468.778        -916.672     468.937             143             143
   48        1086.823    -170.319        1086.821    -170.326              48              48
   42       -1447.948   -1680.162       -1448.103   -1679.972              42              42
  120        -264.216     225.319        -264.262     225.361             120             120
  242         967.900   -1116.495         967.744   -1116.570             242             242
   77         648.995   -1023.100         648.906   -1023.211              77              77
  249         963.222    -227.564         963.283    -227.753             249             249
  154        -975.721    1180.615        -975.506    1180.686             154             154
  132       -1117.595     430.477       -1117.560     430.639             132             132
  197         370.546    -473.937         370.473    -473.958             197             197
   74        -457.601     618.438        -457.542     618.503              74              74
  138          86.390      58.587          86.371      58.622             138             138
  114          84.564     435.654          84.593     435.719             114             114
  212         397.907    -797.562         397.813    -797.528             212             212
  143         460.848   -1011.968         460.772   -1012.009             143             143
  249        -700.098    -126.796        -700.088    -126.723             249             249
  125        -492.525   -1032.829        -492.685   -1032.813             125             125
  252         466.437     531.633         466.439     531.521             252             252
  110        1075.096     712.309        1075.187     712.200             110             110
  132        -166.717     -48.067        -166.692     -47.997             132             132
   65         489.937    -688.916         489.884    -688.958              65              65
  105        -422.536    -315.807        -422.565    -315.787             105             105
  183         919.248     -56.818         919.256     -56.970             183             183
  174         209.494     444.392         209.611     444.335             174             174
  123        -101.761     298.550        -101.669     298.548             123             123
  173         303.261     237.808         303.371     237.746             173             173
  146       -1434.577    1101.181       -1434.407    1101.354             146             146
  165          38.492     958.178          38.586     958.248             165             165
  141         152.575     120.388         152.611     120.474             141             141
  117        -407.536    -852.261        -407.620    -852.178             117             117
   70          90.049    1075.109          90.186    1075.140              70              70
  179        1163.932    -552.613        1163.986    -552.672             179             179
  244       -2185.986    -664.365       -2185.946    -664.088             244             244
   37       -1347.751     159.250       -1347.740     159.399              37              37
  158       -1562.923      51.818       -1563.000      52.000             158             158
   27         -92.589     573.215         -92.620     573.217              27              27
   69        -443.600     720.037        -443.587     720.112              69              69
  238         -61.990    1147.795         -61.919    1147.886             238             238
  175        -311.156    -123.940        -311.245    -123.802             175             175
  140        -133.481     542.028        -133.505     542.134             140             140
  131         494.309    -205.600         494.205    -205.575             131             131
  176         785.510     164.072         785.532     164.028             176             176
  108       -1138.990    1023.827       -1138.897    1024.094             108             108
  172        1414.422    -321.257        1414.353    -321.288             172             172
  185        -494.083    -181.358        -494.046    -181.176             185             185
  246       -1398.154     470.319       -1398.134     470.672             246             246
  252          53.272    -837.637          53.079    -837.428             252             252
  121        -891.862   -2244.399        -892.256   -2244.176             121             121
  252         134.776    -667.005         134.560    -666.989             252             252
  120        -141.569   -1590.515        -141.906   -1590.491             120             120
  178         -13.658    -725.700         -13.930    -725.768             178             178
   48        1651.486     613.997        1651.435     613.761              48              48
  137        1703.612    -211.612        1703.604    -211.782             137             137
   76        -456.881    -480.022        -456.918    -479.899              76              76
  245         131.914    -893.750         131.741    -893.747             245             245
   64          62.618      53.908          62.530      53.924              64              64
  162        2018.778    -470.246        2018.694    -470.457             162             162
  242         192.505   -1002.859         192.435   -1002.835             242             242
   14         358.980   -1389.051         358.839   -1389.127              14              14
  157        -517.247    -328.349        -517.279    -328.334             157             157
  126         646.168    -462.875         646.114    -463.003             126             126
  254        -264.667    -155.763        -264.641    -155.734             254             254
   59        -752.997   -1525.434        -753.233   -1525.400              59              59
  124         140.162     116.748         140.133     116.590             124             124
   33         -72.115     277.099         -72.103     277.006              33              33
  165         377.837    1034.313         378.007    1034.224             165             165
  156       -2143.795      13.721       -2143.896      14.028             156             156
  145        1696.804    1352.113        1696.855    1351.923             145             145
  196         883.134    -946.829         883.042    -946.892             196             196
    7       -1284.867     377.255       -1284.815     377.453               7               7
  202          73.127     -59.835          73.020     -59.818             202             202
  245         295.641    1177.288         295.747    1177.368             245             245
   94         223.158   -1733.739         222.847   -1733.655              94              94
  218         596.827    -752.554         596.707    -752.674             218             218
   14        -505.814     486.931        -505.748     487.023              14              14
  222         114.390    -718.009         114.253    -717.967             222             222
  199        -666.099    -874.366        -666.278    -874.272             199             199
  188        -223.088    -277.044        -223.223    -277.035             188             188
   82        -192.626    -917.457        -192.868    -917.491              82              82
  111         -94.382     176.325         -94.474     176.240             111             111
   65         230.477     847.227         230.490     847.178              65              65
  224         473.310     418.998         473.295     419.018             224             224
  195         -49.434   -1286.342         -49.692   -1286.280             195             195
   26        -369.330    -595.052        -369.526    -595.034              26              26
  171         709.665    -635.082         709.511    -635.276             171             171
  146       -1962.945     117.062       -1963.063     117.268             146             146
  163         553.917     856.333         553.809     856.229             163             163
  115          87.541    -588.366          87.250    -588.380             115             115
   86         576.304     -78.989         576.103     -79.152              86              86
   69         391.931     604.165         391.872     604.048              69              69
   24         -14.071    1070.241         -14.067    1070.297              24              24
  248        -384.693    -476.164        -385.015    -476.019             248             248
  238         485.743    -249.739         485.419    -249.797             238             238
   72        -115.471    -147.996        -115.809    -147.969              72              72
   49          10.635     -41.279          10.211     -41.263              49              49
  133         292.414    -123.231         291.868    -123.239             133             133
  246        -885.234    -571.345        -886.179    -571.153             246             246
  150         128.302   -1920.090         126.211   -1920.213             150             150
