SINAL     NFT                         FFT                         NFT INVERSA     FFT INVERSA
-----     -----------------------     -----------------------     -----------     -----------
   18       33922.000       0.000       33922.000       0.000              18              18
  210        -273.134    -280.378        -273.127    -280.377             210             210
   59        -417.377   -1752.650        -417.372   -1752.650              59              59
  208         281.575     803.304         281.583     803.304             208             208
   87        -777.667   -1586.054        -777.664   -1586.050              87              87
   81         308.580   -1159.895         308.583   -1159.897              81              81
  114        -459.919    -591.469        -459.914    -591.470             114             114
  240        -143.839      47.810        -143.833      47.808             240             240
  200         246.538     155.202         246.545     155.198             200             200
   75        -839.759    1442.588        -839.746    1442.594              75              75
  147         610.664   -1081.091         610.662   -1081.090             147             147
  164        -459.942    -584.798        -459.940    -584.796             164             164
  106         619.182    -425.137         619.184    -425.144             106             106
  186        -183.358    -688.165        -183.359    -688.170             186             186
  147         821.641    1169.162         821.655    1169.152             147             147
   57         250.562    -599.081         250.564    -599.083              57              57
  187         807.569      99.315         807.578      99.300             187             187
  234         660.716     646.096         660.736     646.086             234             234
  162          -6.614     314.108          -6.594     314.109             162             162
  222       -1241.805    -335.021       -1241.800    -335.010             222             222
   95        1093.778     569.250        1093.794     569.233              95              95
  183        -856.746    -547.763        -856.742    -547.760             183             183
  162         577.223    1696.498         577.256    1696.484             162             162
  132        -766.333    1100.966        -766.303    1100.983             132             132
  203        -851.016     539.097        -851.005     539.120             203             203
   57         880.537    -459.247         880.536    -459.257              57              57
  190        -767.559     964.335        -767.535     964.353             190             190
  142         403.067    -241.149         403.068    -241.147             142             142
  215         859.886     -63.227         859.904     -63.238             215             215
   21       -1371.334    -251.076       -1371.321    -251.055              21              21
  116        -806.386    1479.209        -806.359    1479.225             116             116
  230         374.527     807.315         374.540     807.328             230             230
  234         751.807    -269.104         751.811    -269.098             234             234
  215         355.428    -849.228         355.432    -849.222             215             215
   61        -665.410    -845.494        -665.405    -845.479              61              61
   47       -1291.872     186.953       -1291.858     186.980              47              47
   57        -583.794     154.036        -583.794     154.057              57              57
  160         213.571   -1048.165         213.546   -1048.175             160             160
    2        -347.202    1774.799        -347.159    1774.808               2               2
  158        1042.404     311.931        1042.419     311.932             158             158
  192          79.529   -1003.267          79.529   -1003.251             192             192
  207       -1010.922    -238.021       -1010.908    -237.988             207             207
   82       -1182.702     340.188       -1182.692     340.239              82              82
   13        -494.209   -2145.054        -494.282   -2145.036              13              13
   25        1513.739     590.664        1513.759     590.613              25              25
  133        -165.827     156.011        -165.793     156.028             133             133
  234       -1373.812    -412.424       -1373.810    -412.368             234             234
  185        -982.596    -601.234        -982.626    -601.186             185             185
   80         325.443   -1957.753         325.366   -1957.764              80              80
  233        1058.715    -798.175        1058.695    -798.229             233             233
  203         205.279    -993.946         205.270    -993.987             203             203
    3          34.623    1349.525          34.697    1349.502               3               3
  207       -1148.938    -394.856       -1148.926    -394.820             207             207
  144       -1363.620    -654.663       -1363.640    -654.642             144             144
  134        -773.842     914.474        -773.825     914.469             134             134
  217        -190.771    2276.522        -190.709    2276.545             217             217
  105        -382.819    -517.461        -382.859    -517.402             105             105
  235         843.964   -2286.277         843.866   -2286.316             235             235
  133         926.011    1532.206         926.084    1532.159             133             133
  146        -700.045   -1579.654        -700.083   -1579.636             146             146
  123        -281.413     898.217        -281.371     898.199             123             123
   61       -1136.029    1109.312       -1136.000    1109.362              61              61
   51         785.232    -590.867         785.192    -590.894              51              51
  154         517.994    1174.445         518.051    1174.430             154             154
  254        -292.011    -122.034        -292.000    -122.000             254             254
  204        -296.593     358.411        -296.565     358.448             204             204
  219       -1648.763   -1036.228       -1648.826   -1036.143             219             219
    9         660.413     442.047         660.398     442.029               9               9
   74         376.352   -1019.300         376.299   -1019.303              74              74
  224         -58.598    -966.688         -58.649    -966.709             224             224
   14         522.387    1193.347         522.439    1193.312              14              14
  166        -928.120     -69.392        -928.141     -69.331             166             166
  243        1054.717    -484.328        1054.667    -484.367             243             243
   72         568.400     -59.424         568.393     -59.444              72              72
  241         232.926    -673.651         232.881    -673.662             241             241
  223        1507.989    -248.073        1507.982    -248.156             223             223
   41         -22.276     148.244         -22.258     148.240              41              41
  100        1448.126      33.614        1448.146      33.549             100             100
  245        -179.108    -282.366        -179.097    -282.344             245             245
   92        1208.964   -1207.170        1208.931   -1207.239              92              92
  214         194.354    -658.376         194.373    -658.432             214             214
   31        -765.715    1068.382        -765.634    1068.391              31              31
   14         323.038     576.870         323.072     576.868              14              14
  248        1187.114   -1438.009        1187.070   -1438.087             248             248
  189         584.522    1088.542         584.658    1088.479             189             189
  124       -1425.412     729.402       -1425.314     729.500             124             124
  126        -364.773    -969.174        -364.802    -969.143             126             126
  178        -643.894    -816.558        -643.919    -816.564             178             178
   60        -821.541    1193.702        -821.482    1193.710              60              60
   97        1154.338    1059.148        1154.409    1059.098              97              97
  104        -152.411    -998.123        -152.413    -998.120             104             104
  207       -1504.986    1213.149       -1504.896    1213.211             207             207
  243        -353.520    1566.503        -353.450    1566.564             243             243
   57         695.301    -648.756         695.261    -648.745              57              57
   87         413.387    -475.710         413.399    -475.725              87              87
    0       -1235.610     491.373       -1235.565     491.461              -0               0
   31         630.210    -387.075         630.189    -387.098              31              31
  122        -476.934     408.964        -476.899     409.013             122             122
   58        1069.062    -443.131        1069.059    -443.173              58              58
  176        -184.611     -73.699        -184.559     -73.670             176             176
  119           1.378    -520.217           1.408    -520.207             119             119
  150       -1245.100     -50.805       -1245.050     -50.721             150             150
  142       -1212.167    -122.416       -1212.167    -122.328             142             142
  222        -464.306     227.280        -464.299     227.338             222             222
  182        -386.152   -1159.381        -386.233   -1159.339             182             182
  167        -513.750    -515.370        -513.795    -515.355             167             167
  195         -19.185    -357.025         -19.224    -357.058             195             195
   85         104.782     703.973         104.824     703.947              85              85
   26         639.969     489.165         640.018     489.141              26              26
  182         606.030    -344.158         606.071    -344.171             182             182
  174       -1212.144    -668.029       -1212.138    -667.948             174             174
   19         164.469    1052.523         164.584    1052.537              19              19
   73       -1071.271   -1293.487       -1071.315   -1293.369              73              73
  175        -943.041    -835.413        -943.075    -835.358             175             175
  147       -1364.963    -518.942       -1365.006    -518.877             147             147
  122        -387.539     167.491        -387.540     167.485             122             122
   41       -1298.023     509.974       -1298.020     510.067              41              41
   59         500.001      22.089         499.968      22.067              59              59
   98         222.071     327.819         222.123     327.837              98              98
   11       -1165.792    -299.448       -1165.793    -299.295              11              11
  105       -1386.982   -1771.330       -1387.161   -1771.191             105             105
   15          83.445   -1481.210          83.269   -1481.253              15              15
   59         266.168    -984.926         266.066    -985.026              59              59
   94        -219.722      80.506        -219.729      80.445              94              94
  148         -87.559     445.113         -87.545     445.085             148             148
  164         217.692    -875.035         217.607    -875.097             164             164
  249         347.103     767.456         347.182     767.390             249             249
  173       -1065.640    -922.891       -1065.728    -922.839             173             173
  169        1210.000       0.177        1210.000       0.000             169             169
  149       -1065.822     922.782       -1065.730     922.837             149             149
   71         347.264    -767.319         347.183    -767.388              71              71
  141         217.516     875.162         217.606     875.098             141             141
   66         -87.530    -445.057         -87.545    -445.086              66              66
  169        -219.737     -80.379        -219.729     -80.445             169             169
  167         265.952     985.136         266.064     985.027             167             167
   20          83.070    1481.302          83.267    1481.254              20              20
  243       -1387.367    1771.032       -1387.163    1771.190             243             243
   61       -1165.794     299.115       -1165.793     299.293              61              61
  150         222.181    -327.856         222.121    -327.836             150             150
  142         499.928     -22.038         499.967     -22.065             142             142
  248       -1298.014    -510.182       -1298.019    -510.070             248             248
  141        -387.542    -167.479        -387.540    -167.486             141             141
   84       -1365.059     518.794       -1365.007     518.875              84              84
   85        -943.121     835.286        -943.077     835.356              85              85
  205       -1071.372    1293.216       -1071.316    1293.368             205             205
  222         164.739   -1052.554         164.587   -1052.536             222             222
  218       -1212.134     667.838       -1212.140     667.946             218             218
   19         606.123     344.192         606.070     344.173              19              19
   15         640.088    -489.110         640.020    -489.141              15              15
  233         104.883    -703.909         104.825    -703.946             233             233
  225         -19.279     357.105         -19.224     357.058             225             225
    1        -513.861     515.333        -513.796     515.354               1               1
  237        -386.352    1159.277        -386.234    1159.339             237             237
  226        -464.287    -227.426        -464.299    -227.339             226             226
  255       -1212.166     122.193       -1212.167     122.326             255             255
   68       -1244.974      50.589       -1245.050      50.718              68              68
  187           1.453     520.192           1.407     520.207             187             187
  202        -184.477      73.625        -184.559      73.670             202             202
  197        1069.055     443.246        1069.059     443.177             197             197
    2        -476.839    -409.094        -476.897    -409.014               2               2
  180         630.153     387.135         630.189     387.098             180             180
  229       -1235.486    -491.614       -1235.564    -491.464             229             229
  245         413.415     475.755         413.397     475.727             245             245
  211         695.188     648.729         695.259     648.747             211             211
  203        -353.320   -1566.675        -353.447   -1566.565             203             203
  124       -1504.728   -1213.329       -1504.893   -1213.214             124             124
  205        -152.420     998.113        -152.415     998.120             205             205
  202        1154.548   -1059.000        1154.413   -1059.095             202             202
  121        -821.366   -1193.726        -821.480   -1193.711             121             121
    6        -643.971     816.575        -643.921     816.563               6               6
  105        -364.863     969.079        -364.804     969.141             105             105
  151       -1425.117    -729.699       -1425.313    -729.502             151             151
   55         584.939   -1088.349         584.660   -1088.479              55              55
   80        1186.976    1438.255        1187.068    1438.090              80              80
  218         323.145    -576.862         323.073    -576.866             218             218
  193        -765.454   -1068.412        -765.630   -1068.393             193             193
  200         194.412     658.557         194.372     658.433             200             200
   13        1208.853    1207.399        1208.929    1207.242              13              13
   19        -179.072     282.292        -179.097     282.343              19              19
  172        1448.195     -33.394        1448.147     -33.545             172             172
  247         -22.213    -148.229         -22.257    -148.240             247             247
   49        1507.962     248.366        1507.980     248.161              49              49
  204         232.771     673.687         232.881     673.662             204             204
   45         568.374      59.498         568.393      59.447              45              45
   80        1054.536     484.472        1054.666     484.370              80              80
  192        -928.199      69.166        -928.143      69.328             192             192
  208         522.580   -1193.219         522.441   -1193.312             208             208
   34         -58.791     966.766         -58.651     966.710              34              34
  123         376.149    1019.311         376.297    1019.304             123             123
  149         660.357    -441.978         660.398    -442.028             149             149
   11       -1649.009    1035.897       -1648.828    1036.140              11              11
  141        -296.481    -358.559        -296.563    -358.448             141             141
  109        -291.968     121.899        -292.000     122.000             109             109
  194         518.233   -1174.381         518.053   -1174.429             194             194
  174         785.058     590.981         785.190     590.895             174             174
  225       -1135.902   -1109.530       -1135.998   -1109.364             225             225
   21        -281.234    -898.141        -281.370    -898.199              21              21
   98        -700.225    1579.572        -700.088    1579.635              98              98
  191         926.339   -1531.995         926.087   -1532.158             191             191
  170         843.513    2286.457         843.861    2286.318             170             170
   37        -383.003     517.191        -382.859     517.402              37              37
   27        -190.468   -2276.631        -190.704   -2276.546              27              27
   11        -773.762    -914.458        -773.825    -914.471              11              11
  147       -1363.722     654.554       -1363.642     654.639             147             147
  241       -1148.879     394.673       -1148.926     394.818             241             241
   35          35.001   -1349.411          34.699   -1349.502              35              35
    8         205.229     994.160         205.268     993.988               8               8
  142        1058.607     798.462        1058.693     798.231             142             142
  213         325.026    1957.807         325.364    1957.763             213             213
  161        -982.764     600.969        -982.628     601.185             161             161
  253       -1373.805     412.099       -1373.811     412.364             253             253
   81        -165.635    -156.107        -165.794    -156.028              81              81
  116        1513.862    -590.357        1513.761    -590.610             116             116
    1        -494.657    2144.946        -494.287    2145.036               1               1
  135       -1182.637    -340.506       -1182.691    -340.241             135             135
  226       -1010.834     237.812       -1010.908     237.986             226             226
  227          79.527    1003.166          79.528    1003.252             227             227
   46        1042.510    -311.933        1042.420    -311.930              46              46
  151        -346.905   -1774.861        -347.156   -1774.808             151             151
  180         213.395    1048.239         213.544    1048.176             180             180
  206        -583.791    -154.182        -583.793    -154.058             206             206
  202       -1291.771    -187.158       -1291.858    -186.983             202             202
  175        -665.377     845.377        -665.406     845.478             175             175
   84         355.456     849.180         355.431     849.223              84              84
   34         751.840     269.049         751.811     269.098              34              34
  215         374.648    -807.414         374.542    -807.326             215             215
   50        -806.141   -1479.361        -806.356   -1479.228              50              50
  190       -1371.225     250.880       -1371.322     251.053             190             190
    6         860.043      63.340         859.903      63.240               6               6
  118         403.069     241.134         403.067     241.148             118             118
  183        -767.312    -964.511        -767.532    -964.353             183             183
  100         880.525     459.347         880.535     459.258             100             100
   53        -850.895    -539.350        -851.005    -539.122              53              53
   35        -766.000   -1101.156        -766.302   -1100.984              35              35
  110         577.635   -1696.319         577.260   -1696.482             110             110
  186        -856.696     547.715        -856.743     547.758             186             186
   94        1093.985    -569.025        1093.795    -569.232              94              94
  124       -1241.748     334.849       -1241.801     335.006             124             124
   83          -6.329    -314.113          -6.593    -314.107              83              83
  153         661.026    -645.937         660.738    -646.084             153             153
  163         807.719     -99.091         807.578     -99.300             163             163
  104         250.581     599.141         250.563     599.084             104             104
  187         821.928   -1168.961         821.658   -1169.149             187             187
   90        -183.379     688.253        -183.360     688.169              90              90
  107         619.210     425.291         619.183     425.145             107             107
   12        -459.922     584.743        -459.942     584.794              12              12
  206         610.606    1081.104         610.661    1081.093             206             206
   30        -839.365   -1442.777        -839.742   -1442.596              30              30
   12         246.780    -155.076         246.545    -155.197              12              12
   28        -143.618     -47.732        -143.833     -47.808              28              28
  154        -459.727     591.499        -459.916     591.470             154             154
    7         308.720    1159.996         308.581    1159.897               7               7
  242        -777.496    1585.831        -777.666    1586.049             242             242
  216         282.312    -803.312         281.585    -803.304             216             216
  107        -416.790    1752.528        -417.375    1752.649             107             107
  136        -271.365     280.158        -273.128     280.377             136             136
