SINAL     NFT                         FFT                         NFT INVERSA     FFT INVERSA
-----     -----------------------     -----------------------     -----------     -----------
  185       31166.000       0.000       31166.000       0.000             185             185
   34        -573.064   -1195.732        -573.057   -1195.731              34              34
  224         -48.255      29.106         -48.250      29.105             224             224
  199        1540.283     519.098        1540.290     519.096             199             199
  228        -643.876      40.781        -643.870      40.783             228             228
  135         710.438    -199.187         710.442    -199.188             135             135
  153        1576.731    -340.054        1576.738    -340.059             153             153
  216        -367.053     -60.196        -367.045     -60.195             216             216
   45         101.993    -170.762         101.997    -170.764              45              45
   78        2177.067    1647.356        2177.084    1647.346              78              78
   29         108.240     564.534         108.255     564.540              29              29
   38         317.838   -1203.113         317.842   -1203.111              38              38
   28        -505.750     453.158        -505.737     453.162              28              28
   99         679.105    -233.083         679.109    -233.087              99              99
  173        1099.278     849.907        1099.296     849.902             173             173
  209         561.939     105.304         561.956     105.306             209             209
   81         -14.629     -90.168         -14.611     -90.160              81              81
  108        -513.137      89.373        -513.118      89.388             108             108
  236       -1194.422   -1026.605       -1194.420   -1026.583             236             236
   61        -681.193    -610.126        -681.193    -610.113              61              61
   92         -65.142   -1125.892         -65.150   -1125.889              92              92
   98         822.410    -402.054         822.419    -402.065              98              98
   93        -940.147   -1229.060        -940.147   -1229.051              93              93
   83        -296.654    -157.536        -296.644    -157.540              83              83
  239        -820.986     -23.007        -820.972     -23.002             239             239
   60       -1192.745     483.582       -1192.730     483.597              60              60
  121       -1235.777     240.052       -1235.777     240.073             121             121
   82         996.803     -84.860         996.803     -84.874              82              82
   89        -702.046    -411.850        -702.040    -411.841              89              89
  117        -981.411     426.877        -981.401     426.891             117             117
  176        -300.030     224.543        -300.029     224.550             176             176
  179        -336.492    -177.291        -336.499    -177.289             179             179
   40        -466.770    1756.309        -466.743    1756.327              40              40
  163        1043.744    -745.177        1043.723    -745.183             163             163
   12         837.752    -264.126         837.756    -264.141              12              12
   90          73.793     187.391          73.813     187.395              90              90
  212         -90.305    -429.165         -90.298    -429.158             212             212
   46        -736.293    -313.632        -736.290    -313.620              46              46
  232        -166.888     677.945        -166.865     677.945             232             232
  119       -1161.590    1119.346       -1161.569    1119.393             119             119
  128        1268.672   -1723.657        1268.625   -1723.682             128             128
   28         428.558    1059.683         428.606    1059.668              28              28
   74        -738.489     168.322        -738.464     168.355              74              74
   26       -1052.094    -152.210       -1052.098    -152.170              26              26
    5         751.258      19.660         751.265      19.651               5               5
  166        -800.062    -275.426        -800.055    -275.389             166             166
  202        -131.450   -1020.901        -131.465   -1020.895             202             202
  201       -1692.033     177.190       -1692.023     177.234             201             201
  117        -794.227     -51.257        -794.247     -51.230             117             117
   93        -351.931    -289.465        -351.965    -289.456              93              93
  210         901.526     387.589         901.525     387.561             210             210
  178         311.618    -258.276         311.619    -258.283             178             178
  234        -937.069     138.582        -937.066     138.610             234             234
  128         373.241     566.625         373.250     566.618             128             128
  114          61.782      77.057          61.787      77.069             114             114
  144        -530.676     248.322        -530.672     248.359             144             144
  198          13.085    -744.443          13.048    -744.430             198             198
   71         114.364    -216.818         114.347    -216.819              71              71
  248         814.316    -556.931         814.307    -556.966             248             248
  102       -1448.551     492.903       -1448.529     492.956             102             102
  103        -255.276     -73.059        -255.308     -73.035             103             103
    7        1136.602   -1192.684        1136.546   -1192.733               7               7
  231         -13.680      78.125         -13.667      78.101             231             231
   14        -493.229     471.446        -493.208     471.449              14              14
  187        -262.024     761.989        -262.000     762.000             187             187
   15        -598.258     145.263        -598.272     145.295              15              15
   82         190.600     895.185         190.611     895.202              82              82
  148           8.736   -1767.217           8.635   -1767.214             148             148
   77         197.692     632.550         197.685     632.516              77              77
   65        1589.786     323.500        1589.786     323.421              65              65
  141         181.521     601.543         181.551     601.529             141             141
   85         594.571     815.653         594.603     815.633              85              85
  201        1002.458     773.022        1002.509     772.999             201             201
   48        -668.525     157.970        -668.519     158.033              48              48
  136        1913.371    -615.411        1913.352    -615.495             136             136
  151        -309.642    1441.567        -309.535    1441.602             151             151
  205          98.024    -991.463          98.000    -991.446             205             205
  229        -590.555    1255.744        -590.478    1255.792             229             229
  151        -250.654    -148.062        -250.663    -147.996             151             151
  163        -135.545   -1849.944        -135.648   -1849.935             163             163
   75        1068.269    1039.243        1068.341    1039.177              75              75
  199       -1078.979    -914.042       -1079.002    -913.996             199             199
   50        -701.190    1947.056        -701.105    1947.092              50              50
  131         379.921     242.027         379.917     242.048             131             131
  176         -91.238     306.608         -91.229     306.644             176             176
  253         528.739     897.486         528.789     897.509             253             253
  253        -204.489    -175.249        -204.487    -175.164             253             253
  120        -448.270   -1007.861        -448.333   -1007.786             120             120
  147         922.081      29.262         922.104      29.263             147             147
  116       -1967.152   -2291.983       -1967.274   -2291.842             116             116
  157        -872.156    -563.078        -872.251    -563.042             157             157
   17         831.526   -1207.489         831.404   -1207.570              17              17
  206         642.984    1017.262         643.032    1017.204             206             206
  242         284.372    -384.304         284.361    -384.306             242             242
   62       -1749.408    -512.312       -1749.478    -512.210              62              62
  147        1510.099    -470.476        1510.018    -470.588             147             147
  199         118.757     -19.633         118.742     -19.673             199             199
  177         789.777     705.231         789.821     705.166             177             177
   39        -937.725     311.703        -937.722     311.767              39              39
  148         565.477     391.164         565.457     391.142             148             148
   93         703.186     118.624         703.175     118.602              93              93
  160         163.576    -362.851         163.538    -362.851             160             160
  249         549.029     156.219         549.024     156.190             249             249
   50         465.111    -323.250         465.089    -323.277              50              50
  117          90.470     -31.927          90.473     -31.944             117             117
  234        -794.503      45.425        -794.532      45.462             234             234
   47         320.067     579.350         320.035     579.315              47              47
   72        1692.978     872.880        1693.000     872.778              72              72
  231        1602.138     534.262        1602.215     534.196             231             231
    5        -911.782    -628.656        -911.798    -628.564               5               5
  132         397.106     498.236         397.129     498.232             132             132
  250        -181.252   -1047.575        -181.345   -1047.551             250             250
  100         588.566    -303.658         588.518    -303.754             100             100
    6          30.878    1998.994          30.988    1998.984               6               6
   48        1482.884     282.001        1482.881     281.935              48              48
  146         689.520     445.665         689.560     445.647             146             146
  201        1549.257     882.566        1549.370     882.512             201             201
   38        -372.435    -336.930        -372.396    -336.833              38              38
  177        -615.695      79.640        -615.677      79.750             177             177
  161        -637.121    -842.132        -637.239    -842.027             161             161
   14        2526.316   -1247.021        2526.222   -1247.222              14              14
  181        -439.064     608.834        -438.950     608.859             181             181
  194        -451.058    -344.295        -451.070    -344.257             194             194
   72        -439.181    1356.536        -439.096    1356.619              72              72
  233         626.097   -1487.277         625.963   -1487.271             233             233
   21        -334.855    -396.456        -334.895    -396.436              21              21
   10        -458.614    -471.441        -458.716    -471.431              10              10
   77        1190.592     958.901        1190.596     958.802              77              77
  193        1926.000       0.120        1926.000       0.000             193             193
    0        1190.604    -958.696        1190.598    -958.799              -0               0
  158        -458.822     471.419        -458.717     471.430             158             158
   43        -334.939     396.413        -334.897     396.435              43              43
  114         625.816    1487.267         625.960    1487.272             114             114
  133        -439.000   -1356.710        -439.093   -1356.620             133             133
  133        -451.084     344.212        -451.070     344.255             133             133
  251        -438.821    -608.885        -438.949    -608.859             251             251
   25        2526.112    1247.455        2526.220    1247.225              25              25
  111        -637.378     841.904        -637.240     842.026             111             111
    1        -615.655     -79.881        -615.676     -79.752               1               1
  182        -372.350     336.714        -372.397     336.831             182             182
   83        1549.508    -882.444        1549.371    -882.510              83              83
  162         689.612    -445.624         689.563    -445.646             162             162
  224        1482.880    -281.852        1482.882    -281.934             224             224
  253          31.132   -1998.969          30.992   -1998.982             253             253
   27         588.456     303.877         588.518     303.754              27              27
  183        -181.471    1047.522        -181.347    1047.552             183             183
  120         397.161    -498.226         397.130    -498.232             120             120
  125        -911.821     628.436        -911.800     628.562             125             125
   51        1602.322    -534.103        1602.216    -534.194              51              51
  186        1693.033    -872.632        1693.002    -872.774             186             186
   95         319.990    -579.265         320.036    -579.314              95              95
   92        -794.573     -45.516        -794.532     -45.462              92              92
    9          90.477      31.968          90.472      31.943               9               9
  111         465.055     323.321         465.088     323.279             111             111
   15         549.017    -156.142         549.024    -156.188              15              15
   79         163.479     362.850         163.538     362.851              79              79
  255         703.158    -118.566         703.174    -118.601             255             255
   33         565.426    -391.104         565.458    -391.139              33              33
   82        -937.718    -311.871        -937.722    -311.769              82              82
  140         789.894    -705.057         789.822    -705.163             140             140
  215         118.718      19.739         118.742      19.673             215             215
   50        1509.876     470.785        1510.016     470.592              50              50
  237       -1749.601     512.026       -1749.479     512.206             237             237
  225         284.341     384.310         284.359     384.307             225             225
   74         643.118   -1017.100         643.032   -1017.203              74              74
  139         831.174    1207.722         831.399    1207.573             139             139
  201        -872.425     562.973        -872.251     563.040             201             201
  192       -1967.509    2291.572       -1967.280    2291.838             192             192
  182         922.145     -29.266         922.103     -29.263             182             182
  244        -448.460    1007.637        -448.335    1007.784             244             244
  111        -204.483     174.994        -204.487     175.163             111             111
   64         528.893    -897.557         528.791    -897.510              64              64
  150         -91.213    -306.718         -91.230    -306.644             150             150
  219         379.907    -242.088         379.916    -242.046             219             219
  178        -700.920   -1947.169        -701.101   -1947.093             178             178
  119       -1079.055     913.898       -1079.005     913.995             119             119
   64        1068.500   -1039.030        1068.341   -1039.176              64              64
   82        -135.888    1849.911        -135.653    1849.933              82              82
   18        -250.683     147.844        -250.662     147.995              18              18
  126        -590.294   -1255.908        -590.475   -1255.795             126             126
  212          97.940     991.405          97.997     991.446             212             212
  205        -309.272   -1441.689        -309.532   -1441.603             205             205
   54        1913.305     615.707        1913.352     615.499              54              54
   50        -668.501    -158.195        -668.517    -158.035              50              50
   35        1002.638    -772.940        1002.509    -772.998              35              35
   35         594.689    -815.577         594.604    -815.631              35              35
  117         181.633    -601.493         181.553    -601.529             117             117
   12        1589.787    -323.201        1589.787    -323.417              12              12
   91         197.663    -632.423         197.685    -632.516              91              91
  198           8.342    1767.204           8.629    1767.214             198             198
   69         190.645    -895.251         190.613    -895.201              69              69
   17        -598.314    -145.391        -598.272    -145.296              17              17
  209        -261.929    -762.034        -262.000    -762.000             209             209
   22        -493.145    -471.465        -493.208    -471.451              22              22
  255         -13.620     -78.025         -13.665     -78.100             255             255
   81        1136.359    1192.897        1136.543    1192.736              81              81
   17        -255.415      72.954        -255.309      73.034              17              17
  102       -1448.455    -493.142       -1448.528    -492.960             102             102
  159         814.273     557.087         814.306     556.967             159             159
  145         114.287     216.822         114.347     216.819             145             145
  107          12.909     744.381          13.046     744.430             107             107
  140        -530.653    -248.500        -530.671    -248.361             140             140
   49          61.806     -77.110          61.787     -77.069              49              49
  173         373.288    -566.591         373.252    -566.618             173             173
   24        -937.057    -138.724        -937.067    -138.611              24              24
  186         311.618     258.316         311.618     258.284             186             186
   86         901.522    -387.441         901.525    -387.558              86              86
   73        -352.115     289.417        -351.967     289.455              73              73
  135        -794.336      51.112        -794.248      51.229             135             135
   10       -1691.983    -177.445       -1692.023    -177.238              10              10
   30        -131.544    1020.870        -131.467    1020.895              30              30
  254        -800.024     275.209        -800.056     275.387             254             254
   32         751.296     -19.605         751.265     -19.650              32              32
   11       -1052.115     151.962       -1052.098     152.167              11              11
   72        -738.337    -168.530        -738.465    -168.357              72              72
  108         428.868   -1059.588         428.609   -1059.667             108             108
  120        1268.362    1723.823        1268.621    1723.683             120             120
   55       -1161.441   -1119.661       -1161.567   -1119.395              55              55
  215        -166.729    -677.948        -166.864    -677.945             215             215
  161        -736.271     313.545        -736.290     313.619             161             161
  244         -90.259     429.119         -90.299     429.158             244             244
   67          73.944    -187.415          73.814    -187.394              67              67
  236         837.786     264.241         837.755     264.144             236             236
   59        1043.574     745.225        1043.721     745.185              59              59
  140        -466.551   -1756.451        -466.741   -1756.327             140             140
   85        -336.542     177.270        -336.498     177.287              85              85
  119        -300.013    -224.601        -300.028    -224.550             119             119
   89        -981.317    -427.009        -981.399    -426.894              89              89
   47        -702.004     411.758        -702.042     411.840              47              47
   36         996.808      85.004         996.804      84.876              36              36
  110       -1235.773    -240.274       -1235.776    -240.075             110             110
  210       -1192.581    -483.744       -1192.728    -483.599             210             210
   86        -820.841      22.946        -820.973      23.000              86              86
   70        -296.531     157.583        -296.642     157.541              70              70
  217        -940.156    1228.945        -940.149    1229.050             217             217
  110         822.515     402.188         822.419     402.066             110             110
  106         -65.258    1125.851         -65.152    1125.888             106             106
  126        -681.203     609.936        -681.194     610.112             126             126
   78       -1194.406    1026.276       -1194.422    1026.580              78              78
   14        -512.846     -89.610        -513.118     -89.389              14              14
  131         -14.344      90.044         -14.611      90.160             131             131
   46         562.243    -105.338         561.958    -105.305              46              46
  145        1099.633    -849.786        1099.299    -849.900             145             145
   56         679.199     233.164         679.110     233.088              56              56
   56        -505.489    -453.262        -505.737    -453.164              56              56
  109         317.896    1203.080         317.840    1203.112             109             109
  138         108.645    -564.689         108.256    -564.540             138             138
   62        2177.568   -1647.011        2177.087   -1647.340              62              62
  233         102.106     170.837         101.996     170.763             233             233
  199        -366.768      60.147        -367.045      60.195             199             199
   44        1576.988     340.303        1576.737     340.062              44              44
  201         710.650     199.255         710.442     199.190             201             201
  189        -643.461     -40.952        -643.870     -40.785             189             189
  154        1540.900    -518.860        1540.291    -519.093             154             154
  182         -47.538     -29.076         -48.250     -29.105             182             182
   46        -571.643    1195.590        -573.061    1195.730              46              46
