SINAL     NFT                         FFT                         NFT INVERSA     FFT INVERSA
-----     -----------------------     -----------------------     -----------     -----------
   89       29735.000       0.000       29735.000       0.000              89              89
   34       -1353.250     572.901       -1353.243     572.901              34              34
   65         650.129    -203.103         650.134    -203.105              65              65
   94        1532.974     190.673        1532.981     190.670              94              94
  178         884.727    1428.602         884.738    1428.600             178             178
  254         460.113    1245.388         460.125    1245.389             254             254
  185       -1538.987   -1025.145       -1538.983   -1025.139             185             185
  106         366.754    1255.046         366.764    1255.044             106             106
   35        -281.297     116.208        -281.289     116.211              35              35
  109         -82.802     531.372         -82.793     531.375             109             109
   11         499.913    -446.191         499.918    -446.192              11              11
   48         -51.177     119.827         -51.168     119.827              48              48
  190         410.207     703.247         410.221     703.247             190             190
   62        -334.921     213.355        -334.911     213.361              62              62
   14         462.295    -269.312         462.304    -269.311              14              14
   82        -693.749    -140.444        -693.738    -140.437              82              82
  211         -41.338     562.857         -41.320     562.863             211             211
   16        -859.044   -1117.430        -859.042   -1117.418              16              16
  113       -1082.231     190.690       -1082.221     190.703             113             113
  222          67.471    -677.095          67.473    -677.096             222             222
  144        -883.585     304.820        -883.568     304.830             144             144
  102       -1340.429    -135.495       -1340.424    -135.476             102             102
   36       -1145.068    -527.636       -1145.077    -527.621              36              36
   15         610.663    -816.992         610.654    -817.011              15              15
  220        -370.302    1520.565        -370.268    1520.564             220             220
  135        -502.518     546.974        -502.497     546.988             135             135
   86       -1662.821    -230.699       -1662.820    -230.667              86              86
  103         548.258    -337.246         548.259    -337.257             103             103
   11       -2209.931     551.508       -2209.917     551.544              11              11
   15        -621.516     101.244        -621.527     101.252              15              15
  243        1141.639    1279.220        1141.665    1279.203             243             243
   70        -908.856      61.733        -908.841      61.763              70              70
   53        -562.161    -609.717        -562.163    -609.704              53              53
   42       -1382.570    1567.835       -1382.528    1567.873              42              42
  218       -2308.065    -725.612       -2308.092    -725.544             218             218
  130        -462.167   -1003.728        -462.210   -1003.721             130             130
    6        -892.949    1441.076        -892.938    1441.099               6               6
   86         443.854    -217.219         443.835    -217.213              86              86
   19       -2069.445    -229.019       -2069.478    -228.959              19              19
  111        1586.074    -229.491        1586.038    -229.521             111             111
  109        -546.018    -136.809        -546.039    -136.790             109             109
  126         190.288     232.811         190.263     232.818             126             126
   97        1494.165    -654.791        1494.129    -654.819              97              97
  122         892.191    -383.916         892.181    -383.936             122             122
  100         152.513    -107.924         152.511    -107.922             100             100
   60          84.397   -1072.652          84.361   -1072.657              60              60
   51         319.936    -109.735         319.922    -109.757              51              51
   18        1117.111     155.391        1117.117     155.350              18              18
  138        -633.680    -240.052        -633.689    -240.045             138             138
  142         894.423     937.552         894.444     937.518             142             142
  136         -46.167     211.804         -46.169     211.807             136             136
  188        1309.633    1385.338        1309.669    1385.312             188             188
   17        1545.589    -240.979        1545.602    -240.998              17              17
  135         473.069    -812.680         473.085    -812.682             135             135
  123       -1337.082     179.335       -1337.052     179.394             123             123
  158         -41.604   -1756.495         -41.663   -1756.498             158             158
  104        -443.460     425.425        -443.445     425.414             104             104
   39         827.779     795.497         827.818     795.463              39              39
  211        -998.762     -31.636        -998.749     -31.602             211             211
  125        -495.595    1704.264        -495.543    1704.298             125             125
  163         496.042     112.729         496.043     112.755             163             163
  221        -614.141    -872.531        -614.175    -872.481             221             221
    9        -199.276    -203.208        -199.298    -203.190               9               9
  123         429.652     231.760         429.654     231.763             123             123
   89        -440.968    -494.045        -441.000    -494.000              89              89
  162         735.970    -876.472         735.922    -876.493             162             162
   83        -171.251     226.895        -171.251     226.913              83              83
   98        1625.180     -15.698        1625.190     -15.732              98              98
  128        -681.497   -1343.919        -681.528   -1343.853             128             128
  239        -847.563   -2138.370        -847.669   -2138.337             239             239
   20         620.762    -974.665         620.702    -974.728              20              20
   17         759.653    -593.578         759.637    -593.649              17              17
  136        -222.680   -1118.202        -222.708   -1118.255             136             136
  114       -1167.733    1446.115       -1167.673    1446.113             114             114
   17         742.348    1047.773         742.382    1047.729              17              17
   52         410.846     337.931         410.882     337.912              52              52
  233       -1325.850    1077.087       -1325.796    1077.176             233             233
  142         -91.671   -1362.968         -91.766   -1362.951             142             142
   67         324.754     588.676         324.773     588.654              67              67
  135       -1194.638    -897.223       -1194.717    -897.172             135             135
  149         937.681     437.582         937.654     437.509             149             149
   52         935.236     609.798         935.253     609.749              52              52
   19        -102.511    -169.360        -102.539    -169.358              19              19
  230        1048.678    1114.814        1048.711    1114.771             230             230
   14        1448.062    -437.709        1448.048    -437.762              14              14
  243         264.946     368.338         264.989     368.352             243             243
   31         610.211   -1568.923         610.147   -1568.947              31              31
   63        -155.903    -350.278        -155.912    -350.298              63              63
    1        1404.583    -217.418        1404.603    -217.535               1               1
   60        -709.784    1144.884        -709.671    1144.912              60              60
  208        -478.300    -368.286        -478.308    -368.251             208             208
   27        -682.306    -104.183        -682.327    -104.159              27              27
  189         378.520     153.462         378.503     153.422             189             189
  157         528.574     257.639         528.578     257.591             157             157
  197         980.654     121.472         980.678     121.386             197             197
  119           8.327    1663.238           8.455    1663.237             119             119
   52         306.095     748.263         306.163     748.297              52              52
  133         372.332    -468.601         372.344    -468.576             133             133
  247        -536.633    -766.534        -536.637    -766.493             247             247
  213       -1365.784     162.967       -1365.775     163.050             213             213
   53         177.439    -276.430         177.401    -276.445              53              53
   13        -458.754     354.793        -458.747     354.821              13              13
   79          90.400    -207.638          90.358    -207.637              79              79
  252         562.705    -637.016         562.653    -637.084             252             252
  228        -448.838    1077.787        -448.789    1077.786             228             228
  230        1469.195    1088.659        1469.259    1088.586             230             230
   32         228.193    -753.525         228.172    -753.524              32              32
  204         316.866     610.813         316.945     610.779             204             204
  166        -958.313     991.218        -958.228     991.315             166             166
   37        -506.278    -520.767        -506.350    -520.707              37              37
  225         564.213    1028.098         564.245    1028.089             225             225
  218         789.697    -446.316         789.646    -446.318             218             218
  176        1745.386   -1039.457        1745.357   -1039.584             176             176
   95       -1082.452     395.104       -1082.381     395.160              95              95
  190        1055.414     973.189        1055.511     973.145             190             190
   49        -528.254   -1344.232        -528.305   -1344.179              49              49
   23        -807.691     665.498        -807.649     665.544              23              23
  126         835.787    -195.811         835.762    -195.873             126             126
   19         721.187     536.451         721.274     536.393              19              19
   68        -434.843     585.243        -434.745     585.302              68              68
   59        -348.110     122.442        -348.066     122.511              59              59
   70        -477.303    -544.837        -477.321    -544.786              70              70
   62        -230.820     673.286        -230.737     673.319              62              62
  158       -1308.691      -5.652       -1308.685      -5.507             158             158
  111        -709.376    -420.603        -709.448    -420.525             111             111
  246        -584.580     307.321        -584.622     307.392             246             246
  217         489.194    -251.770         489.106    -251.767             217             217
   18         890.147   -1233.446         890.018   -1233.523              18              18
   57         619.000       0.104         619.000       0.000              57              57
   18         889.882    1233.604         890.015    1233.525              18              18
  143         489.013     251.765         489.105     251.767             143             143
  178        -584.664    -307.468        -584.621    -307.393             178             178
  153        -709.526     420.439        -709.449     420.523             153             153
   24       -1308.680       5.346       -1308.686       5.504              24              24
  237        -230.646    -673.355        -230.737    -673.319             237             237
  101        -477.343     544.727        -477.322     544.785             101             101
  103        -348.017    -122.590        -348.066    -122.511             103             103
  207        -434.627    -585.371        -434.742    -585.303             207             207
  117         721.378    -536.324         721.275    -536.392             117             117
  149         835.733     195.950         835.762     195.875             149             149
  122        -807.595    -665.601        -807.647    -665.545             122             122
  171        -528.371    1344.111        -528.308    1344.177             171             171
   76        1055.634    -973.088        1055.512    -973.142              76              76
  117       -1082.291    -395.234       -1082.380    -395.163             117             117
  217        1745.317    1039.749        1745.355    1039.585             217             217
  175         789.578     446.323         789.645     446.319             175             175
  250         564.291   -1028.074         564.247   -1028.087             250             250
  127        -506.448     520.624        -506.350     520.706             127             127
   21        -958.108    -991.449        -958.226    -991.316              21              21
   88         317.058    -610.730         316.947    -610.779              88              88
  137         228.141     753.526         228.170     753.526             137             137
  206        1469.354   -1088.479        1469.261   -1088.583             206             206
   64        -448.715   -1077.785        -448.787   -1077.786              64              64
  245         562.573     637.187         562.652     637.085             245             245
  189          90.292     207.639          90.357     207.640             189             189
   61        -458.737    -354.867        -458.747    -354.822              61              61
   51         177.340     276.470         177.401     276.446              51              51
  102       -1365.760    -163.185       -1365.774    -163.053             102             102
   68        -536.643     766.424        -536.639     766.492              68              68
   34         372.362     468.537         372.343     468.577              34              34
  222         306.279    -748.352         306.164    -748.296             222             222
  187           8.680   -1663.235           8.459   -1663.237             187             187
   81         980.718    -121.232         980.677    -121.383              81              81
  129         528.586    -257.505         528.579    -257.589             129             129
  124         378.474    -153.347         378.503    -153.420             124             124
   51        -682.365     104.111        -682.326     104.157              51              51
   28        -478.324     368.187        -478.309     368.251              28              28
  171        -709.457   -1144.969        -709.669   -1144.915             171             171
   90        1404.640     217.763        1404.603     217.538              90              90
  218        -155.930     350.339        -155.912     350.298             218             218
  215         610.012    1568.995         610.143    1568.948             215             215
  115         265.078    -368.380         264.990    -368.351             115             115
  140        1448.019     437.873        1448.048     437.764             140             140
   28        1048.783   -1114.678        1048.714   -1114.769              28              28
  128        -102.599     169.352        -102.539     169.357             128             128
    4         935.292    -609.638         935.254    -609.746               4               4
  110         937.593    -437.346         937.653    -437.508             110             110
  255       -1194.898     897.051       -1194.719     897.169             255             255
  234         324.817    -588.603         324.774    -588.653             234             234
  188         -91.992    1362.912         -91.769    1362.951             188             188
  184       -1325.665   -1077.392       -1325.794   -1077.179             184             184
    5         410.969    -337.866         410.883    -337.911               5               5
  144         742.467   -1047.615         742.384   -1047.727             144             144
  196       -1167.521   -1446.110       -1167.670   -1446.115             196             196
  184        -222.781    1118.388        -222.709    1118.255             184             184
   66         759.597     593.839         759.637     593.652              66              66
  195         620.536     974.899         620.699     974.730             195             195
  129        -847.960    2138.246        -847.673    2138.336             129             129
  122        -681.615    1343.670        -681.530    1343.852             122             122
  194        1625.220      15.833        1625.191      15.736             194             194
  223        -171.253    -226.963        -171.252    -226.913             223             223
  237         735.779     876.557         735.920     876.494             237             237
  148        -441.097     493.864        -441.000     494.000             148             148
   82         429.659    -231.772         429.654    -231.763              82              82
   70        -199.373     203.131        -199.300     203.189              70              70
   58        -614.287     872.315        -614.176     872.478              58              58
    0         496.048    -112.836         496.043    -112.754              -0              -0
  123        -495.357   -1704.414        -495.539   -1704.299             123             123
  147        -998.707      31.482        -998.750      31.600             147             147
   86         827.960    -795.340         827.820    -795.461              86              86
   57        -443.394    -425.380        -443.445    -425.415              57              57
  220         -41.885    1756.510         -41.666    1756.498             220             220
  127       -1336.941    -179.624       -1337.052    -179.397             127             127
   72         473.142     812.690         473.084     812.682              72              72
   85        1545.652     241.079        1545.602     241.001              85              85
   51        1309.824   -1385.203        1309.672   -1385.309              51              51
  180         -46.176    -211.816         -46.169    -211.807             180             180
   60         894.533    -937.366         894.444    -937.515              60              60
   25        -633.730     240.009        -633.689     240.043              25              25
   15        1117.146    -155.161        1117.117    -155.348              15              15
  126         319.856     109.862         319.922     109.758             126             126
   24          84.182    1072.678          84.358    1072.656              24              24
  199         152.501     107.913         152.510     107.922             199             199
  102         892.126     384.045         892.180     383.939             102             102
   89        1493.935     654.973        1494.125     654.823              89              89
  144         190.132    -232.850         190.262    -232.817             144             144
   21        -546.149     136.682        -546.039     136.789              21              21
   56        1585.834     229.707        1586.038     229.525              56              56
   18       -2069.670     228.602       -2069.480     228.955              18              18
    2         443.718     217.178         443.833     217.214               2               2
  150        -892.865   -1441.241        -892.936   -1441.101             150             150
  153        -462.496    1003.674        -462.214    1003.720             153             153
   24       -2308.270     725.083       -2308.093     725.538              24              24
   49       -1382.239   -1568.138       -1382.526   -1567.877              49              49
  242        -562.183     609.611        -562.164     609.703             242             242
    3        -908.736     -61.996        -908.842     -61.765               3               3
   70        1141.872   -1279.069        1141.667   -1279.201              70              70
   22        -621.614    -101.328        -621.527    -101.254              22              22
  146       -2209.797    -551.850       -2209.916    -551.547             146             146
  100         548.262     337.361         548.258     337.259             100             100
   95       -1662.825     230.370       -1662.822     230.664              95              95
  178        -502.302    -547.122        -502.497    -546.989             178             178
  141        -369.931   -1520.549        -370.266   -1520.564             141             141
   27         610.549     817.211         610.652     817.012              27              27
  250       -1145.176     527.449       -1145.077     527.619             250             250
   65       -1340.363     135.243       -1340.424     135.472              65              65
  155        -883.369    -304.955        -883.567    -304.831             155             155
  121          67.483     677.108          67.470     677.096             121             121
  224       -1082.083    -190.878       -1082.219    -190.705             224             224
  102        -859.030    1117.232        -859.045    1117.415             102             102
   83         -41.044    -562.947         -41.320    -562.864              83              83
  100        -693.555     140.299        -693.738     140.435             100             100
  119         462.463     269.320         462.304     269.312             119             119
   33        -334.688    -213.500        -334.909    -213.363              33              33
  199         410.528    -703.215         410.223    -703.245             199             199
  248         -50.962    -119.828         -51.168    -119.828             248             248
  188         500.022     446.226         499.916     446.193             188             188
  103         -82.543    -531.455         -82.792    -531.375             103             103
    7        -281.053    -116.314        -281.289    -116.211               7               7
  152         367.182   -1254.972         366.767   -1255.043             152             152
  245       -1538.823    1024.859       -1538.984    1025.136             245             245
  230         460.810   -1245.402         460.130   -1245.387             230             230
  171         885.461   -1428.391         884.740   -1428.597             171             171
  242        1533.508    -190.294        1532.980    -190.666             242             242
   42         650.727     203.276         650.134     203.105              42              42
   26       -1351.652    -573.058       -1353.242    -572.904              26              26
