SINAL     NFT                         FFT                         NFT INVERSA     FFT INVERSA
-----     -----------------------     -----------------------     -----------     -----------
   63       31200.000       0.000       31200.000       0.000              63              63
  141         194.472     639.145         194.479     639.145             141             141
   60        -346.438     516.689        -346.431     516.689              60              60
  124        1209.725     657.920        1209.733     657.919             124             124
   87        -656.056    -344.629        -656.049    -344.626              87              87
  183        -730.037   -1199.842        -730.035   -1199.840             183             183
  178        1271.628    -326.625        1271.633    -326.631             178             178
   47       -1016.997    -252.131       -1016.990    -252.129              47              47
  108        -818.355     513.990        -818.349     513.992             108             108
  230         263.415    -139.005         263.416    -139.009             230             230
   83        1315.961    1041.776        1315.972    1041.764              83              83
  126        -198.751    1794.291        -198.735    1794.296             126             126
   16        1306.837    -209.707        1306.840    -209.709              16              16
   44        1241.874   -1453.669        1241.873   -1453.677              44              44
  129         905.018     190.034         905.036     190.023             129             129
   18        -858.016    -647.338        -858.007    -647.336              18              18
  247        1127.927    1800.649        1127.961    1800.636             247             247
   80       -1359.291    -628.707       -1359.278    -628.691              80              80
  207       -1094.572     658.787       -1094.555     658.799             207             207
  187        -143.760    -250.224        -143.752    -250.221             187             187
  252       -1658.893     -83.996       -1658.886     -83.980             252             252
  239        -771.985    1560.521        -771.966    1560.535             239             239
   71        -502.054   -1318.436        -502.075   -1318.427              71              71
  166         216.181     671.094         216.190     671.086             166             166
   83        -267.977     538.247        -267.968     538.251              83              83
  134         298.916     411.294         298.923     411.294             134             134
  185         103.673    -394.235         103.670    -394.237             185             185
   51         -87.716    1185.758         -87.696    1185.765              51              51
  117         558.327    -993.496         558.308    -993.503             117             117
   46        1172.661     737.719        1172.682     737.697              46              46
   10         214.874    -110.920         214.888    -110.921              10              10
  110         744.022     212.165         744.047     212.152             110             110
   58        -911.522     216.402        -911.495     216.422              58              58
   79        -892.600     562.036        -892.582     562.061              79              79
   31          96.518    -498.131          96.511    -498.131              31              31
   59         200.252    1074.826         200.289    1074.828              59              59
   84       -1116.198   -1094.317       -1116.214   -1094.288              84              84
  134        -188.712    1185.992        -188.685    1185.999             134             134
   90        -227.540    -421.517        -227.548    -421.499              90              90
   31        -934.116    -313.154        -934.134    -313.128              31              31
  198        1289.884     182.327        1289.883     182.301             198             198
    8         -44.318   -1441.020         -44.348   -1441.022               8               8
  160         355.726    -133.483         355.727    -133.520             160             160
  238         833.812    1723.064         833.877    1723.033             238             238
   52        -617.584    -170.458        -617.568    -170.437              52              52
  251        -528.011     203.587        -527.998     203.591             251             251
   72         -75.810     890.864         -75.781     890.854              72              72
  142        -576.434    2079.004        -576.377    2079.032             142             142
   87        1459.643     791.648        1459.678     791.640              87              87
  165       -1075.810    -169.948       -1075.793    -169.881             165             165
   39       -1097.077     -54.511       -1097.092     -54.450              39              39
   30        1384.556    -658.273        1384.527    -658.303              30              30
  239         311.282     264.631         311.311     264.631             239             239
   35        -584.407     206.889        -584.391     206.932              35              35
  143         531.696   -1012.230         531.671   -1012.238             143             143
   21        -323.660     944.920        -323.613     944.944              21              21
  108           1.871    -914.049           1.849    -914.031             108             108
   98         278.570     433.513         278.609     433.514              98              98
   62       -1064.531     211.581       -1064.502     211.651              62              62
  252       -1252.908    -655.345       -1252.941    -655.264             252             252
  193         -38.245   -1248.539         -38.315   -1248.519             193             193
   82         715.530   -1038.488         715.487   -1038.519              82              82
   45        -675.716     -44.011        -675.718     -43.988              45              45
  190          78.189    -390.119          78.156    -390.114             190             190
  147         941.041    -900.964         941.000    -901.000             147             147
  181         326.745    -628.663         326.732    -628.680             181             181
   65         271.285   -1955.090         271.219   -1955.143              65              65
   38         -57.401    1643.891         -57.312    1643.856              38              38
  184        -217.277      86.700        -217.260      86.721             184             184
   84        -214.945   -1120.587        -214.989   -1120.587              84              84
  116           3.046    -160.460           3.040    -160.494             116             116
  182         108.317     117.565         108.323     117.524             182             182
   27         791.256     658.620         791.308     658.552              27              27
   70        -682.329    1647.355        -682.230    1647.396              70              70
  124         336.499    -955.521         336.474    -955.531             124             124
  130       -1036.635     864.955       -1036.579     864.989             130             130
  195        -285.097     435.838        -285.085     435.855             195             195
   90         501.597     745.684         501.642     745.671              90              90
   73       -1103.054     559.729       -1103.027     559.817              73              73
   83         851.983    -597.194         851.950    -597.211              83              83
  239        -608.958    -352.734        -608.966    -352.700             239             239
  179        -243.025    -380.350        -243.057    -380.355             179             179
  222         583.422    1108.450         583.481    1108.415             222             222
  251        -411.483     202.756        -411.468     202.800             251             251
   96         558.646     -86.254         558.647     -86.268              96              96
  240          33.261    -144.588          33.282    -144.589             240             240
    3       -1152.552    1128.642       -1152.482    1128.736               3               3
  205        -426.893   -1685.305        -427.015   -1685.273             205             205
   57         342.133    1256.406         342.180    1256.377              57              57
   76        -114.946     195.904        -114.962     195.942              76              76
  227        1203.070     496.879        1203.082     496.863             227             227
  127        1133.480   -1904.736        1133.400   -1904.775             127             127
   78        -323.245    -574.661        -323.242    -574.678              78              78
  105        -107.779     903.168        -107.716     903.160             105             105
  241         497.791     105.588         497.814     105.575             241             241
  195        -178.523    -354.045        -178.528    -354.033             195             195
  172         679.414     882.451         679.495     882.422             172             172
  160        -413.711     -38.377        -413.685     -38.309             160             160
   12         233.903    -383.036         233.896    -383.014              12              12
   10         183.940    -964.371         183.908    -964.370              10              10
   20         377.053    -329.308         377.086    -329.340              20              20
  243       -1337.451      -8.326       -1337.421      -8.232             243             243
   70         402.626   -1053.810         402.567   -1053.842              70              70
   11          86.059    -491.932          86.069    -491.975              11              11
   39         -15.988    -296.046         -15.936    -296.105              39              39
   49       -2017.772    1491.973       -2017.625    1492.087              49              49
  147       -1143.136    -663.333       -1143.186    -663.276             147             147
  226       -1998.057    1884.297       -1997.987    1884.420             226             226
  110         179.160    1251.448         179.147    1251.511             110             110
  195        1853.289   -1185.188        1853.186   -1185.256             195             195
  181        -217.732    -448.227        -217.733    -448.207             181             181
  122        -409.331      58.388        -409.328      58.418             122             122
   77         257.334     -27.685         257.324     -27.704              77              77
   91         175.315     736.347         175.374     736.354              91              91
   78         500.644     921.213         500.743     921.269              78              78
   56        -692.444   -2409.447        -692.591   -2409.333              56              56
   84        -469.373   -1076.724        -469.457   -1076.721              84              84
   14         -23.348    -252.957         -23.382    -252.994              14              14
   87         801.640    -123.162         801.658    -123.254              87              87
   51        -818.377     277.613        -818.318     277.663              51              51
   51        -170.963    -309.862        -170.968    -309.860              51              51
  234        -891.691     318.297        -891.659     318.361             234             234
  206        -195.492    -563.209        -195.542    -563.210             206             206
  159        -751.082     875.351        -751.028     875.408             159             159
  193         -85.188    -546.410         -85.259    -546.388             193             193
  147        -232.640    -156.680        -232.682    -156.673             147             147
   53         450.635    -260.499         450.593    -260.562              53              53
   28         940.603     818.833         940.714     818.750              28              28
  213       -2082.000      -0.203       -2082.000       0.000             213             213
  155         940.831    -818.662         940.716    -818.748             155             155
  236         450.547     260.631         450.592     260.564             236             236
  131        -232.726     156.665        -232.682     156.672             131             131
   39         -85.337     546.365         -85.260     546.389              39              39
  205        -750.968    -875.471        -751.027    -875.409             205             205
    6        -195.599     563.210        -195.544     563.209               6               6
    1        -891.624    -318.433        -891.659    -318.362               1               1
  111        -170.974     309.856        -170.968     309.859             111             111
   23        -818.249    -277.721        -818.317    -277.664              23              23
   52         801.679     123.363         801.658     123.255              52              52
  234         -23.419     253.039         -23.381     252.995             234             234
   45        -469.560    1076.714        -469.458    1076.719              45              45
  168        -692.779    2409.190        -692.597    2409.331             168             168
   59         500.868    -921.337         500.744    -921.268              59              59
  253         175.450    -736.361         175.375    -736.353             253             253
   18         257.312      27.727         257.325      27.703              18              18
  153        -409.326     -58.458        -409.328     -58.419             153             153
  108        -217.735     448.180        -217.734     448.207             108             108
   78        1853.043    1185.352        1853.183    1185.260              78              78
  108         179.132   -1251.596         179.149   -1251.510             108             108
   86       -1997.884   -1884.597       -1997.983   -1884.424              86              86
   59       -1143.257     663.191       -1143.187     663.274              59              59
   67       -2017.409   -1492.254       -2017.621   -1492.090              67              67
  137         -15.858     296.190         -15.935     296.104             137             137
  215          86.085     492.040          86.069     491.976             215             215
   17         402.475    1053.889         402.565    1053.842              17              17
   84       -1337.375       8.083       -1337.421       8.229              84              84
  247         377.136     329.390         377.085     329.341             247             247
  206         183.856     964.368         183.907     964.370             206             206
   85         233.886     382.977         233.896     383.014              85              85
  231        -413.641      38.197        -413.684      38.309             231             231
  240         679.630    -882.373         679.495    -882.422             240             240
   70        -178.537     354.013        -178.528     354.033              70              70
   68         497.852    -105.552         497.814    -105.575              68              68
   94        -107.601    -903.146        -107.713    -903.160              94              94
   16        -323.240     574.708        -323.243     574.678              16              16
  209        1133.249    1904.851        1133.396    1904.778             209             209
  200        1203.104    -496.831        1203.082    -496.861             200             200
  225        -114.992    -196.012        -114.961    -195.941             225             225
   94         342.273   -1256.322         342.182   -1256.377              94              94
   29        -427.258    1685.206        -427.018    1685.271              29              29
   38       -1152.342   -1128.923       -1152.481   -1128.738              38              38
  225          33.325     144.590          33.283     144.589             225             225
  222         558.650      86.298         558.647      86.269             222             222
   47        -411.436    -202.895        -411.468    -202.802              47              47
  161         583.610   -1108.339         583.483   -1108.413             161             161
  230        -243.126     380.365        -243.057     380.355             230             230
  223        -608.982     352.622        -608.966     352.698             223             223
  250         851.874     597.251         851.948     597.212             250             250
  112       -1102.965    -560.021       -1103.026    -559.819             112             112
  208         501.750    -745.640         501.644    -745.670             208             208
  131        -285.057    -435.894        -285.085    -435.855             131             131
  217       -1036.440    -865.078       -1036.577    -864.992             217             217
   19         336.409     955.557         336.471     955.532              19              19
  131        -681.974   -1647.497        -682.225   -1647.396             131             131
  135         791.441    -658.374         791.309    -658.550             135             135
   19         108.341    -117.418         108.324    -117.524              19              19
  116           3.025     160.586           3.040     160.495             116             116
   86        -215.113    1120.588        -214.991    1120.587              86              86
   45        -217.214     -86.777        -217.261     -86.720              45              45
  185         -57.056   -1643.759         -57.308   -1643.857             185             185
   64         271.024    1955.296         271.214    1955.144              64              64
   77         326.693     628.731         326.731     628.681              77              77
   92         940.877     901.109         941.000     901.000              92              92
   26          78.049     390.096          78.154     390.114              26              26
   37        -675.727      43.912        -675.719      43.987              37              37
  152         715.347    1038.625         715.486    1038.521             152             152
   35         -38.553    1248.454         -38.318    1248.519              35              35
  188       -1253.057     654.982       -1252.943     655.260             188             188
   41       -1064.400    -211.896       -1064.501    -211.653              41              41
  137         278.748    -433.515         278.610    -433.513             137             137
   40           1.766     913.966           1.848     914.031              40              40
  250        -323.432    -945.037        -323.610    -944.945             250             250
  248         531.572    1012.270         531.669    1012.239             248             248
   91        -584.322    -207.100        -584.389    -206.933              91              91
   78         311.426    -264.631         311.311    -264.631              78              78
  181        1384.407     658.427        1384.526     658.305             181             181
  255       -1097.155      54.193       -1097.092      54.447             255             255
  112       -1075.723     169.594       -1075.794     169.878             112             112
   26        1459.836    -791.602        1459.680    -791.639              26              26
  110        -576.111   -2079.165        -576.373   -2079.034             110             110
  111         -75.639    -890.809         -75.778    -890.854             111             111
   87        -527.937    -203.616        -527.997    -203.593              87              87
  176        -617.490     170.333        -617.568     170.436             176             176
  158         834.208   -1722.871         833.881   -1723.030             158             158
  124         355.730     133.712         355.727     133.521             124             124
   87         -44.512    1441.042         -44.351    1441.024              87              87
   76        1289.877    -182.156        1289.883    -182.299              76              76
  150        -934.234     312.977        -934.134     313.126             150             150
   78        -227.592     421.393        -227.548     421.498              78              78
  234        -188.514   -1186.042        -188.682   -1186.000             234             234
  107       -1116.317    1094.103       -1116.216    1094.286             107             107
  233         200.533   -1074.842         200.292   -1074.828             233             233
  128          96.463     498.129          96.510     498.130             128             128
  173        -892.454    -562.232        -892.580    -562.063             173             173
  181        -911.309    -216.562        -911.495    -216.422             181             181
   98         744.236    -212.043         744.048    -212.150              98              98
  159         214.987     110.932         214.887     110.922             159             159
   93        1172.863    -737.509        1172.684    -737.694              93              93
  217         558.150     993.556         558.306     993.503             217             217
   23         -87.518   -1185.816         -87.694   -1185.764              23              23
   59         103.635     394.252         103.669     394.236              59              59
  206         298.988    -411.289         298.923    -411.293             206             206
  167        -267.884    -538.298        -267.968    -538.252             167             167
  135         216.284    -670.991         216.191    -671.084             135             135
  118        -502.306    1318.323        -502.077    1318.426             118             118
   46        -771.728   -1560.691        -771.961   -1560.534              46              46
  186       -1658.803      83.781       -1658.886      83.977             186             186
  241        -143.654     250.191        -143.753     250.221             241             241
  215       -1094.319    -658.963       -1094.553    -658.801             215             215
  129       -1359.107     628.448       -1359.279     628.689             129             129
  105        1128.490   -1800.430        1127.963   -1800.634             105             105
   81        -857.880     647.298        -858.009     647.335              81              81
   25         905.355    -189.819         905.037    -190.021              25              25
   32        1241.843    1453.860        1241.870    1453.681              32              32
  113        1306.907     209.757        1306.840     209.711             113             113
  186        -198.325   -1794.400        -198.731   -1794.295             186             186
   43        1316.260   -1041.462        1315.974   -1041.763              43              43
   21         263.435     139.141         263.415     139.011              21              21
  198        -818.151    -514.041        -818.349    -513.993             198             198
  171       -1016.743     252.067       -1016.990     252.128             171             171
  140        1271.863     326.924        1271.633     326.634             140             140
   83        -729.956    1199.723        -730.037    1199.840              83              83
  168        -655.619     344.423        -656.049     344.624             168             168
  196        1210.420    -657.782        1209.735    -657.916             196             196
  158        -345.550    -516.742        -346.430    -516.690             158             158
  166         196.247    -639.048         194.481    -639.144             166             166
