SINAL     NFT                         FFT                         NFT INVERSA     FFT INVERSA
-----     -----------------------     -----------------------     -----------     -----------
  173       32141.000       0.000       32141.000       0.000             173             173
   29        -932.278    -192.942        -932.271    -192.941              29              29
   57        -730.515   -1662.245        -730.511   -1662.244              57              57
  100         755.691    -701.281         755.696    -701.283             100             100
  110        -711.155     579.050        -711.149     579.052             110             110
  238        1550.110   -1464.636        1550.111   -1464.640             238             238
  166          99.592      81.058          99.599      81.056             166             166
  211        1950.030    -501.145        1950.037    -501.153             211             211
  187        -291.084     998.876        -291.067     998.878             187             187
    7        -343.480   -1277.462        -343.477   -1277.459               7               7
  227        -254.642    -325.733        -254.634    -325.735             227             227
    2        -654.911     127.855        -654.902     127.856               2               2
  248        -530.680    -120.023        -530.673    -120.023             248             248
   84       -1138.431     518.149       -1138.423     518.154              84              84
  177         111.500     830.202         111.507     830.199             177             177
  249        1178.201      50.090        1178.207      50.081             249             249
   86        -163.618    1033.164        -163.597    1033.168              86              86
  138         -50.130     342.600         -50.117     342.608             138             138
  159        -175.772    -452.709        -175.769    -452.702             159             159
   12         423.746    -433.181         423.753    -433.185              12              12
  233        -585.685     429.450        -585.664     429.460             233             233
   38       -1309.041    -824.940       -1309.040    -824.920              38              38
   76       -1702.432    -532.471       -1702.439    -532.452              76              76
    4        -755.955    -537.631        -755.972    -537.628               4               4
   10         318.369     156.597         318.363     156.580              10              10
   49         967.370    1680.704         967.399    1680.691              49              49
  147        -843.235   -1566.943        -843.255   -1566.929             147             147
  139        -122.532     555.092        -122.525     555.081             139             139
  179        -559.177     642.111        -559.175     642.116             179             179
  250        1383.611     872.517        1383.621     872.496             250             250
   59         765.315   -1016.737         765.307   -1016.756              59              59
  235          86.893    1086.105          86.927    1086.091             235             235
   77        -310.329    1290.654        -310.289    1290.664              77              77
  149       -1430.712     -88.546       -1430.713     -88.512             149             149
  149        -522.311     572.829        -522.313     572.836             149             149
  221         -21.039    1923.130         -21.017    1923.141             221             221
  152         971.927     186.742         971.916     186.745             152             152
  205        1424.354    -271.596        1424.349    -271.611             205             205
   14         795.933    -338.418         795.943    -338.426              14              14
   11        -755.323    -276.960        -755.320    -276.937              11              11
  177         356.488     -51.761         356.488     -51.767             177             177
  188        -283.156     -86.618        -283.157     -86.612             188             188
  222         -40.648    1240.359         -40.621    1240.376             222             222
  238          85.132   -1182.921          85.089   -1182.901             238             238
   72         452.173   -1555.016         452.113   -1555.038              72              72
   11        1795.531     341.315        1795.540     341.244              11              11
   67         843.916    -336.583         843.929    -336.630              67              67
  204        -608.801    1656.820        -608.744    1656.823             204             204
   80        1226.270     833.672        1226.303     833.640              80              80
   91        -153.542    1854.522        -153.468    1854.558              91              91
  157         216.996   -1009.642         216.970   -1009.609             157             157
  255         936.561   -1406.369         936.535   -1406.402             255             255
  190        -773.661     752.416        -773.619     752.431             190             190
   74         260.708     360.582         260.724     360.581              74              74
  198         144.590      98.516         144.603      98.522             198             198
  116        -251.962      78.415        -251.957      78.436             116             116
  137         497.127    -637.650         497.106    -637.665             137             137
   40         349.739     -97.114         349.745     -97.138              40              40
  208         -37.304     500.968         -37.278     500.966             208             208
    1         327.362    -896.367         327.330    -896.401               1               1
  198        1084.940    1916.900        1085.032    1916.840             198             198
   36         -59.547    1172.996         -59.472    1173.020              36              36
  255          12.260     165.977          12.296     166.006             255             255
  254        -933.196    -576.984        -933.200    -576.944             254             254
   30       -1043.046    1567.947       -1043.001    1568.000              30              30
  141        1840.670     419.223        1840.688     419.188             141             141
    3        -474.676    -828.939        -474.681    -828.894               3               3
  217        -364.877    -126.729        -364.869    -126.715             217             217
   99        -817.722     930.171        -817.687     930.219              99              99
   35         178.741     326.712         178.742     326.742              35              35
  241        -321.976   -1217.044        -322.052   -1217.016             241             241
  203        1377.628    1221.798        1377.677    1221.754             203             203
  227         359.936   -1587.482         359.885   -1587.483             227             227
   71        -327.788     367.030        -327.760     367.031              71              71
   86         223.627     483.070         223.652     483.069              86              86
  130          96.771    -238.568          96.760    -238.563             130             130
    2         937.100     316.745         937.132     316.705               2               2
  100          79.074     126.401          79.115     126.407             100             100
   94         -33.412     377.874         -33.351     377.891              94              94
  249       -1659.374      95.881       -1659.358      95.987             249             249
   48        -432.995      60.921        -433.020      60.971              48              48
   50         195.424    -823.062         195.355    -823.061              50              50
  127         539.842      61.384         539.835      61.347             127             127
  138         335.298     479.996         335.328     479.987             138             138
   56         145.643    -612.057         145.619    -612.063              56              56
   36         133.659     624.451         133.708     624.439              36              36
  247        -908.970     190.798        -908.970     190.862             247             247
  121         794.842    -290.113         794.807    -290.161             121             121
  101         123.755    1187.092         123.818    1187.093             101             101
  157         951.617     589.118         951.663     589.115             157             157
  194        -671.310    -839.404        -671.358    -839.320             194             194
  142        2149.281   -1275.288        2149.236   -1275.425             142             142
  112        -771.276     588.043        -771.169     588.061             112             112
   67       -1109.898     506.825       -1109.841     506.894              67              67
   85        -949.306     216.354        -949.294     216.425              85              85
   89       -1509.173      11.363       -1509.223      11.470              89              89
  201         702.413    -999.263         702.289    -999.336             201             201
  139           0.622    1477.922           0.672    1477.885             139             139
   28         752.153    1641.405         752.219    1641.394              28              28
   75         454.730    -589.985         454.662    -589.976              75              75
   38         963.543     219.556         963.532     219.486              38              38
  227        1006.564    1300.401        1006.641    1300.347             227             227
  218        1116.812    1082.183        1116.897    1082.164             218             218
  110         860.122     763.013         860.205     763.047             110             110
  206         494.082   -1150.050         494.046   -1150.018             206             206
   20        -486.508      67.603        -486.503      67.664              20              20
  144        2313.487     362.105        2313.539     362.002             144             144
  250         331.368    -768.452         331.405    -768.418             250             250
  116        -501.638    -864.006        -501.639    -863.953             116             116
  124        -115.414    -348.900        -115.417    -348.897             124             124
  122        1584.338     265.447        1584.427     265.345             122             122
  234        -728.613    -588.366        -728.540    -588.305             234             234
  157       -1885.687    -595.598       -1885.688    -595.501             157             157
  154        -699.438    2073.660        -699.303    2073.718             154             154
  192        -153.288    -441.428        -153.341    -441.360             192             192
  237         498.321    -104.900         498.313    -104.909             237             237
    4         474.825    -708.433         474.813    -708.474               4               4
    1        -104.396     796.568        -104.270     796.565               1               1
  240       -1156.795     592.191       -1156.707     592.312             240             240
  119        -665.797    -174.860        -665.801    -174.769             119             119
   99        -370.600    -720.426        -370.636    -720.399              99              99
  191       -1899.460     179.212       -1899.472     179.318             191             191
  214        -111.364    1195.545        -111.345    1195.534             214             214
  176         517.443    1537.561         517.524    1537.559             176             176
  135         316.545     916.088         316.614     916.150             135             135
   18        -346.455      51.915        -346.460      52.033              18              18
  128         207.237    -184.822         207.204    -184.773             128             128
   19         174.993     265.621         175.006     265.669              19              19
   85         249.000      -0.053         249.000       0.000              85              85
   90         175.021    -265.718         175.007    -265.669              90              90
  121         207.167     184.722         207.203     184.773             121             121
   83        -346.466     -52.161        -346.461     -52.036              83              83
   45         316.690    -916.217         316.615    -916.150              45              45
  125         517.617   -1537.556         517.528   -1537.559             125             125
   17        -111.321   -1195.522        -111.343   -1195.535              17              17
  136       -1899.484    -179.445       -1899.472    -179.325             136             136
   66        -370.678     720.368        -370.637     720.399              66              66
    0        -665.806     174.662        -665.801     174.767              -0               0
  120       -1156.602    -592.457       -1156.706    -592.314             120             120
   71        -104.117    -796.563        -104.268    -796.567              71              71
  180         474.796     708.525         474.811     708.475             180             180
  182         498.306     104.923         498.314     104.910             182             182
   73        -153.407     441.275        -153.341     441.359              73              73
   34        -699.127   -2073.793        -699.298   -2073.720              34              34
  191       -1885.688     595.374       -1885.688     595.499             191             191
  105        -728.447     588.221        -728.541     588.303             105             105
   85        1584.546    -265.206        1584.428    -265.343              85              85
  193        -115.423     348.891        -115.418     348.896             193             193
   65        -501.642     863.879        -501.640     863.952              65              65
  202         331.456     768.372         331.405     768.419             202             202
  244        2313.612    -361.851        2313.539    -361.998             244             244
  249        -486.496     -67.753        -486.502     -67.665             249             249
  178         493.992    1149.970         494.045    1150.018             178             178
  191         860.332    -763.095         860.208    -763.046             191             191
  130        1117.026   -1082.132        1116.898   -1082.162             130             130
  147        1006.764   -1300.262        1006.644   -1300.346             147             147
  135         963.516    -219.377         963.533    -219.486             135             135
  149         454.553     589.962         454.661     589.976             149             149
  223         752.325   -1641.375         752.220   -1641.392             223             223
   84           0.758   -1477.823           0.676   -1477.884              84              84
  189         702.081     999.457         702.288     999.336             189             189
  228       -1509.309     -11.657       -1509.223     -11.473             228             228
  162        -949.275    -216.550        -949.295    -216.426             162             162
   79       -1109.736    -507.018       -1109.838    -506.896              79              79
   55        -770.974    -588.095        -771.168    -588.063              55              55
  173        2149.152    1275.682        2149.234    1275.429             173             173
  216        -671.451     839.163        -671.361     839.319             216             216
   49         951.752    -589.107         951.665    -589.113              49              49
   60         123.942   -1187.094         123.820   -1187.093              60              60
  164         794.737     290.256         794.806     290.162             164             164
  110        -908.970    -190.991        -908.970    -190.864             110             110
  225         133.807    -624.416         133.708    -624.439             225             225
  204         145.568     612.075         145.617     612.063             204             204
   59         335.393    -479.970         335.329    -479.987              59              59
  241         539.822     -61.268         539.835     -61.346             241             241
  201         195.205     823.062         195.354     823.063             201             201
  121        -433.075     -61.081        -433.019     -60.972             121             121
  166       -1659.319     -96.232       -1659.356     -95.991             166             166
    4         -33.212    -377.930         -33.351    -377.891               4               4
  182          79.213    -126.422          79.116    -126.408             182             182
  196         937.208    -316.607         937.133    -316.703             196             196
  255          96.734     238.551          96.760     238.563             255             255
  128         223.715    -483.065         223.653    -483.068             128             128
  211        -327.685    -367.036        -327.758    -367.032             211             211
   62         359.753    1587.486         359.883    1587.484              62              62
   21        1377.808   -1221.635        1377.680   -1221.751              21              21
  154        -322.255    1216.942        -322.054    1217.016             154             154
  208         178.746    -326.825         178.743    -326.742             208             208
  200        -817.586    -930.355        -817.685    -930.222             200             200
  147        -364.846     126.673        -364.868     126.714             147             147
  125        -474.696     828.763        -474.683     828.894             125             125
  120        1840.740    -419.082        1840.688    -419.183             120             120
  208       -1042.863   -1568.159       -1042.999   -1568.000             208             208
   97        -933.217     576.816        -933.201     576.941              97              97
   11          12.410    -166.097          12.296    -166.007              11              11
  111         -59.219   -1173.100         -59.468   -1173.021             111             111
    6        1085.342   -1916.635        1085.035   -1916.837               6               6
   80         327.218     896.514         327.328     896.401              80              80
   80         -37.188    -500.960         -37.277    -500.966              80              80
    9         349.769      97.222         349.745      97.138               9               9
  213         497.025     637.719         497.104     637.665             213             213
   93        -251.937     -78.515        -251.957     -78.437              93              93
   79         144.651     -98.540         144.603     -98.521              79              79
  241         260.785    -360.573         260.724    -360.580             241             241
   26        -773.453    -752.491        -773.618    -752.432              26              26
  242         936.422    1406.538         936.532    1406.403             242             242
  213         216.857    1009.475         216.968    1009.609             213             213
   23        -153.146   -1854.711        -153.464   -1854.558              23              23
   77        1226.452    -833.492        1226.305    -833.638              77              77
   64        -608.472   -1656.839        -608.739   -1656.824              64              64
  105         843.987     336.850         843.928     336.631             105             105
   81        1795.586    -340.898        1795.541    -341.239              81              81
  247         451.817    1555.150         452.110    1555.039             247             247
  138          84.867    1182.797          85.086    1182.900             138             138
  154         -40.479   -1240.466         -40.619   -1240.376             154             154
   47        -283.163      86.573        -283.158      86.611              47              47
  255         356.487      51.801         356.488      51.767             255             255
  140        -755.305     276.797        -755.320     276.934             140             140
   84         795.993     338.474         795.941     338.427              84              84
   32        1424.315     271.704        1424.348     271.613              32              32
   62         971.845    -186.764         971.916    -186.743              62              62
  166         -20.862   -1923.218         -21.012   -1923.142             166             166
  250        -522.325    -572.882        -522.312    -572.836             250             250
  157       -1430.717      88.273       -1430.713      88.509             157             157
   23        -310.002   -1290.733        -310.288   -1290.664              23              23
  159          87.192   -1085.985          86.931   -1086.090             159             159
   24         765.228    1016.904         765.304    1016.757              24              24
   91        1383.703    -872.317        1383.622    -872.492              91              91
  169        -559.158    -642.154        -559.175    -642.117             169             169
   92        -122.465    -554.994        -122.524    -555.083              92              92
   80        -843.452    1566.798        -843.258    1566.927              80              80
    8         967.683   -1680.563         967.403   -1680.688               8               8
   25         318.298    -156.415         318.362    -156.580              25              25
   75        -756.155     537.594        -755.973     537.627              75              75
   81       -1702.521     532.221       -1702.440     532.447              81              81
  149       -1309.041     824.680       -1309.043     824.917             149             149
   30        -585.409    -429.586        -585.664    -429.461              30              30
   38         423.835     433.242         423.752     433.186              38              38
  226        -175.729     452.599        -175.769     452.700             226             226
  173         -49.938    -342.715         -50.117    -342.607             173             173
   40        -163.278   -1033.218        -163.596   -1033.167              40              40
   36        1178.313     -49.889        1178.209     -50.077              36              36
   21         111.636    -830.170         111.508    -830.200              21              21
   61       -1138.275    -518.258       -1138.423    -518.157              61              61
   73        -530.538     120.015        -530.674     120.022              73              73
   95        -654.683    -127.889        -654.901    -127.858              95              95
  161        -254.449     325.778        -254.635     325.735             161             161
  119        -343.410    1277.381        -343.480    1277.460             119             119
   97        -290.535    -998.939        -291.066    -998.879              97              97
  121        1950.266     501.529        1950.037     501.158             121             121
  132          99.875     -80.982          99.599     -81.056             132             132
  219        1550.129    1464.886        1550.108    1464.643             219             219
   53        -710.729    -579.194        -711.147    -579.052              53              53
  138         756.060     701.457         755.694     701.285             138             138
   64        -730.053    1662.042        -730.514    1662.242              64              64
  203        -930.611     192.615        -932.272     192.939             203             203
