SINAL     NFT                         FFT                         NFT INVERSA     FFT INVERSA
-----     -----------------------     -----------------------     -----------     -----------
  137       31801.000       0.000       31801.000       0.000             137             137
  194        -601.826     552.385        -601.820     552.385             194             194
  140        1020.412     234.113        1020.418     234.113             140             140
   86         223.995    1014.984         224.003    1014.985              86              86
  128         192.615    -860.605         192.619    -860.603             128             128
  204         944.396    -382.646         944.402    -382.647             204             204
  137         -94.828    -570.217         -94.822    -570.214             137             137
  165         156.849   -1014.798         156.851   -1014.798             165             165
   72         481.464    -661.621         481.466    -661.625              72              72
  156        1356.046    -832.258        1356.050    -832.269             156             156
  109        -522.330     798.475        -522.317     798.476             109             109
  145         249.330    -916.592         249.328    -916.595             145             145
  248        1614.935    -493.989        1614.938    -494.008             248             248
  248        1589.548     705.371        1589.568     705.351             248             248
   72          39.021    1005.256          39.051    1005.251              72              72
   67       -1931.781    1100.017       -1931.758    1100.031              67              67
  127       -1077.452    1551.300       -1077.433    1551.316             127             127
   99         -77.484     -66.576         -77.486     -66.569              99              99
   96        1103.934     290.356        1103.938     290.347              96              96
    3        1936.222     395.668        1936.241     395.650               3               3
  114        -626.642    -295.791        -626.631    -295.781             114             114
  137        1501.175     213.434        1501.196     213.410             137             137
    1       -1369.012    1825.652       -1368.968    1825.676               1               1
  224         -45.891     271.112         -45.879     271.127             224             224
   66         771.786    -493.626         771.795    -493.629              66              66
  168        -451.209     497.433        -451.176     497.446             168             168
   55       -2082.138     327.234       -2082.124     327.278              55              55
   49        1048.104     358.197        1048.116     358.195              49              49
  217        -821.483    -547.602        -821.472    -547.569             217             217
  151       -1624.188   -1394.116       -1624.206   -1394.083             151             151
  113        -120.217    -557.285        -120.224    -557.293             113             113
   99       -1355.930    1530.311       -1355.899    1530.338              99              99
   48        -797.383    -343.004        -797.402    -342.975              48              48
  114         216.808     410.215         216.804     410.224             114             114
   30         597.916    -839.430         597.897    -839.426              30              30
    9        -601.503   -1752.022        -601.546   -1752.016               9               9
   16        1076.192     317.496        1076.194     317.453              16              16
  125         684.325     720.575         684.353     720.548             125             125
  114        -343.801    1491.314        -343.756    1491.330             114             114
  202         712.633     546.319         712.660     546.323             202             202
  100       -1360.254    -142.572       -1360.251    -142.517             100             100
  184         695.405     379.414         695.416     379.417             184             184
  116       -1408.237    -134.175       -1408.244    -134.106             116             116
   11         237.416   -1437.420         237.352   -1437.411              11              11
  232        1369.050     368.173        1369.054     368.150             232             232
  164           0.038   -1559.042          -0.005   -1559.031             164             164
  194         711.568     452.158         711.575     452.151             194             194
  100        1342.114   -2639.388        1342.046   -2639.425             100             100
   89         390.741    -158.047         390.757    -158.083              89              89
   22         260.948    -538.912         260.947    -538.941              22              22
   49         422.640     659.549         422.679     659.521              49              49
   33        -323.712    -185.061        -323.712    -185.058              33              33
    4        1596.778     137.994        1596.801     137.926               4               4
  165        -260.307     806.450        -260.246     806.453             165             165
  221         -27.274     714.440         -27.224     714.454             221             221
  100        -540.804    -263.809        -540.796    -263.778             100             100
  240        -286.056     -18.753        -286.056     -18.740             240             240
  115        1489.209     -40.360        1489.234     -40.417             115             115
   92       -1273.089     876.221       -1273.020     876.273              92              92
   81        -812.959     401.182        -812.943     401.231              81              81
  192        -351.918     478.159        -351.913     478.205             192             192
   58         563.126   -1093.536         563.075   -1093.540              58              58
  142         554.047     616.146         554.073     616.135             142             142
  122         895.846     237.343         895.873     237.349             122             122
  128         423.054   -2073.999         423.001   -2074.000             128             128
  191         303.921    -400.590         303.947    -400.624             191             191
  170       -1013.455     599.858       -1013.402     599.900             170             170
  100         659.139    -785.804         659.130    -785.833             100             100
  102        -549.658     537.179        -549.593     537.201             102             102
  174        -719.742    -553.258        -719.737    -553.228             174             174
    2       -1183.857    1256.063       -1183.789    1256.135               2               2
   87        -677.512   -1966.594        -677.611   -1966.559              87              87
   72         133.633     917.617         133.674     917.590              72              72
  214        -487.977     122.860        -487.969     122.888             214             214
   29         150.309     430.860         150.334     430.862              29              29
  137        -362.936     254.665        -362.910     254.705             137             137
  226       -1003.648    -243.952       -1003.669    -243.882             226             226
  188         253.705     -42.260         253.685     -42.252             188             188
   87         342.886    -679.113         342.860    -679.119              87              87
    7        -907.829    -331.756        -907.849    -331.715               7               7
  180          32.718     183.084          32.699     183.079             180             180
   29        1145.955     278.646        1145.968     278.602              29              29
  195         387.685    -696.352         387.683    -696.365             195             195
   39        -590.241     285.586        -590.198     285.619              39              39
  195        -436.068    -288.055        -436.073    -288.026             195             195
   94        -909.844     376.435        -909.841     376.494              94              94
  209         919.348     -38.847         919.337     -38.872             209             209
   39        -262.470    -659.124        -262.495    -659.091              39              39
  110         213.881   -1071.995         213.830   -1072.030             110             110
  174        -332.337    1102.447        -332.265    1102.450             174             174
   50         338.575     269.116         338.611     269.123              50              50
   92       -1211.378    -176.564       -1211.383    -176.462              92              92
  213         539.206    -663.611         539.166    -663.620             213             213
  131       -1019.187   -1017.850       -1019.247   -1017.794             131             131
  247         377.187    -653.818         377.140    -653.878             247             247
   95        -553.850     560.124        -553.810     560.132              95              95
   99        -876.528    -646.998        -876.598    -646.975              99              99
   92         348.929    1340.878         348.977    1340.832              92              92
  236        -249.006     342.717        -249.022     342.745             236             236
  169        1341.745     485.426        1341.761     485.357             169             169
  123        -282.428     762.123        -282.378     762.195             123             123
   12         510.974   -1540.399         510.853   -1540.396              12              12
   20        1240.341   -1197.827        1240.273   -1197.956              20              20
   68         799.953    1256.995         800.092    1256.899              68              68
  136        -442.864     471.167        -442.775     471.200             136             136
  199        -478.041     465.203        -477.981     465.246             199             199
  121         -26.146     236.099         -26.098     236.116             121             121
   71        -885.395     117.824        -885.355     117.886              71              71
   63       -1357.648    1284.573       -1357.571    1284.694              63              63
  177        -649.587     479.221        -649.608     479.335             177             177
   90         304.406    -142.371         304.347    -142.319              90              90
  195         -54.506    -506.593         -54.586    -506.528             195             195
  146        1450.037    -707.463        1449.977    -707.519             146             146
  223         -21.752   -1416.999         -21.820   -1416.992             223             223
  131        -979.903      59.287        -979.915      59.347             131             131
   41         886.031    -246.583         885.984    -246.638              41              41
   94         702.947    -688.000         702.922    -688.055              94              94
  123        -696.615    -282.549        -696.620    -282.520             123             123
    2         311.247     533.088         311.281     533.065               2               2
  191          35.390    -174.054          35.386    -174.023             191             191
  144         -71.562   -1630.932         -71.681   -1630.952             144             144
  195        -200.099     951.499        -200.025     951.467             195             195
  186        -370.828    1096.845        -370.771    1096.924             186             186
  245        1088.140   -1955.313        1087.979   -1955.376             245             245
   25        -126.437     336.356        -126.396     336.339              25              25
  128        1209.856    -512.692        1209.866    -512.799             128             128
  163       -1501.854     -47.511       -1501.813     -47.415             163             163
  165        -366.336     -44.093        -366.362     -44.083             165             165
   64         373.000       0.051         373.000       0.000              64              64
    5        -366.388      44.072        -366.362      44.083               5               5
   28       -1501.768      47.309       -1501.812      47.411              28              28
  251        1209.875     512.917        1209.865     512.803             251             251
  149        -126.352    -336.321        -126.396    -336.339             149             149
   88        1087.797    1955.449        1087.973    1955.379              88              88
  192        -370.705   -1097.013        -370.768   -1096.925             192             192
   95        -199.941    -951.433        -200.024    -951.468              95              95
   19         -71.819    1630.975         -71.683    1630.952              19              19
  244          35.381     173.986          35.386     174.023             244             244
  197         311.325    -533.038         311.283    -533.065             197             197
  170        -696.629     282.483        -696.622     282.519             170             170
   16         702.890     688.122         702.921     688.055              16              16
   25         885.925     246.706         885.983     246.639              25              25
  230        -979.929     -59.423        -979.914     -59.348             230             230
  177         -21.909    1416.985         -21.823    1416.992             177             177
  217        1449.900     707.595        1449.977     707.521             217             217
  241         -54.693     506.441         -54.588     506.527             241             241
  139         304.270     142.252         304.348     142.320             139             139
   79        -649.633    -479.493        -649.607    -479.338              79              79
  251       -1357.463   -1284.862       -1357.569   -1284.696             251             251
  204        -885.298    -117.976        -885.354    -117.889             204             204
  208         -26.028    -236.139         -26.097    -236.116             208             208
   11        -477.891    -465.310        -477.979    -465.247              11              11
  173        -442.643    -471.248        -442.774    -471.200             173             173
  203         800.304   -1256.754         800.096   -1256.897             203             203
   92        1240.167    1198.157        1240.271    1197.959              92              92
   51         510.663    1540.393         510.849    1540.397              51              51
  225        -282.300    -762.306        -282.377    -762.195             225             225
  107        1341.785    -485.243        1341.761    -485.353             107             107
  182        -249.048    -342.791        -249.021    -342.745             182             182
    5         349.058   -1340.756         348.980   -1340.831               5               5
  155        -876.714     646.936        -876.598     646.975             155             155
  253        -553.743    -560.147        -553.810    -560.133             253             253
  122         377.056     653.981         377.139     653.878             122             122
  239       -1019.359    1017.693       -1019.251    1017.792             239             239
   78         539.093     663.637         539.165     663.621              78              78
   11       -1211.394     176.271       -1211.384     176.458              11              11
   31         338.678    -269.134         338.611    -269.121              31              31
   50        -332.124   -1102.455        -332.261   -1102.451              50              50
   71         213.731    1072.097         213.829    1072.030              71              71
  231        -262.546     659.026        -262.496     659.091             231             231
  199         919.314      38.924         919.336      38.874             199             199
  241        -909.832    -376.615        -909.840    -376.496             241             241
  166        -436.083     287.966        -436.073     288.025             166             166
  224        -590.106    -285.688        -590.197    -285.620             224             224
  150         387.676     696.393         387.681     696.365             150             150
    4        1145.997    -278.504        1145.969    -278.598               4               4
   56          32.659    -183.070          32.699    -183.080              56              56
   43        -907.894     331.621        -907.850     331.714              43              43
  107         342.798     679.131         342.858     679.119             107             107
   80         253.639      42.235         253.685      42.253              80              80
  145       -1003.718     243.712       -1003.669     243.880             145             145
  191        -362.846    -254.802        -362.909    -254.705             191             191
   49         150.396    -430.868         150.334    -430.863              49              49
   17        -487.949    -122.957        -487.968    -122.888              17              17
  139         133.778    -917.522         133.675    -917.590             139             139
   39        -677.874    1966.464        -677.614    1966.557              39              39
  155       -1183.605   -1256.328       -1183.787   -1256.138             155             155
   20        -719.721     553.146        -719.737     553.226              20              20
  142        -549.412    -537.262        -549.591    -537.202             142             142
   48         659.105     785.914         659.129     785.834              48              48
   56       -1013.249    -600.022       -1013.400    -599.902              56              56
   53         304.024     400.726         303.947     400.625              53              53
  190         422.838    2074.003         422.999    2074.000             190             190
  224         895.960    -237.361         895.874    -237.347             224             224
  172         554.162    -616.098         554.075    -616.134             172             172
   11         562.903    1093.554         563.072    1093.541              11              11
  251        -351.893    -478.355        -351.911    -478.205             251             251
  157        -812.882    -401.402        -812.941    -401.233             157             157
  242       -1272.784    -876.453       -1273.019    -876.274             242             242
  177        1489.320      40.625        1489.233      40.420             177             177
   38        -286.054      18.692        -286.056      18.739              38              38
  181        -540.767     263.659        -540.796     263.776             181             181
  105         -27.033    -714.503         -27.222    -714.454             105             105
  175        -260.004    -806.465        -260.243    -806.453             175             175
   75        1596.894    -137.657        1596.802    -137.924              75              75
   12        -323.707     185.043        -323.711     185.058              12              12
  169         422.840    -659.403         422.680    -659.520             169             169
  117         260.941     539.066         260.946     538.942             117             117
   10         390.823     158.241         390.756     158.084              10              10
   16        1341.724    2639.601        1342.040    2639.428              16              16
   56         711.612    -452.119         711.576    -452.150              56              56
  103          -0.216    1558.975          -0.008    1559.030             103             103
  104        1369.075    -368.028        1369.055    -368.147             104             104
  184         237.033    1437.365         237.350    1437.411             184             184
  208       -1408.283     133.754       -1408.245     134.104             208             208
  243         695.478    -379.432         695.417    -379.416             243             243
  186       -1360.237     142.216       -1360.251     142.516             186             186
  125         712.813    -546.348         712.662    -546.323             125             125
  142        -343.489   -1491.418        -343.753   -1491.330             142             142
  130         684.523    -720.389         684.355    -720.547             130             130
  121        1076.207    -317.179        1076.194    -317.450             121             121
  246        -601.833    1751.968        -601.551    1752.013             246             246
   56         597.764     839.406         597.895     839.428              56              56
   15         216.780    -410.288         216.804    -410.224              15              15
  121        -797.534     342.767        -797.402     342.975             121             121
    1       -1355.659   -1530.552       -1355.896   -1530.342               1               1
   44        -120.281     557.351        -120.225     557.292              44              44
  166       -1624.357    1393.798       -1624.208    1394.078             166             166
  174        -821.384     547.301        -821.473     547.568             174             174
  244        1048.240    -358.173        1048.119    -358.194             244             244
  103       -2081.994    -327.687       -2082.123    -327.282             103             103
  185        -450.867    -497.568        -451.174    -497.447             185             185
  132         771.888     493.664         771.795     493.630             132             132
  193         -45.747    -271.289         -45.877    -271.128             193             193
  240       -1368.478   -1825.939       -1368.964   -1825.678             240             240
  182        1501.437    -213.137        1501.198    -213.407             182             182
  225        -626.489     295.659        -626.630     295.781             225             225
   11        1936.475    -395.406        1936.242    -395.646              11              11
   22        1103.988    -290.217        1103.939    -290.344              22              22
   29         -77.528      66.461         -77.488      66.568              29              29
  187       -1077.151   -1551.554       -1077.432   -1551.317             187             187
  253       -1931.349   -1100.304       -1931.755   -1100.036             253             253
   31          39.587   -1005.154          39.053   -1005.250              31              31
  118        1589.979    -704.941        1589.571    -705.348             118             118
   20        1614.999     494.415        1614.937     494.010              20              20
   82         249.274     916.670         249.327     916.596              82              82
   92        -521.974    -798.502        -522.315    -798.476              92              92
    2        1356.148     832.592        1356.048     832.273               2               2
   57         481.527     661.744         481.465     661.626              57              57
   15         156.897    1014.811         156.850    1014.798              15              15
  206         -94.611     570.137         -94.823     570.216             206             206
  244         944.683     382.734         944.400     382.649             244             244
  212         192.866     860.498         192.617     860.603             212             212
  145         224.733   -1015.066         224.005   -1014.986             145             145
  188        1021.239    -233.976        1020.419    -234.109             188             188
  143        -600.105    -552.486        -601.819    -552.386             143             143
