SINAL     NFT                         FFT                         NFT INVERSA     FFT INVERSA
-----     -----------------------     -----------------------     -----------     -----------
  194       32827.000       0.000       32827.000       0.000             194             194
   71        -907.279     667.129        -907.271     667.130              71              71
  206       -1509.345    -658.651       -1509.340    -658.650             206             206
   61       -1045.249    -328.711       -1045.245    -328.711              61              61
  149        1412.291    1347.305        1412.299    1347.301             149             149
   34        -723.286     950.449        -723.279     950.453              34              34
  190         650.169    -678.671         650.169    -678.671             190             190
  146        2201.989     245.619        2201.994     245.611             146             146
  103        1158.732      58.330        1158.740      58.326             103             103
   37        1229.893     -40.222        1229.903     -40.228              37              37
  113         285.034     102.499         285.047     102.499             113             113
  124        -303.716    -627.264        -303.710    -627.260             124             124
   64         289.040    -401.041         289.047    -401.045              64              64
  121        -635.720     333.856        -635.708     333.859             121             121
    5        -451.600      10.321        -451.595      10.325               5               5
  139        -147.931      11.891        -147.930      11.892             139             139
   18        1078.852     704.252        1078.861     704.243              18              18
   71        1102.360    -590.132        1102.363    -590.141              71              71
   15         617.143    -446.264         617.153    -446.276              15              15
   44        -703.353     606.884        -703.335     606.887              44              44
   67         615.648     682.981         615.663     682.974              67              67
  197          -2.995    -482.124          -2.992    -482.127             197             197
    2         813.248     717.171         813.269     717.152               2               2
  141         -69.222     717.945         -69.199     717.940             141             141
   81         -78.523    2661.932         -78.473    2661.941              81              81
   39         833.487     220.427         833.504     220.438              39              39
  170        -281.325    -915.612        -281.324    -915.594             170             170
   13         510.174    -799.017         510.180    -799.026              13              13
  164        -347.366    1105.826        -347.321    1105.832             164             164
  129       -2125.485    -248.983       -2125.476    -248.940             129             129
  255        -344.627     494.215        -344.618     494.220             255             255
  238        -764.613    1508.207        -764.586    1508.233             238             238
  247        -195.155     389.131        -195.154     389.159             247             247
  178         755.900      42.451         755.901      42.462             178             178
  136         634.753   -1059.174         634.749   -1059.170             136             136
  122       -1421.567    -169.755       -1421.553    -169.710             122             122
   64       -2120.978   -1693.440       -2121.038   -1693.393              64              64
   16        1793.507    1223.731        1793.513    1223.685              16              16
  129         857.556     427.673         857.574     427.675             129             129
  250        -369.275   -1262.520        -369.303   -1262.495             250             250
  217        1054.639    -391.316        1054.634    -391.339             217             217
  194        -242.009   -1376.790        -242.033   -1376.793             194             194
  108         226.206     820.789         226.234     820.768             108             108
    9        -246.547     856.737        -246.521     856.755               9               9
  132         575.013    -312.000         575.007    -311.999             132             132
   27         434.431    -153.848         434.441    -153.847              27              27
  254        -242.525    -850.966        -242.535    -850.956             254             254
  230        -473.061     385.057        -473.045     385.073             230             230
  245        -402.153    -586.228        -402.183    -586.211             245             245
   90        1195.350     406.521        1195.356     406.492              90              90
  134         951.176    -891.509         951.165    -891.531             134             134
   33         588.180    -816.259         588.190    -816.296              33              33
  233       -1221.098    2236.015       -1220.997    2236.065             233             233
  253        -643.505    -589.945        -643.523    -589.874             253             253
   59          29.302   -2677.284          29.214   -2677.277              59              59
   16       -1147.528    -760.857       -1147.564    -760.848              16              16
  180         470.849    -329.262         470.814    -329.312             180             180
   20        1016.814     288.213        1016.825     288.150              20              20
  127        -338.900     -13.417        -338.899     -13.431             127             127
  199        1307.555    1521.600        1307.621    1521.548             199             199
   83        -401.680    -591.675        -401.680    -591.655              83              83
  234        -366.070      -6.922        -366.069      -6.922             234             234
  229         388.373     231.083         388.382     231.049             229             229
  235         175.775    1024.929         175.823    1024.917             235             235
  109        -238.005     184.986        -238.000     185.000             109             109
  112        1040.158     607.150        1040.192     607.112             112             112
    1        -174.306    -236.937        -174.293    -236.928               1               1
  135        -951.894     668.905        -951.873     668.944             135             135
  254        1337.620       4.962        1337.614       4.906             254             254
    3         577.190     207.734         577.233     207.697               3               3
  113       -1052.265    1515.101       -1052.177    1515.158             113             113
  153        -160.944     408.861        -160.930     408.907             153             153
   84        -614.384    -823.896        -614.445    -823.853              84              84
  252        1540.328     909.672        1540.363     909.612             252             252
   79        -213.075    -389.810        -213.076    -389.775              79              79
  126        -420.691    -545.238        -420.733    -545.216             126             126
  195        1350.165    -163.107        1350.148    -163.190             195             195
  147         449.087     725.629         449.138     725.598             147             147
  135         927.837     258.724         927.878     258.679             135             135
   59         311.371     840.260         311.458     840.259              59              59
   33        -603.296    -131.093        -603.270    -131.039              33              33
  139        -533.133    -452.496        -533.157    -452.476             139             139
  250         941.394    1098.654         941.460    1098.601             250             250
  148         380.954     366.938         381.018     366.937             148             148
   37        -589.271     252.599        -589.212     252.646              37              37
   29       -1334.898     545.959       -1334.861     546.050              29              29
   47        -390.297     570.759        -390.293     570.813              47              47
  244         432.279     543.313         432.287     543.348             244             244
   32        1355.488   -1407.130        1355.438   -1407.167              32              32
   27       -1229.520    -606.519       -1229.520    -606.453              27              27
  252        -724.977    -404.889        -725.025    -404.870             252             252
  175        1244.112    1089.236        1244.170    1089.167             175             175
   36        -172.753   -1250.570        -172.796   -1250.561              36              36
  154        -772.159     345.465        -772.142     345.469             154             154
   99        1342.309    1286.311        1342.411    1286.221              99              99
  150       -1585.901     163.411       -1585.858     163.512             150             150
  117        -900.908    1493.073        -900.847    1493.159             117             117
    9          71.779    -607.005          71.696    -606.975               9               9
  149         250.466     580.825         250.461     580.822             149             149
    4        1565.337     112.109        1565.344     112.032               4               4
   41        -128.152     488.810        -128.093     488.845              41              41
  244          66.678     292.713          66.703     292.756             244             244
  138         737.945    -976.686         737.910    -976.706             138             138
  164       -1041.134    -653.264       -1041.159    -653.218             164             164
  141         159.599     377.225         159.610     377.177             141             141
   65         197.547    1239.843         197.631    1239.835              65              65
  165         183.068    -513.232         183.043    -513.239             165             165
   13         131.841     615.042         131.905     615.006              13              13
  217        -637.926    1474.820        -637.817    1474.872             217             217
  160         -75.728    1210.983         -75.658    1211.058             160             160
   53         107.647   -1243.169         107.546   -1243.141              53              53
   74         568.857     841.868         568.922     841.825              74              74
  227         274.541     243.419         274.592     243.414             227             227
   66        -382.753     618.731        -382.671     618.773              66              66
  220        -854.858     391.380        -854.815     391.457             220             220
  150       -1085.412     938.815       -1085.372     938.912             150             150
  181        -399.787     888.476        -399.786     888.538             181             181
  145         522.611    1468.721         522.667    1468.752             145             145
   84         235.711     464.543         235.705     464.634              84              84
   55         775.348    -784.766         775.258    -784.761              55              55
  130         757.642     566.874         757.682     566.848             130             130
   59         494.697     936.338         494.779     936.374              59              59
  217         720.577      88.117         720.613      88.159             217             217
   59        -232.883     113.296        -232.848     113.425              59              59
  172         471.098   -2102.376         470.958   -2102.372             172             172
  182        -812.510     703.421        -812.444     703.480             182             182
  233         669.988     243.695         670.012     243.674             233             233
   54        -622.922     996.748        -622.832     996.865              54              54
  195         361.000      -0.076         361.000       0.000             195             195
  193        -622.737    -996.990        -622.830    -996.868             193             193
  149         670.038    -243.649         670.012    -243.672             149             149
  113        -812.373    -703.545        -812.442    -703.483             113             113
   58         470.804    2102.368         470.955    2102.372              58              58
  135        -232.808    -113.567        -232.847    -113.427             135             135
  156         720.652     -88.204         720.612     -88.158             156             156
  124         494.873    -936.414         494.781    -936.374             124             124
  155         757.728    -566.819         757.682    -566.848             155             155
  159         775.151     784.756         775.256     784.762             159             159
  209         235.700    -464.738         235.706    -464.633             209             209
   88         522.737   -1468.789         522.670   -1468.752              88              88
  177        -399.783    -888.616        -399.785    -888.540             177             177
  125       -1085.320    -939.035       -1085.369    -938.915             125             125
   77        -854.759    -391.553        -854.814    -391.458              77              77
  185        -382.564    -618.827        -382.668    -618.774             185             185
   87         274.659    -243.408         274.593    -243.414              87              87
  212         569.010    -841.767         568.924    -841.824             212             212
  229         107.408    1243.103         107.544    1243.140             229             229
  176         -75.559   -1211.159         -75.655   -1211.058             176             176
   50        -637.662   -1474.946        -637.813   -1474.873              50              50
   27         131.996    -614.955         131.907    -615.006              27              27
    9         183.006     513.249         183.042     513.239               9               9
  234         197.757   -1239.823         197.634   -1239.834             234             234
  221         159.630    -377.107         159.612    -377.177             221             221
  157       -1041.199     653.146       -1041.161     653.215             157             157
   44         737.856     976.738         737.908     976.707              44              44
  136          66.743    -292.824          66.704    -292.757             136             136
   39        -127.999    -488.899        -128.092    -488.844              39              39
  119        1565.356    -111.904        1565.345    -112.027             119             119
  109         250.454    -580.818         250.462    -580.823             109             109
   35          71.560     606.926          71.695     606.975              35              35
   98        -900.743   -1493.302        -900.846   -1493.159              98              98
  144       -1585.785    -163.692       -1585.859    -163.516             144             144
   86        1342.589   -1286.064        1342.412   -1286.220              86              86
   54        -772.111    -345.477        -772.141    -345.470              54              54
   44        -172.876    1250.545        -172.798    1250.561              44              44
  179        1244.282   -1089.041        1244.173   -1089.165             179             179
  192        -725.115     404.833        -725.026     404.868             192             192
   15       -1229.522     606.326       -1229.521     606.451              15              15
  137        1355.338    1407.238        1355.435    1407.168             137             137
   56         432.304    -543.416         432.288    -543.348              56              56
  134        -390.282    -570.922        -390.292    -570.814             134             134
  239       -1334.785    -546.236       -1334.859    -546.052             239             239
  252        -589.091    -252.743        -589.212    -252.647             252             252
  168         381.152    -366.934         381.019    -366.936             168             168
  177         941.604   -1098.484         941.462   -1098.598             177             177
  182        -533.210     452.431        -533.156     452.474             182             182
   28        -603.214     130.921        -603.271     131.039              28              28
  167         311.659    -840.255         311.460    -840.258             167             167
  165         927.968    -258.574         927.877    -258.677             165             165
  174         449.259    -725.524         449.141    -725.597             174             174
  211        1350.109     163.390        1350.149     163.192             211             211
  247        -420.836     545.161        -420.734     545.215             247             247
  254        -213.082     389.687        -213.078     389.774             254             254
   30        1540.455    -909.456        1540.366    -909.608              30              30
   25        -614.605     823.741        -614.446     823.851              25              25
  189        -160.892    -409.029        -160.929    -408.908             189             189
  238       -1051.939   -1515.311       -1052.174   -1515.160             238             238
  186         577.350    -207.595         577.234    -207.696             186             186
  213        1337.596      -4.748        1337.613      -4.904             213             213
  251        -951.814    -669.060        -951.872    -668.946             251             251
  187        -174.253     236.902        -174.293     236.929             187             187
  128        1040.291    -607.000        1040.194    -607.110             128             128
  124        -237.984    -185.041        -238.000    -185.000             124             124
  160         175.976   -1024.875         175.825   -1024.916             160             160
  220         388.407    -230.938         388.382    -231.047             220             220
   89        -366.068       6.924        -366.069       6.922              89              89
  248        -401.685     591.583        -401.681     591.653             248             248
  114        1307.851   -1521.360        1307.625   -1521.544             114             114
   36        -338.897      13.477        -338.899      13.431              36              36
  229        1016.864    -287.923        1016.826    -288.146             229             229
  207         470.686     329.487         470.813     329.311             207             207
  224       -1147.703     760.809       -1147.566     760.846             224             224
    1          28.869    2677.253          29.209    2677.278               1               1
  107        -643.597     589.598        -643.525     589.873             107             107
   19       -1220.592   -2236.266       -1220.994   -2236.067              19              19
   38         588.226     816.451         588.188     816.298              38              38
  120         951.117     891.624         951.163     891.533             120             120
  193        1195.383    -406.363        1195.357    -406.489             193             193
   15        -402.314     586.134        -402.184     586.211              15              15
  192        -472.973    -385.150        -473.045    -385.074             192             192
  194        -242.585     850.907        -242.536     850.954             194             194
  144         434.485     153.847         434.440     153.848             144             144
  125         574.977     311.999         575.007     312.000             125             125
   48        -246.386    -856.840        -246.520    -856.754              48              48
   53         226.385    -820.665         226.237    -820.768              53              53
  253        -242.168    1376.809        -242.036    1376.793             253             253
   70        1054.608     391.460        1054.634     391.339              70              70
   88        -369.464    1262.351        -369.305    1262.494              88              88
   29         857.678    -427.680         857.575    -427.673              29              29
  223        1793.555   -1223.405        1793.516   -1223.682             223             223
  215       -2121.407    1693.097       -2121.041    1693.390             215             215
   97       -1421.474     169.421       -1421.555     169.708              97              97
  167         634.716    1059.143         634.747    1059.171             167             167
   80         755.912     -42.528         755.901     -42.459              80              80
  158        -195.143    -389.355        -195.153    -389.159             158             158
  220        -764.367   -1508.428        -764.582   -1508.234             220             220
  151        -344.545    -494.265        -344.618    -494.222             151             151
   28       -2125.415     248.584       -2125.477     248.936              28              28
  132        -346.934   -1105.887        -347.318   -1105.833             132             132
  192         510.221     799.120         510.178     799.028             192             192
  188        -281.313     915.425        -281.325     915.593             188             188
  126         833.666    -220.535         833.505    -220.436             126             126
   30         -77.975   -2662.039         -78.469   -2661.942              30              30
  131         -68.946    -717.888         -69.196    -717.940             131             131
  104         813.497    -716.953         813.270    -717.151             104             104
   49          -2.969     482.155          -2.994     482.127              49              49
  112         615.856    -682.883         615.666    -682.972             112             112
   98        -703.111    -606.928        -703.334    -606.888              98              98
   13         617.276     446.436         617.150     446.277              13              13
  147        1102.399     590.285        1102.362     590.144             147             147
   56        1079.004    -704.097        1078.862    -704.242              56              56
   18        -147.915     -11.891        -147.929     -11.892              18              18
  145        -451.512     -10.390        -451.595     -10.326             145             145
  220        -635.485    -333.928        -635.708    -333.860             220             220
  173         289.184     401.131         289.047     401.046             173             173
   88        -303.583     627.185        -303.711     627.260              88              88
  107         285.362    -102.503         285.047    -102.500             107             107
   36        1230.180      40.392        1229.903      40.230              36              36
   51        1158.998     -58.175        1158.741     -58.324              51              51
   65        2202.184    -245.265        2201.995    -245.606              65              65
   44         650.124     678.707         650.166     678.672              44              44
  206        -722.903    -950.666        -723.278    -950.455             206             206
  206        1412.791   -1347.013        1412.300   -1347.299             206             206
  219       -1044.953     328.640       -1045.246     328.710             219             219
   62       -1508.663     658.392       -1509.341     658.645              62              62
  217        -905.393    -667.287        -907.270    -667.131             217             217
