SINAL     NFT                         FFT                         NFT INVERSA     FFT INVERSA
-----     -----------------------     -----------------------     -----------     -----------
   25       32654.000       0.000       32654.000       0.000              25              25
   87        -580.801    1187.935        -580.794    1187.935              87              87
   43        -573.649     550.907        -573.642     550.908              43              43
  227         131.160     564.325         131.168     564.326             227             227
  145        -143.568      53.420        -143.560      53.422             145             145
  184       -1949.928     168.836       -1949.921     168.842             184             184
  142        -240.206     -80.401        -240.203     -80.399             142             142
   91        -435.697     238.712        -435.693     238.715              91              91
    1        1778.831    -345.094        1778.834    -345.101               1               1
   44         385.580      96.900         385.593      96.899              44              44
  121        -651.101    -950.750        -651.095    -950.749             121             121
  197       -1513.971    1640.829       -1513.951    1640.837             197             197
    4       -1127.524     857.471       -1127.516     857.487               4               4
  198         811.729    -276.057         811.732    -276.056             198             198
  242        -343.643     -94.986        -343.633     -94.977             242             242
   32       -1386.211    -170.341       -1386.206    -170.322              32              32
  135        -557.762    -213.728        -557.763    -213.713             135             135
   63         -65.562   -1605.624         -65.574   -1605.619              63              63
   27       -1022.231    -247.369       -1022.232    -247.358              27              27
  226         473.115     -91.914         473.117     -91.918             226             226
   70        -964.867     242.302        -964.860     242.321              70              70
   75         278.655    -614.829         278.649    -614.821              75              75
  129        -514.488   -1854.216        -514.508   -1854.206             129             129
   73        -426.450      69.944        -426.449      69.951              73              73
  238         219.103   -1363.265         219.082   -1363.263             238             238
  116         658.284   -1826.450         658.266   -1826.468             116             116
  116        -981.850    -308.534        -981.844    -308.530             116             116
  127         -38.772    -851.870         -38.777    -851.882             127             127
    0       -1281.215     -63.647       -1281.211     -63.638               0              -0
   60       -1052.161    -697.521       -1052.183    -697.521              60              60
   69         751.754    1099.869         751.767    1099.841              69              69
  224        -212.003     224.009        -211.999     224.011             224             224
  214         897.695    -147.016         897.699    -147.039             214             214
   89        -820.263    -159.785        -820.257    -159.778              89              89
  227         245.355     277.272         245.369     277.256             227             227
  211       -1283.213      88.258       -1283.205      88.274             211             211
   54          31.379     904.577          31.401     904.568              54              54
  124       -1382.476     354.151       -1382.473     354.180             124             124
   58        -144.042     782.466        -144.044     782.468              58              58
  239        1106.564     741.556        1106.578     741.536             239             239
  241        -360.881     409.764        -360.866     409.789             241             241
   79         298.760    -150.558         298.761    -150.549              79              79
   61        -721.758    -998.730        -721.782    -998.707              61              61
   60        -273.655    -166.708        -273.667    -166.710              60              60
  137        -245.638     317.811        -245.643     317.814             137             137
   15        1142.279    -199.950        1142.271    -199.986              15              15
   65          56.916     293.106          56.939     293.102              65              65
   65        -539.181    -688.628        -539.194    -688.624              65              65
   34        -598.194     900.918        -598.174     900.916              34              34
   53         592.212    1844.934         592.266    1844.926              53              53
   97        -495.729     -28.163        -495.730     -28.121              97              97
   57         165.842     137.200         165.839     137.213              57              57
  203          53.508    -145.941          53.499    -145.925             203             203
   47         321.356     -30.358         321.353     -30.350              47              47
   37         508.241    -770.646         508.225    -770.651              37              37
    8        -319.125    -338.714        -319.124    -338.705               8               8
  212        -329.197     154.706        -329.189     154.720             212             212
  178        -393.162     178.924        -393.161     178.954             178             178
  122        -137.433    -266.243        -137.459    -266.210             122             122
  170        1342.509   -2032.524        1342.441   -2032.573             170             170
  118        -763.180    -140.547        -763.168    -140.540             118             118
  195         199.732   -1132.987         199.694   -1133.027             195             195
  186          76.953     678.971          77.004     678.923             186             186
  220       -2193.178    1688.821       -2193.116    1688.903             220             220
  236         246.024     305.985         246.000     306.000             236             236
   27         709.103    -676.296         709.069    -676.316              27              27
  203        -868.734     171.771        -868.736     171.808             203             203
  174         765.031    -452.698         765.001    -452.736             174             174
   72        -396.814     361.971        -396.799     361.981              72              72
   48          51.632     -26.855          51.622     -26.859              48              48
   37        -440.485     290.704        -440.489     290.723              37              37
   74         573.237    -308.249         573.211    -308.284              74              74
  134        -906.316    1265.885        -906.284    1265.931             134             134
   98        1133.196     301.585        1133.176     301.573              98              98
  209         707.658   -1968.860         707.557   -1968.896             209             209
  115         374.316    1193.547         374.366    1193.507             115             115
  139         898.291     550.155         898.314     550.133             139             139
  177        1166.287    -454.647        1166.289    -454.684             177             177
  117        -221.245    -137.782        -221.220    -137.766             117             117
  106         -21.753     275.458         -21.726     275.476             106             106
  177         100.422    -753.055         100.393    -753.048             177             177
  173        -325.271     -57.684        -325.280     -57.668             173             173
    5        1310.533       2.352        1310.545       2.295               5               5
  233        -461.042    -673.344        -461.052    -673.309             233             233
  246         529.915    -996.448         529.881    -996.493             246             246
  120        -420.854    -437.019        -420.856    -437.039             120             120
   61         322.169     421.600         322.217     421.541              61              61
  235       -1121.429     751.855       -1121.376     751.899             235             235
  114          75.209     248.733          75.210     248.716             114             114
   54         370.272    1308.946         370.357    1308.932              54              54
    9        -361.426      10.513        -361.402      10.555               9               9
  192       -1527.319    1288.968       -1527.264    1289.100             192             192
  115          65.175    -913.276          65.063    -913.230             115             115
  150         868.397    -317.474         868.344    -317.508             150             150
  131          83.141    -509.716          83.078    -509.717             131             131
  229        1859.219     186.782        1859.220     186.671             229             229
   59         838.235     576.975         838.301     576.960              59              59
  210         923.511   -1174.941         923.480   -1174.962             210             210
  106         698.383    -778.768         698.399    -778.811             106             106
  106        -222.796   -1030.319        -222.798   -1030.331             106             106
  182         371.221     -66.813         371.287     -66.877             182             182
   23        -723.847    -350.482        -723.787    -350.485              23              23
   35       -1985.268    1140.746       -1985.168    1140.835              35              35
    4        -149.060    1339.756        -148.974    1339.782               4               4
  211       -1474.635     702.628       -1474.613     702.797             211             211
  135        1139.131   -1631.808        1139.002   -1631.850             135             135
  187        -436.282    -299.685        -436.284    -299.686             187             187
   52         250.034     997.111         250.124     997.090              52              52
  194        -593.048     445.220        -592.986     445.305             194             194
   94        -888.500      26.049        -888.492      26.177              94              94
  181        -831.836   -1575.888        -831.975   -1575.801             181             181
   25         496.592     255.253         496.601     255.229              25              25
  218       -1416.350   -1099.800       -1416.456   -1099.677             218             218
   79         558.082    -495.106         557.992    -495.146              79              79
   69         560.178   -1521.280         560.053   -1521.360              69              69
  151         135.710     871.783         135.775     871.735             151             151
    5         -63.096    -672.485         -63.161    -672.490               5               5
   49        1109.166     202.944        1109.191     202.839              49              49
   61          35.362     266.636          35.424     266.648              61              61
  246         333.180   -1326.436         333.138   -1326.481             246             246
  187       -1530.285    1073.140       -1530.179    1073.243             187             187
   40         532.820    -796.048         532.771    -796.074              40              40
  223       -1773.478    -317.196       -1773.509    -317.072             223             223
  112         283.608     383.780         283.591     383.782             112             112
   67          61.671   -2348.803          61.464   -2348.827              67              67
  185         567.408    -185.351         567.399    -185.491             185             185
  146        -515.660     416.778        -515.615     416.758             146             146
  228          91.903     238.869          91.920     238.829             228             228
    2        -218.000       0.007        -218.000       0.000               2               2
  214          91.937    -238.786          91.920    -238.828             214             214
   36        -515.568    -416.737        -515.615    -416.758              36              36
  237         567.391     185.641         567.400     185.493             237             237
   94          61.236    2348.855          61.460    2348.828              94              94
  130         283.574    -383.782         283.592    -383.780             130             130
  227       -1773.543     316.933       -1773.509     317.070             227             227
  247         532.715     796.104         532.770     796.075             247             247
  170       -1530.055   -1073.365       -1530.177   -1073.246             170             170
  211         333.083    1326.534         333.134    1326.481             211             211
  125          35.497    -266.659          35.424    -266.646             125             125
   10        1109.223    -202.711        1109.192    -202.837              10              10
  181         -63.240     672.497         -63.162     672.491             181             181
   48         135.858    -871.678         135.777    -871.735              48              48
  138         559.894    1521.464         560.051    1521.363             138             138
  214         557.875     495.198         557.990     495.147             214             214
  159       -1416.595    1099.518       -1416.457    1099.676             159             159
  106         496.610    -255.196         496.600    -255.228             106             106
   66        -832.166    1575.685        -831.979    1575.800              66              66
    1        -888.481     -26.353        -888.492     -26.179               1               1
   40        -592.899    -445.422        -592.985    -445.305              40              40
  190         250.251    -997.061         250.125    -997.089             190             190
    4        -436.287     299.686        -436.284     299.685               4               4
  141        1138.813    1631.913        1138.998    1631.852             141             141
  131       -1474.581    -703.048       -1474.612    -702.799             131             131
  168        -148.843   -1339.823        -148.972   -1339.783             168             168
  136       -1985.014   -1140.974       -1985.165   -1140.839             136             136
   67        -723.696     350.490        -723.788     350.484              67              67
  186         371.388      66.979         371.286      66.879             186             186
  187        -222.804    1030.351        -222.801    1030.331             187             187
    0         698.425     778.882         698.399     778.813              -0               0
  158         923.426    1174.999         923.478    1174.964             158             158
  158         838.412    -576.936         838.302    -576.961             158             158
  237        1859.218    -186.474        1859.218    -186.667             237             237
  209          82.967     509.719          83.077     509.717             209             209
   81         868.251     317.572         868.343     317.510              81              81
  232          64.861     913.148          65.062     913.230             232             232
  140       -1527.159   -1289.342       -1527.262   -1289.102             140             140
  201        -361.355     -10.631        -361.400     -10.555             201             201
   19         370.522   -1308.905         370.360   -1308.932              19              19
   91          75.214    -248.681          75.211    -248.715              91              91
  118       -1121.271    -751.987       -1121.375    -751.901             118             118
  196         322.313    -421.422         322.218    -421.539             196             196
   79        -420.861     437.078        -420.856     437.039              79              79
  107         529.809     996.587         529.879     996.494             107             107
  175        -461.076     673.233        -461.054     673.308             175             175
   95        1310.571      -2.170        1310.545      -2.291              95              95
   88        -325.298      57.632        -325.279      57.667              88              88
  164         100.329     753.033         100.393     753.048             164             164
  244         -21.666    -275.516         -21.726    -275.476             244             244
  197        -221.166     137.728        -221.221     137.766             197             197
   60        1166.295     454.775        1166.289     454.687              60              60
  133         898.371    -550.080         898.314    -550.132             133             133
  186         374.491   -1193.407         374.369   -1193.506             186             186
  170         707.303    1968.987         707.552    1968.898             170             170
   87        1133.124    -301.541        1133.176    -301.570              87              87
  244        -906.199   -1266.051        -906.281   -1265.932             244             244
   74         573.138     308.378         573.209     308.286              74              74
  195        -440.499    -290.777        -440.489    -290.724             195             195
  180          51.594      26.871          51.621      26.860             180             180
  130        -396.759    -362.009        -396.800    -361.981             130             130
  116         764.910     452.844         764.998     452.738             116             116
  123        -868.741    -171.915        -868.736    -171.810             123             123
  155         708.968     676.377         709.067     676.318             155             155
   38         245.929    -306.046         246.000    -306.000              38              38
  172       -2192.920   -1689.168       -2193.114   -1688.907             172             172
   96          77.169    -678.774          77.006    -678.923              96              96
  120         199.566    1133.158         199.692    1133.028             120             120
  208        -763.132     140.513        -763.169     140.539             208             208
  150        1342.199    2032.749        1342.436    2032.577             150             150
  240        -137.548     266.101        -137.459     266.211             240             240
  138        -393.155    -179.058        -393.161    -178.955             138             138
   82        -329.156    -154.771        -329.188    -154.720              82              82
  164        -319.124     338.666        -319.125     338.703             164             164
  155         508.157     770.675         508.222     770.653             155             155
  142         321.340      30.321         321.353      30.350             142             142
   98          53.462     145.863          53.499     145.925              98              98
  203         165.829    -137.268         165.839    -137.214             203             203
   39        -495.737      27.945        -495.731      28.120              39              39
   77         592.499   -1844.890         592.269   -1844.925              77              77
   69        -598.086    -900.908        -598.174    -900.916              69              69
   93        -539.258     688.605        -539.196     688.623              93              93
  147          57.042    -293.085          56.939    -293.103             147             147
   43        1142.229     200.157        1142.270     199.988              43              43
   72        -245.668    -317.830        -245.644    -317.815              72              72
  202        -273.729     166.716        -273.669     166.709             202             202
   64        -721.911     998.585        -721.784     998.705              64              64
  255         298.761     150.501         298.760     150.550             255             255
   48        -360.784    -409.922        -360.865    -409.789              48              48
  157        1106.657    -741.421        1106.579    -741.534             157             157
  212        -144.047    -782.482        -144.042    -782.468             212             212
   80       -1382.457    -354.358       -1382.474    -354.182              80              80
   58          31.532    -904.511          31.401    -904.567              58              58
  111       -1283.163     -88.383       -1283.206     -88.277             111             111
  196         245.465    -277.147         245.370    -277.255             196             196
  230        -820.215     159.726        -820.258     159.776             230             230
   93         897.725     147.206         897.699     147.040              93              93
  187        -211.970    -224.019        -211.999    -224.011             187             187
  179         751.876   -1099.615         751.769   -1099.838             179             179
  248       -1052.365     697.508       -1052.185     697.519             248             248
  118       -1281.179      63.562       -1281.211      63.637             118             118
  241         -38.842     851.986         -38.780     851.883             241             241
  158        -981.800     308.498        -981.845     308.530             158             158
   85         658.080    1826.643         658.262    1826.470              85              85
  242         218.878    1363.249         219.081    1363.264             242             242
   79        -426.437     -70.027        -426.449     -69.953              79              79
  176        -514.745    1854.097        -514.513    1854.206             176             176
  155         278.579     614.730         278.648     614.821             155             155
  100        -964.781    -242.556        -964.860    -242.322             100             100
   19         473.139      91.969         473.116      91.919              19              19
  231       -1022.243     247.212       -1022.233     247.356             231             231
   81         -65.767    1605.545         -65.579    1605.618              81              81
  185        -557.767     213.486        -557.763     213.713             185             185
   61       -1386.123     169.988       -1386.206     170.318              61              61
   25        -343.460      94.814        -343.634      94.976              25              25
  155         811.774     276.041         811.731     276.056             155             155
   63       -1127.332    -857.804       -1127.514    -857.488              63              63
  177       -1513.498   -1641.054       -1513.948   -1640.841             177             177
  188        -650.944     950.690        -651.096     950.746             188             188
  174         385.929     -96.873         385.591     -96.899             174             174
  238        1778.950     345.343        1778.834     345.104             238             238
  157        -435.555    -238.842        -435.693    -238.716             157             157
  199        -240.058      80.312        -240.203      80.399             199             199
   31       -1949.574    -169.219       -1949.921    -168.847              31              31
  111        -143.050     -53.509        -143.561     -53.421             111             111
   79         131.830    -564.360         131.169    -564.326              79              79
   41        -572.714    -551.026        -573.640    -550.909              41              41
   24        -578.848   -1187.964        -580.791   -1187.936              24              24
