SINAL     NFT                         FFT                         NFT INVERSA     FFT INVERSA
-----     -----------------------     -----------------------     -----------     -----------
  201       31464.000       0.000       31464.000       0.000             201             201
  151         -67.719    -527.376         -67.713    -527.376             151             151
  189        1855.601   -1483.018        1855.605   -1483.020             189             189
  170         528.339   -1378.345         528.345   -1378.347             170             170
   97         516.385      66.957         516.394      66.954              97              97
    8        -535.519     724.204        -535.510     724.205               8               8
  207         458.828    -655.059         458.833    -655.060             207             207
  132       -1047.731    -942.076       -1047.728    -942.076             132             132
  202         426.811    2399.748         426.826    2399.744             202             202
  237        1423.740    -313.956        1423.745    -313.961             237             237
   16         241.088     731.607         241.102     731.608              16              16
   71        -540.086     111.879        -540.080     111.887              71              71
   74        1417.777    -766.735        1417.778    -766.744              74              74
  186         692.841     231.891         692.855     231.883             186             186
   98         288.283    1708.435         288.310    1708.438              98              98
  244        -695.763    -822.009        -695.759    -821.995             244             244
   60         108.737    -598.645         108.739    -598.648              60              60
  182         644.058    2103.567         644.094    2103.566             182             182
  255       -1399.631   -1221.891       -1399.633   -1221.861             255             255
   93        -522.418   -1154.804        -522.430   -1154.797              93              93
  239         706.932    -478.251         706.929    -478.266             239             239
  106         244.263     838.096         244.285     838.088             106             106
  229        -149.936    1258.794        -149.905    1258.804             229             229
  228       -1516.927    -481.852       -1516.929    -481.820             228             228
  120         595.014    -569.613         595.004    -569.620             120             120
   41        -223.461     603.473        -223.449     603.478              41              41
  230         253.787     240.087         253.791     240.090             230             230
  159         688.496      34.486         688.506      34.481             159             159
  100        -725.619    1051.736        -725.597    1051.765             100             100
  242        1036.203    -885.197        1036.196    -885.197             242             242
  222       -1678.285    -487.368       -1678.294    -487.328             222             222
   79        1065.980    -285.207        1065.967    -285.217              79              79
   78         467.690    -791.765         467.680    -791.768              78              78
  120        -489.640    -365.066        -489.647    -365.056             120             120
   76         162.272     800.408         162.277     800.415              76              76
  198        1523.944    -587.520        1523.927    -587.533             198             198
   75         943.361    -398.764         943.360    -398.763              75              75
  239        1142.435   -2204.675        1142.401   -2204.689             239             239
   77        -194.214   -1690.905        -194.238   -1690.916              77              77
   53         650.819    -155.441         650.825    -155.475              53              53
    4         156.596    -369.307         156.597    -369.325               4               4
  101         444.454     330.224         444.467     330.204             101             101
  190        1800.560    -345.656        1800.573    -345.708             190             190
  207          -0.542    -405.356          -0.517    -405.368             207             207
   41         128.974     306.964         129.013     306.946              41              41
  129         -68.515    1178.409         -68.446    1178.418             129             129
  159       -1459.948    -648.791       -1459.945    -648.731             159             159
  108        -303.895   -1112.315        -303.923   -1112.309             108             108
   20        -848.199    -158.000        -848.209    -157.987              20              20
  181         899.721    -659.732         899.702    -659.781             181             181
  204         -44.786     948.602         -44.739     948.590             204             204
  158        -765.745    -417.475        -765.755    -417.456             158             158
   37         475.910      18.482         475.910      18.447              37              37
  130        -158.279     217.996        -158.263     217.976             130             130
   17        -663.090    1618.568        -663.046    1618.581              17              17
  202        1832.154     820.463        1832.187     820.417             202             202
  188        -563.214      69.898        -563.189      69.937             188             188
  249         147.427       1.159         147.437       1.165             249             249
   29        -792.815    -177.489        -792.826    -177.458              29              29
  181        1330.362     411.520        1330.379     411.476             181             181
  135        -844.761     323.221        -844.744     323.272             135             135
   70         706.913    -776.846         706.868    -776.859              70              70
   75        2181.839   -1126.820        2181.830   -1126.924              75              75
  169       -1285.130     269.846       -1285.076     269.861             169             169
   34        -367.053    1132.997        -367.000    1133.000              34              34
   93         228.798    -448.602         228.784    -448.631              93              93
  124         255.044    2042.028         255.148    2042.001             124             124
    7        -398.683    1624.884        -398.601    1624.939               7               7
  106         400.087     -25.397         400.100     -25.361             106             106
   22        -454.185    -904.376        -454.208    -904.334              22              22
   89        -237.463     142.053        -237.452     142.072              89              89
   57         267.435    -444.077         267.427    -444.086              57              57
  167        -758.584     332.759        -758.563     332.795             167             167
   10          74.860      36.246          74.852      36.253              10              10
  222         765.529   -1130.398         765.490   -1130.460             222             222
    8        -724.096    1797.488        -723.986    1797.494               8               8
   35       -1126.577    1699.138       -1126.509    1699.229              35              35
   14           1.057     -57.206           1.018     -57.150              14              14
   24         728.371    -360.514         728.332    -360.508              24              24
  181         254.298   -1397.246         254.220   -1397.256             181             181
  181         623.642     277.723         623.654     277.671             181             181
   22         351.979     -71.811         351.984     -71.848              22              22
   49        -111.238    1550.591        -111.156    1550.608              49              49
  209         655.675    -846.926         655.632    -846.947             209             209
  192        -543.284    1063.519        -543.234    1063.551             192             192
   57         254.230    -102.677         254.185    -102.677              57              57
  134        1703.236     904.519        1703.266     904.442             134             134
  236        1712.416     -38.985        1712.448     -39.057             236             236
  245         180.255     964.052         180.355     964.076             245             245
  173         592.282      -7.789         592.310      -7.767             173             173
  255        1288.689    -635.555        1288.714    -635.588             255             255
  219        -491.899    -596.083        -491.862    -596.034             219             219
  170        -712.942   -1122.989        -712.979   -1122.964             170             170
   12         620.927     546.812         620.988     546.745              12              12
  117          73.706     733.701          73.808     733.700             117             117
   23       -1291.165     181.623       -1291.124     181.718              23              23
  171         -45.706     380.208         -45.680     380.232             171             171
   46          57.132      13.116          57.151      13.138              46              46
  235        -484.495    -145.714        -484.492    -145.664             235             235
   96          96.709    -413.305          96.690    -413.316              96              96
   27        -244.473     891.983        -244.407     892.008              27              27
   28         -70.927    -414.148         -70.959    -414.128              28              28
   20         835.728     857.164         835.802     857.131              20              20
  165        -547.307    -375.653        -547.315    -375.575             165             165
  170         871.997    -958.625         871.949    -958.682             170             170
  161         506.249    -286.240         506.292    -286.313             161             161
  128       -1098.945     858.780       -1098.849     858.833             128             128
   77        1131.265    -208.979        1131.303    -209.077              77              77
  215       -1702.611    1004.716       -1702.483    1004.804             215             215
   34           4.499    1365.958           4.629    1365.968              34              34
   24       -1704.977     968.786       -1704.883     968.953              24              24
   52       -1208.865     440.906       -1208.867     441.058              52              52
  208        -780.041   -1023.068        -780.183   -1022.991             208             208
   37         969.367     557.626         969.364     557.529              37              37
   32          -4.823    1640.208          -4.705    1640.232              32              32
  220        -256.721      34.307        -256.739      34.362             220             220
  185         164.837    1813.412         164.931    1813.456             185             185
  222        1573.887     267.245        1573.909     267.232             222             222
  219         500.609    -551.426         500.630    -551.393             219             219
   29        -506.439     -98.431        -506.399     -98.359              29              29
  201          90.879    1268.064          91.018    1268.139             201             201
  114       -1322.256   -1416.089       -1322.360   -1415.899             114             114
  196         978.070   -1152.895         977.993   -1152.983             196             196
   77       -1316.363     915.564       -1316.271     915.649              77              77
  235         201.468     935.692         201.528     935.711             235             235
  190         247.222    1305.493         247.347    1305.582             190             190
  164         -27.266   -1623.724         -27.346   -1623.631             164             164
  222       -1776.779    -321.647       -1776.805    -321.486             222             222
  107         890.000       0.059         890.000       0.000             107             107
   18       -1776.834     321.315       -1776.806     321.482              18              18
  249         -27.432    1623.532         -27.349    1623.630             249             249
  155         247.482   -1305.677         247.351   -1305.583             155             155
  203         201.594    -935.732         201.529    -935.712             203             203
   68       -1316.168    -915.744       -1316.268    -915.652              68              68
  196         977.905    1153.081         977.990    1152.984             196             196
   43       -1322.479    1415.684       -1322.362    1415.896              43              43
  189          91.180   -1268.224          91.020   -1268.139             189             189
    7        -506.352      98.274        -506.398      98.357               7               7
   41         500.652     551.354         500.629     551.392              41              41
  133        1573.937    -267.213        1573.911    -267.229             133             133
  160         165.050   -1813.511         164.934   -1813.457             160             160
  118        -256.761     -34.430        -256.739     -34.363             118             118
  107          -4.555   -1640.262          -4.703   -1640.233             107             107
  233         969.362    -557.403         969.366    -557.526             233             233
    0        -780.369    1022.892        -780.184    1022.991              -0               0
  131       -1208.865    -441.260       -1208.864    -441.060             131             131
   92       -1704.755    -969.182       -1704.881    -968.958              92              92
  195           4.807   -1365.982           4.632   -1365.968             195             195
  217       -1702.305   -1004.930       -1702.481   -1004.808             217             217
  188        1131.357     209.217        1131.303     209.080             188             188
   85       -1098.710    -858.911       -1098.846    -858.836              85              85
  205         506.353     286.419         506.291     286.314             205             205
  143         871.877     958.768         871.948     958.683             143             143
  216        -547.326     375.458        -547.315     375.574             216             216
   18         835.916    -857.078         835.804    -857.129              18              18
   23         -71.009     414.098         -70.959     414.128              23              23
   61        -244.302    -892.045        -244.405    -892.007              61              61
  121          96.658     413.331          96.689     413.315             121             121
  190        -484.487     145.583        -484.492     145.663             190             190
  105          57.183     -13.175          57.152     -13.138             105             105
  169         -45.636    -380.272         -45.680    -380.232             169             169
  124       -1291.051    -181.884       -1291.122    -181.720             124             124
  120          73.990    -733.698          73.811    -733.700             120             120
  226         621.096    -546.624         620.990    -546.743             226             226
   63        -713.050    1122.916        -712.981    1122.963              63              63
   82        -491.796     595.942        -491.863     596.032              82              82
   65        1288.757     635.654        1288.713     635.590              65              65
    3         592.365       7.726         592.311       7.768               3               3
  164         180.548    -964.120         180.356    -964.076             164             164
   15        1712.512      39.203        1712.449      39.061              15              15
  248        1703.327    -904.285        1703.267    -904.439             248             248
   12         254.093     102.679         254.184     102.678              12              12
   41        -543.127   -1063.617        -543.231   -1063.552              41              41
  194         655.542     846.994         655.631     846.948             194             194
  228        -110.981   -1550.643        -111.153   -1550.607             228             228
   29         351.994      71.927         351.983      71.848              29              29
  181         623.681    -277.557         623.655    -277.670             181             181
  223         254.038    1397.277         254.217    1397.256             223             223
  186         728.244     360.498         728.332     360.510             186             186
  174           0.926      57.018           1.017      57.149             174             174
   90       -1126.341   -1699.449       -1126.505   -1699.232              90              90
  203        -723.714   -1797.510        -723.982   -1797.496             203             203
  213         765.392    1130.616         765.488    1130.462             213             213
  144          74.831     -36.271          74.852     -36.253             144             144
    6        -758.510    -332.887        -758.563    -332.797               6               6
   78         267.403     444.109         267.426     444.087              78              78
   20        -237.424    -142.122        -237.453    -142.073              20              20
   68        -454.273     904.214        -454.210     904.332              68              68
   39         400.136      25.263         400.101      25.362              39              39
    7        -398.363   -1625.097        -398.596   -1624.941               7               7
  246         255.453   -2041.925         255.152   -2042.001             246             246
  180         228.745     448.718         228.784     448.633             180             180
  139        -366.841   -1133.008        -367.000   -1133.000             139             139
  240       -1284.903    -269.915       -1285.074    -269.864             240             240
  250        2181.794    1127.261        2181.828    1126.928             250             250
  198         706.723     776.903         706.867     776.860             198             198
   47        -844.683    -323.442        -844.743    -323.273              47              47
  196        1330.443    -411.315        1330.381    -411.472             196             196
  183        -792.866     177.342        -792.827     177.455             183             183
   38         147.474      -1.186         147.437      -1.165              38              38
    6        -563.098     -70.075        -563.189     -69.937               6               6
   11        1832.314    -820.236        1832.189    -820.413              11              11
  131        -662.875   -1618.634        -663.044   -1618.582             131             131
   13        -158.202    -217.900        -158.262    -217.976              13              13
  204         475.915     -18.310         475.912     -18.446             204             204
   24        -765.797     417.378        -765.756     417.455              24              24
  131         -44.538    -948.537         -44.737    -948.588             131             131
   33         899.612     659.990         899.699     659.782              33              33
  222        -848.248     157.927        -848.209     157.986             222             222
   97        -304.052    1112.283        -303.925    1112.309              97              97
   24       -1459.940     648.448       -1459.946     648.729              24              24
   14         -68.115   -1178.461         -68.444   -1178.418              14              14
   20         129.205    -306.859         129.014    -306.945              20              20
    1          -0.395     405.428          -0.517     405.368               1               1
  128        1800.638     345.980        1800.573     345.711             128             128
  194         444.539    -330.096         444.468    -330.203             194             194
   35         156.605     369.426         156.597     369.325              35              35
  168         650.862     155.677         650.825     155.478             168             168
  207        -194.391    1690.974        -194.243    1690.915             207             207
   38        1142.187    2204.782        1142.396    2204.692              38              38
  199         943.352     398.760         943.359     398.765             199             199
   80        1523.812     587.622        1523.926     587.536              80              80
   23         162.315    -800.465         162.278    -800.414              23              23
   52        -489.699     364.982        -489.648     365.054              52              52
  122         467.606     791.787         467.679     791.768             122             122
  142        1065.866     285.299        1065.966     285.219             142             142
   12       -1678.358     487.000       -1678.294     487.324              12              12
  170        1036.124     885.198        1036.193     885.197             170             170
   37        -725.399   -1052.003        -725.594   -1051.766              37              37
   80         688.576     -34.435         688.504     -34.480              80              80
   50         253.835    -240.120         253.792    -240.090              50              50
  236        -223.331    -603.530        -223.448    -603.480             236             236
  189         594.905     569.690         595.003     569.620             189             189
   15       -1516.969     481.467       -1516.932     481.816              15              15
   99        -149.568   -1258.912        -149.902   -1258.804              99              99
  110         244.537    -837.998         244.286    -838.089             110             110
  223         706.905     478.451         706.929     478.268             223             223
  119        -522.591    1154.697        -522.432    1154.796             119             119
   70       -1399.668    1221.460       -1399.635    1221.860              70              70
   80         644.618   -2103.564         644.098   -2103.565              80              80
   24         108.765     598.686         108.738     598.648              24              24
  140        -695.707     821.753        -695.760     821.992             140             140
   79         288.828   -1708.477         288.315   -1708.437              79              79
  166         693.117    -231.724         692.855    -231.881             166             166
  181        1417.782     766.946        1417.777     766.747             181             181
   38        -539.930    -112.071        -540.079    -111.888              38              38
   50         241.464    -731.618         241.104    -731.607              50              50
  128        1423.879     314.114        1423.744     313.964             128             128
  112         427.319   -2399.634         426.830   -2399.744             112             112
  159       -1047.661     942.039       -1047.730     942.074             159             159
  223         459.044     655.114         458.832     655.061             223             223
  242        -534.999    -724.293        -535.508    -724.207             242             242
   99         516.925     -66.764         516.394     -66.953              99              99
  167         528.765    1378.493         528.343    1378.347             167             167
    3        1856.177    1483.235        1855.602    1483.023               3               3
  240         -66.210     527.184         -67.715     527.376             240             240
