SINAL     NFT                         FFT                         NFT INVERSA     FFT INVERSA
-----     -----------------------     -----------------------     -----------     -----------
   42       33465.000       0.000       33465.000       0.000              42              42
  179        -832.601   -1910.157        -832.595   -1910.157             179             179
  153        -409.329     857.433        -409.322     857.433             153             153
   62        -426.248     109.436        -426.242     109.437              62              62
   27        -265.649    -626.695        -265.645    -626.694              27              27
  234         -19.969     406.057         -19.962     406.058             234             234
  195         546.146   -1281.842         546.146   -1281.843             195             195
  104        2186.509    -902.272        2186.514    -902.283             104             104
   40        -272.681     929.252        -272.664     929.251              40              40
  184        -928.767    -577.226        -928.761    -577.223             184             184
  179        -310.474     939.889        -310.461     939.889             179             179
  152         117.950    -290.875         117.955    -290.875             152             152
   75        -551.354     742.934        -551.341     742.939              75              75
  216        -542.786    -119.926        -542.782    -119.919             216             216
   67         643.529    -285.810         643.534    -285.815              67              67
  193       -1114.983     535.667       -1114.972     535.677             193             193
   35         300.981     117.145         300.986     117.144              35              35
  146        -255.449     736.198        -255.434     736.207             146             146
  205        -518.264   -1265.545        -518.272   -1265.534             205             205
  119        -535.003      97.819        -535.001      97.824             119             119
   35          40.801    -194.701          40.798    -194.700              35              35
   80        1110.530    -161.334        1110.535    -161.348              80              80
   74        -610.387     281.222        -610.371     281.232              74              74
  208       -1043.114     632.044       -1043.105     632.068             208             208
  107        -148.450   -1565.578        -148.481   -1565.569             107             107
   79        1174.438   -1088.454        1174.418   -1088.481              79              79
  109        1038.018     407.732        1038.037     407.707             109             109
  158        -932.809    -606.885        -932.811    -606.877             158             158
    2         699.755     256.351         699.762     256.325               2               2
  225          54.807    1347.846          54.838    1347.842             225             225
    5          26.384     480.059          26.397     480.068               5               5
   82         341.567     -75.553         341.567     -75.550              82              82
  165        1684.040    -850.034        1684.039    -850.071             165             165
  237        -764.937     958.600        -764.892     958.616             237             237
  216        -970.206    -381.465        -970.207    -381.435             216             216
   70         260.482   -1250.481         260.457   -1250.496              70              70
  127        -440.813     823.431        -440.790     823.426             127             127
   32        -657.900    1038.417        -657.885    1038.435              32              32
  156        1470.357     -41.010        1470.354     -41.033             156             156
  197        -271.626    -841.061        -271.642    -841.059             197             197
  161        1293.368     895.833        1293.399     895.795             161             161
  209        -189.616    -473.785        -189.613    -473.785             209             209
  226         550.076    1239.847         550.122    1239.826             226             226
  142        -464.071     588.764        -464.044     588.784             142             142
   44         450.037    1323.531         450.079    1323.540              44              44
  230         459.379    -207.819         459.387    -207.801             230             230
  167         114.361     -40.452         114.377     -40.424             167             167
  130          30.267   -2293.656          30.215   -2293.653             130             130
  189        -161.188    1036.037        -161.149    1036.036             189             189
  120        1131.107   -1151.083        1131.091   -1151.119             120             120
  146        -564.168     515.490        -564.124     515.494             146             146
  136        -155.954     699.469        -155.916     699.478             136             136
  234         -24.506     452.221         -24.473     452.238             234             234
   88        -886.946     -17.332        -886.944     -17.286              88              88
   60        1201.471     991.492        1201.514     991.485              60              60
  148        -859.850   -1037.246        -859.873   -1037.171             148             148
   52        1136.364   -1819.299        1136.309   -1819.331              52              52
  212         299.475       5.610         299.510       5.597             212             212
    4        -235.326    -880.346        -235.322    -880.333               4               4
  200        -929.069    -528.665        -929.071    -528.632             200             200
  181         266.025    -458.560         266.019    -458.569             181             181
  125         107.288   -1370.535         107.260   -1370.551             125             125
  145         229.762    -441.462         229.784    -441.503             145             145
  196       -1412.181     328.368       -1412.141     328.408             196             196
  132         304.014    -818.968         304.000    -819.000             132             132
   49       -1266.822      80.656       -1266.798      80.680              49              49
  107        -452.986    -142.558        -452.992    -142.572             107             107
  245         134.378    1113.525         134.437    1113.500             245             245
   28        -829.739    -220.338        -829.745    -220.314              28              28
  187         939.044    1049.143         939.106    1049.094             187             187
  165        -535.038    -226.336        -535.011    -226.311             165             165
    1        -680.145     -85.148        -680.126     -85.140               1               1
  193        -670.120    1158.960        -670.056    1158.975             193             193
  242         148.226     810.819         148.283     810.823             242             242
  186        -249.175     245.986        -249.120     246.012             186             186
  244       -1747.989      16.490       -1747.956      16.575             244             244
  200       -1848.308     994.944       -1848.279     995.040             200             200
  148         285.590    1021.646         285.622    1021.675             148             148
  139       -1536.002    -971.066       -1536.070    -970.956             139             139
   89         537.220     667.233         537.228     667.233              89              89
  249        -343.765   -1105.994        -343.826   -1105.953             249             249
  149          17.141      20.132          17.144      20.135             149             149
   99        -522.790    -700.261        -522.817    -700.238              99              99
  102       -1462.166     262.770       -1462.173     262.834             102             102
  208        -456.993     816.473        -457.010     816.514             208             208
  143        1287.440    -408.862        1287.383    -408.902             143             143
   29         516.293    -885.145         516.251    -885.177              29              29
  178          27.584     464.249          27.621     464.239             178             178
  208        -110.199     304.456        -110.180     304.484             208             208
  250         339.861   -1021.194         339.809   -1021.204             250             250
  228         141.551    -697.202         141.527    -697.249             228             228
   82         770.194    1191.997         770.313    1191.928              82              82
   70       -1487.739     303.746       -1487.675     303.841              70              70
  133        -614.299     438.445        -614.260     438.493             133             133
  215       -1404.701    -247.645       -1404.723    -247.563             215             215
  166        -599.919    1889.770        -599.841    1889.841             166             166
  185         144.048   -1134.106         143.961   -1134.071             185             185
  237       -1380.917    1080.524       -1380.885    1080.648             237             237
   41         486.900   -1041.544         486.776   -1041.525              41              41
  234         750.766     -81.410         750.745     -81.431             234             234
  238         258.303    -765.795         258.267    -765.786             238             238
   35        -490.689    -852.369        -490.734    -852.344              35              35
  185       -1042.248     614.610       -1042.249     614.688             185             185
   48        1511.662    -777.923        1511.588    -777.993              48              48
  237        -376.220   -1140.536        -376.282   -1140.528             237             237
   59          23.016     382.517          23.036     382.490              59              59
  100         254.738     610.006         254.789     610.014             100             100
  198        -767.539    -729.142        -767.598    -729.053             198             198
   29         857.819    -587.361         857.779    -587.397              29              29
  197        -494.523   -2394.548        -494.666   -2394.565             197             197
  226        -423.823    1434.548        -423.707    1434.512             226             226
   67       -1929.341     352.985       -1929.362     353.135              67              67
   83         184.122    -444.842         183.989    -444.844              83              83
  152        1302.867    -275.398        1302.792    -275.496             152             152
  107         688.334    -520.745         688.282    -520.812             107             107
  231         704.722    -277.888         704.693    -277.972             231             231
  209        1623.294    -267.992        1623.318    -268.171             209             209
   48        -354.731    1874.954        -354.520    1874.973              48              48
  127        -162.812    -114.001        -162.771    -113.944             127             127
   98       -1272.288      28.388       -1272.272      28.521              98              98
  251        -739.927    -780.165        -740.044    -780.090             251             251
  215        1416.713      29.053        1416.688      28.946             215             215
  125         363.265      48.199         363.304      48.206             125             125
  151        -289.953   -1419.087        -290.042   -1419.047             151             151
   24         204.989    -863.160         204.936    -863.209              24              24
    4         -58.578    -436.623         -58.593    -436.657               4               4
  247         716.366    -928.407         716.349    -928.529             247             247
  143       -1076.826     391.592       -1076.718     391.610             143             143
  202       -1753.000      -0.103       -1753.000       0.000             202             202
  189       -1076.611    -391.632       -1076.719    -391.612             189             189
   48         716.327     928.659         716.347     928.532              48              48
   23         -58.610     436.695         -58.593     436.658              23              23
  247         204.877     863.263         204.934     863.210             247             247
  184        -290.142    1419.003        -290.045    1419.046             184             184
   57         363.347     -48.214         363.304     -48.206              57              57
   41        1416.659     -28.823        1416.688     -28.943              41              41
   66        -740.177     780.005        -740.044     780.090              66              66
  248       -1272.254     -28.678       -1272.272     -28.524             248             248
   22        -162.723     113.875        -162.771     113.943              22              22
  110        -354.263   -1874.995        -354.515   -1874.972             110             110
   84        1623.346     268.391        1623.317     268.174              84              84
  105         704.656     278.078         704.692     277.974             105             105
  235         688.216     520.896         688.281     520.813             235             235
   45        1302.697     275.623        1302.791     275.500              45              45
  242         183.817     444.848         183.988     444.845             242             242
  178       -1929.387    -353.337       -1929.361    -353.138             178             178
  246        -423.550   -1434.465        -423.705   -1434.512             246             246
  244        -494.865    2394.587        -494.671    2394.564             244             244
  245         857.720     587.447         857.776     587.398             245             245
  154        -767.681     728.925        -767.599     729.050             154             154
    9         254.862    -610.023         254.790    -610.013               9               9
   80          23.067    -382.450          23.038    -382.490              80              80
  239        -376.376    1140.515        -376.284    1140.527             239             239
  117        1511.475     778.101        1511.586     777.996             117             117
   48       -1042.249    -614.808       -1042.248    -614.689              48              48
  140        -490.807     852.304        -490.737     852.343             140             140
  137         258.209     765.771         258.265     765.786             137             137
   96         750.712      81.465         750.745      81.431              96              96
   14         486.575    1041.497         486.774    1041.528              14              14
  105       -1380.831   -1080.854       -1380.883   -1080.652             105             105
  127         143.815    1134.012         143.960    1134.071             127             127
  157        -599.699   -1889.962        -599.836   -1889.842             157             157
   38       -1404.762     247.418       -1404.724     247.561              38              38
  178        -614.189    -438.581        -614.258    -438.495             178             178
   20       -1487.561    -304.015       -1487.675    -303.844              20              20
  209         770.532   -1191.797         770.315   -1191.925             209             209
   37         141.479     697.336         141.526     697.249              37              37
   57         339.707    1021.224         339.807    1021.205              57              57
   55        -110.141    -304.538        -110.178    -304.484              55              55
  108          27.695    -464.217          27.622    -464.238             108             108
   93         516.166     885.241         516.250     885.177              93              93
   63        1287.265     408.986        1287.382     408.905              63              63
   24        -457.043    -816.599        -457.009    -816.515              24              24
   38       -1462.188    -262.970       -1462.174    -262.837              38              38
  183        -522.876     700.185        -522.819     700.236             183             183
  169          17.149     -20.142          17.143     -20.135             169             169
  186        -343.962    1105.862        -343.827    1105.952             186             186
  141         537.247    -667.227         537.228    -667.231             141             141
   72       -1536.229     970.701       -1536.072     970.954              72              72
  132         285.702   -1021.742         285.625   -1021.674             132             132
   10       -1848.209    -995.273       -1848.278    -995.043              10              10
  109       -1747.879     -16.786       -1747.956     -16.579             109             109
  133        -248.982    -246.080        -249.119    -246.014             133             133
  241         148.427    -810.832         148.285    -810.822             241             241
  252        -669.889   -1159.015        -670.054   -1158.976             252             252
  255        -680.075      85.118        -680.126      85.139             255             255
  174        -534.939     226.245        -535.010     226.310             174             174
   15         939.277   -1048.957         939.108   -1049.091              15              15
  157        -829.760     220.247        -829.745     220.313             157             157
   19         134.604   -1113.428         134.439   -1113.499              19              19
  120        -453.011     142.612        -452.993     142.571             120             120
  101       -1266.727     -80.748       -1266.797     -80.680             101             101
  142         303.958     819.096         304.000     819.000             142             142
  215       -1412.020    -328.532       -1412.141    -328.409             215             215
  125         229.852     441.631         229.784     441.503             125             125
   63         107.161    1370.606         107.257    1370.552              63              63
   24         265.997     458.597         266.019     458.569              24              24
  209        -929.078     528.520        -929.071     528.631             209             209
    4        -235.313     880.284        -235.324     880.332               4               4
  160         299.633      -5.553         299.511      -5.596             160             160
   12        1136.109    1819.450        1136.308    1819.333              12              12
   25        -859.964    1036.895        -859.875    1037.170              25              25
  132        1201.683    -991.452        1201.517    -991.483             132             132
   79        -886.936      17.106        -886.944      17.285              79              79
   27         -24.343    -452.304         -24.472    -452.238              27              27
  231        -155.759    -699.513        -155.914    -699.478             231             231
  102        -563.940    -515.517        -564.123    -515.496             102             102
  249        1131.019    1151.276        1131.089    1151.122             249             249
   85        -160.973   -1036.030        -161.148   -1036.036              85              85
  147          29.966    2293.645          30.210    2293.654             147             147
   61         114.449      40.298         114.377      40.424              61              61
  126         459.424     207.718         459.387     207.801             126             126
   53         450.289   -1323.581         450.082   -1323.540              53              53
   38        -463.907    -588.882        -464.042    -588.785              38              38
  230         550.369   -1239.718         550.125   -1239.825             230             230
  116        -189.598     473.788        -189.614     473.785             116             116
  188        1293.572    -895.582        1293.400    -895.793             188             188
  156        -271.734     841.043        -271.643     841.057             156             156
  226        1470.334      41.179        1470.353      41.037             226             226
  195        -657.792   -1038.549        -657.883   -1038.437             195             195
  201        -440.639    -823.391        -440.788    -823.426             201             201
  128         260.295    1250.592         260.455    1250.497             128             128
   65        -970.220     381.232        -970.208     381.433              65              65
  133        -764.579    -958.727        -764.889    -958.617             133             133
  135        1684.035     850.330        1684.039     850.071             135             135
  249         341.562      75.532         341.567      75.551             249             249
   45          26.496    -480.128          26.397    -480.067              45              45
  188          55.096   -1347.805          54.841   -1347.841             188             188
   68         699.818    -256.106         699.762    -256.323              68              68
  166        -932.836     606.802        -932.813     606.875             166             166
  168        1038.203    -407.475        1038.038    -407.705             168             168
  183        1174.226    1088.740        1174.415    1088.483             183             183
    5        -148.800    1565.473        -148.484    1565.568               5               5
   50       -1043.001    -632.328       -1043.103    -632.071              50              50
  106        -610.205    -281.330        -610.371    -281.232             106             106
   80        1110.585     161.528        1110.533     161.352              80              80
  205          40.752     194.696          40.797     194.701             205             205
   45        -534.968     -97.895        -535.001     -97.825              45              45
  181        -518.397    1265.393        -518.274    1265.533             181             181
   46        -255.213    -736.341        -255.433    -736.207              46              46
   47         301.072    -117.128         300.986    -117.143              47              47
  116       -1114.774    -535.854       -1114.970    -535.680             116             116
   48         643.617     285.923         643.533     285.816              48              48
    4        -542.711     119.785        -542.782     119.918               4               4
  216        -551.060    -743.037        -551.340    -742.939             216             216
  126         118.081     290.892         117.956     290.876             126             126
   24        -310.147    -939.913        -310.460    -939.890              24              24
  201        -928.602     577.108        -928.763     577.222             201             201
  185        -272.127    -929.232        -272.663    -929.252             185             185
  160        2186.666     902.744        2186.513     902.287             160             160
  102         546.109    1281.892         546.143    1281.844             102             102
  110         -19.658    -406.117         -19.963    -406.057             110             110
  134        -265.399     626.615        -265.646     626.694             134             134
    2        -425.701    -109.579        -426.242    -109.438               2               2
  195        -408.344    -857.459        -409.320    -857.434             195             195
  144        -831.142    1909.994        -832.599    1910.156             144             144
