SINAL     NFT                         FFT                         NFT INVERSA     FFT INVERSA
-----     -----------------------     -----------------------     -----------     -----------
   96       31787.000       0.000       31787.000       0.000              96              96
  119         272.558    -993.981         272.564    -993.981             119             119
  134         167.027    -637.489         167.034    -637.490             134             134
  155        -523.201    -273.958        -523.195    -273.959             155             155
  179         203.832     848.020         203.841     848.019             179             179
   14       -1108.828    -151.059       -1108.822    -151.056              14              14
   58         809.440     418.478         809.448     418.475              58              58
  171       -1674.862     275.150       -1674.856     275.156             171             171
   22        1674.357     474.959        1674.364     474.953              22              22
   13        -343.837   -1031.999        -343.832   -1031.996              13              13
  245       -1547.663    -592.006       -1547.663    -592.002             245             245
   71         816.676    1587.420         816.687    1587.412              71              71
  224         450.501     459.116         450.510     459.115             224             224
   69          28.135     339.647          28.144     339.650              69              69
  180         708.076     193.401         708.085     193.397             180             180
  207        -145.995     289.769        -145.984     289.772             207             207
   78        -476.246     918.967        -476.231     918.979              78              78
  125        -327.833    -573.090        -327.840    -573.077             125             125
   38        2204.810    -602.135        2204.810    -602.155              38              38
  228        -534.604    -695.721        -534.598    -695.714             228             228
  221         134.004    -902.670         134.001    -902.680             221             221
  251         312.639    1844.775         312.675    1844.768             251             251
   26        -383.846     252.916        -383.830     252.930              26              26
   73       -1317.147     252.940       -1317.142     252.968              73              73
   61        1008.429     -19.245        1008.425     -19.244              61              61
  158        1225.149   -2041.851        1225.128   -2041.866             158             158
  143         698.437     315.200         698.463     315.182             143             143
   47        -611.165     -38.439        -611.145     -38.428              47              47
  236        -182.153    -279.578        -182.143    -279.578             236             236
   62         291.233    1369.370         291.278    1369.372              62              62
  168        -819.631    -982.614        -819.625    -982.590             168             168
  173       -1233.930     996.784       -1233.892     996.819             173             173
  226       -2301.272   -1517.845       -2301.303   -1517.785             226             226
  141        -587.284     -27.098        -587.298     -27.082             141             141
  204        -126.759    -981.213        -126.787    -981.208             204             204
   89       -1187.913    -147.917       -1187.931    -147.894              89              89
  147         739.271    -720.147         739.236    -720.172             147             147
  121         929.067    1503.198         929.101    1503.184             121             121
  145          16.978   -2291.532          16.929   -2291.529             145             145
  143         110.178    1123.147         110.208    1123.134             143             143
  128         247.701     231.059         247.712     231.070             128             128
  173           8.459   -1358.928           8.431   -1358.917             173             173
  174         -27.102    -638.642         -27.113    -638.642             174             174
  244        -222.365   -1772.471        -222.408   -1772.484             244             244
  253          -0.337     303.271          -0.325     303.241             253             253
   87        -477.397     -96.366        -477.400     -96.375              87              87
   98        -226.651     811.871        -226.641     811.859              98              98
   27         848.021     886.303         848.041     886.276              27              27
  160         412.569     272.924         412.584     272.918             160             160
    1         215.623     -15.540         215.635     -15.544               1               1
  160        -627.141     721.301        -627.115     721.330             160             160
   26          66.109     440.969          66.116     441.000              26              26
  114          69.904   -1951.671          69.831   -1951.652             114             114
  113         304.825   -1404.998         304.765   -1405.027             113             113
  112        1305.611     -13.114        1305.611     -13.179             112             112
  127         809.910   -1415.029         809.883   -1415.091             127             127
  246         214.218     903.802         214.278     903.756             246             246
   91        -299.611    -337.182        -299.601    -337.201              91              91
   36        -641.268    1079.962        -641.226    1079.958              36              36
  241         409.047    -155.072         409.036    -155.114             241             241
  218         939.787    1193.838         939.851    1193.771             218             218
  159        -573.821    1364.222        -573.746    1364.236             159             159
  190        -211.118     678.833        -211.085     678.842             190             190
  241        -203.253     777.792        -203.225     777.796             241             241
   90         811.929    1521.019         812.000    1521.000              90              90
  184         150.606     524.495         150.655     524.523             184             184
   61        -510.135    -299.140        -510.122    -299.100              61              61
   80       -1692.017     518.039       -1692.014     518.122              80              80
  110        1737.765    -121.567        1737.743    -121.638             110             110
  229        -225.090     671.025        -225.040     671.034             229             229
  136        -368.155    1495.974        -368.089    1496.026             136             136
  224         164.182   -1226.646         164.118   -1226.626             224             224
   67         -65.453     512.663         -65.449     512.664              67              67
   51        1757.683     709.009        1757.718     708.950              51              51
   98         333.793    -422.970         333.805    -422.968              98              98
  163         622.034     636.344         622.100     636.325             163             163
  121        -172.726     374.545        -172.668     374.578             121             121
   26        -133.012     694.829        -132.944     694.879              26              26
   11        -964.203    -631.652        -964.222    -631.554              11              11
   15         141.703    -968.926         141.653    -968.913              15              15
   62        -315.321    -838.315        -315.370    -838.318              62              62
  111        1113.846    1431.564        1113.928    1431.507             111             111
   23         253.603     157.009         253.648     157.042              23              23
  244          73.497    -699.588          73.501    -699.551             244             244
  180        -734.614   -1459.583        -734.668   -1459.547             180             180
  108          12.707     307.026          12.733     307.001             108             108
  221         646.127     498.101         646.190     498.071             221             221
   69        -357.147      55.558        -357.088      55.599              69              69
  222       -1265.791    -433.607       -1265.786    -433.526             222             222
   38        -545.606     258.603        -545.588     258.642              38              38
  250         -94.188     336.752         -94.150     336.791             250             250
  207       -1368.423    -756.283       -1368.465    -756.166             207             207
   70        -100.467   -1068.336        -100.549   -1068.317              70              70
   59        -254.849   -1595.567        -254.952   -1595.588              59              59
  218         242.049     218.944         242.069     218.873             218             218
  236        -811.879      18.162        -811.874      18.172             236             236
  164          87.305      68.271          87.304      68.216             164             164
   78        -126.172    1200.725        -126.085    1200.696              78              78
  240        -885.835     907.748        -885.785     907.795             240             240
   17         685.419    1374.201         685.513    1374.180              17              17
   29       -1643.651     376.955       -1643.632     377.102              29              29
   38         307.048     758.274         307.061     758.305              38              38
   42         156.820    -572.450         156.778    -572.416              42              42
  115        -507.188    -278.187        -507.212    -278.151             115             115
   84        -312.275    1259.464        -312.218    1259.517              84              84
  174         361.254    -646.933         361.190    -646.908             174             174
   89        -494.022     -86.504        -494.059     -86.455              89              89
   21        1500.916     735.373        1500.959     735.311              21              21
  153        -323.957    -365.237        -323.954    -365.150             153             153
  193        -320.829    -896.576        -320.895    -896.521             193             193
   62          88.495      84.048          88.485      84.074              62              62
   13         641.301   -1225.182         641.216   -1225.202              13              13
   31         531.015    -484.214         531.018    -484.256              31              31
  193        -275.416    -359.945        -275.389    -359.918             193             193
  195       -1118.604   -1146.296       -1118.665   -1146.223             195             195
  156        -858.667   -1356.256        -858.786   -1356.269             156             156
  239        -503.101     760.419        -503.088     760.364             239             239
  174         150.347    1101.386         150.385    1101.335             174             174
    1         399.794     830.805         399.835     830.769               1               1
  111         354.896    1064.836         354.980    1064.837             111             111
  145        -261.321    -156.830        -261.329    -156.783             145             145
   97        -483.896     908.404        -483.851     908.470              97              97
  207         382.149     675.611         382.167     675.665             207             207
  225         995.136   -1633.476         995.027   -1633.505             225             225
  117       -1269.979    -171.960       -1269.987    -171.867             117             117
   96        -126.869    -500.399        -126.971    -500.408              96              96
  110        1208.822     323.614        1208.821     323.480             110             110
  209         387.499    1557.260         387.645    1557.257             209             209
  149        -247.000      -0.111        -247.000       0.000             149             149
  252         387.799   -1557.253         387.648   -1557.256             252             252
  196        1208.820    -323.339        1208.821    -323.478             196             196
  206        -127.080     500.418        -126.973     500.409             206             206
  228       -1269.996     171.764       -1269.987     171.865             228             228
   36         994.903    1633.540         995.023    1633.507              36              36
   16         382.187    -675.725         382.167    -675.665              16              16
   57        -483.799    -908.543        -483.849    -908.471              57              57
  209        -261.337     156.728        -261.329     156.782             209             209
  166         355.080   -1064.837         354.982   -1064.836             166             166
   68         399.884    -830.724         399.836    -830.768              68              68
  202         150.435   -1101.273         150.388   -1101.334             202             202
  102        -503.070    -760.298        -503.086    -760.364             102             102
   72        -858.937    1356.283        -858.789    1356.267              72              72
  102       -1118.744    1146.129       -1118.668    1146.220             102             102
   37        -275.355     359.884        -275.389     359.918              37              37
  195         531.021     484.312         531.017     484.257             195             195
  124         641.099    1225.231         641.213    1225.204             124             124
   69          88.471     -84.109          88.485     -84.074              69              69
   32        -320.988     896.446        -320.897     896.521              32              32
   44        -323.951     365.032        -323.955     365.150              44              44
   39        1501.023    -735.220        1500.961    -735.308              39              39
  130        -494.113      86.384        -494.060      86.453             130             130
    5         361.097     646.875         361.189     646.909               5               5
   64        -312.134   -1259.596        -312.217   -1259.518              64              64
   19        -507.251     278.095        -507.214     278.149              19              19
   74         156.715     572.365         156.778     572.416              74              74
  206         307.083    -758.352         307.062    -758.305             206             206
  206       -1643.601    -377.332       -1643.630    -377.104             206             206
  213         685.666   -1374.143         685.515   -1374.178             213             213
  243        -885.704    -907.873        -885.783    -907.797             243             243
   84        -125.941   -1200.648        -126.082   -1200.696              84              84
   70          87.300     -68.122          87.303     -68.215              70              70
   13        -811.867     -18.192        -811.875     -18.173              13              13
   95         242.104    -218.751         242.069    -218.873              95              95
  220        -255.139    1595.624        -254.956    1595.587             220             220
  124        -100.696    1068.282        -100.550    1068.317             124             124
  197       -1368.543     755.945       -1368.467     756.162             197             197
  103         -94.080    -336.865         -94.150    -336.792             103             103
  184        -545.551    -258.716        -545.586    -258.643             184             184
   76       -1265.776     433.365       -1265.786     433.523              76              76
  168        -356.971     -55.681        -357.088     -55.600             168             168
  185         646.315    -498.008         646.191    -498.069             185             185
  192          12.785    -306.952          12.733    -307.002             192             192
   75        -734.780    1459.473        -734.669    1459.547              75              75
  123          73.507     699.475          73.500     699.552             123             123
  133         253.743    -157.113         253.648    -157.042             133             133
   58        1114.110   -1431.382        1113.932   -1431.505              58              58
   40        -315.480     838.322        -315.372     838.317              40              40
   82         141.538     968.885         141.651     968.913              82              82
  101        -964.266     631.327        -964.223     631.552             101             101
  185        -132.783    -695.000        -132.942    -694.880             185             185
   17        -172.530    -374.658        -172.667    -374.579              17              17
  141         622.262    -636.278         622.101    -636.325             141             141
   86         333.830     422.964         333.804     422.968              86              86
  163        1757.808    -708.794        1757.719    -708.945             163             163
  192         -65.436    -512.670         -65.447    -512.665             192             192
  234         163.945    1226.571         164.114    1226.626             234             234
   97        -367.908   -1496.166        -368.085   -1496.027              97              97
  174        -224.906    -671.060        -225.040    -671.034             174             174
   97        1737.685     121.836        1737.744     121.641              97              97
  135       -1692.005    -518.361       -1692.013    -518.125             135             135
   23        -510.086     298.984        -510.122     299.099              23              23
   63         150.801    -524.603         150.656    -524.522              63              63
  137         812.213   -1520.943         812.000   -1521.000             137             137
  170        -203.134    -777.814        -203.223    -777.797             170             170
   22        -210.979    -678.873        -211.084    -678.843              22              22
  148        -573.496   -1364.284        -573.743   -1364.236             148             148
  254         940.067   -1193.547         939.853   -1193.770             254             254
   35         409.000     155.256         409.036     155.116              35              35
   35        -641.075   -1079.947        -641.223   -1079.959              35              35
  174        -299.569     337.270        -299.602     337.202             174             174
    0         214.497    -903.591         214.280    -903.756              -0              -0
  139         809.774    1415.322         809.880    1415.092             139             139
   31        1305.608      13.432        1305.610      13.183              31              31
  200         304.527    1405.141         304.761    1405.027             200             200
  191          69.536    1951.581          69.828    1951.653             191             191
  192          66.146    -441.124          66.117    -441.000             192             192
   31        -627.003    -721.452        -627.113    -721.330              31              31
   84         215.684      15.563         215.634      15.545              84              84
  193         412.652    -272.892         412.584    -272.918             193             193
   86         848.132    -886.152         848.042    -886.275              86              86
   39        -226.586    -811.804        -226.639    -811.859              39              39
   86        -477.419      96.417        -477.401      96.374              86              86
   77          -0.268    -303.100          -0.325    -303.241              77              77
   74        -222.639    1772.546        -222.413    1772.483              74              74
  183         -27.171     638.643         -27.114     638.643             183             183
  198           8.273    1358.862           8.427    1358.917             198             198
   21         247.770    -231.128         247.713    -231.069              21              21
  180         110.382   -1123.066         110.210   -1123.135             180             180
  205          16.632    2291.517          16.924    2291.530             205             205
  162         929.313   -1503.099         929.104   -1503.182             162             162
   22         739.016     720.328         739.235     720.173              22              22
  149       -1188.044     147.738       -1187.932     147.892             149             149
   23        -126.972     981.178        -126.788     981.208              23              23
   65        -587.392      26.975        -587.298      27.082              65              65
   53       -2301.520    1517.361       -2301.304    1517.784              53              53
    9       -1233.603    -997.088       -1233.890    -996.822               9               9
   94        -819.584     982.395        -819.626     982.588              94              94
  217         291.644   -1369.380         291.281   -1369.370             217             217
  244        -182.069     279.579        -182.144     279.578             244             244
  231        -610.978      38.332        -611.144      38.427             231             231
   49         698.703    -315.020         698.464    -315.182              49              49
   30        1224.912    2042.023        1225.123    2041.870              30              30
  166        1008.387      19.249        1008.426      19.246             166             166
   29       -1317.097    -253.277       -1317.143    -252.972              29              29
  252        -383.654    -253.090        -383.829    -252.932             252             252
  165         313.090   -1844.687         312.678   -1844.768             165             165
   66         133.964     902.797         134.000     902.680              66              66
  165        -534.528     695.617        -534.600     695.713             165             165
  225        2204.810     602.432        2204.809     602.159             225             225
   56        -327.947     572.890        -327.843     573.077              56              56
   71        -476.004    -919.165        -476.230    -918.980              71              71
    4        -145.789    -289.837        -145.983    -289.773               4               4
  171         708.240    -193.333         708.085    -193.396             171             171
  233          28.301    -339.697          28.143    -339.649             233             233
  106         450.698    -459.096         450.511    -459.115             106             106
  149         816.973   -1587.221         816.691   -1587.410             149             149
  110       -1547.664     591.867       -1547.664     591.998             110             110
  135        -343.733    1031.910        -343.836    1031.995             135             135
   74        1674.592    -474.752        1674.365    -474.950              74              74
   36       -1674.635    -275.451       -1674.855    -275.161              36              36
  140         809.786    -418.333         809.449    -418.474             140             140
  221       -1108.535     150.873       -1108.823     151.054             221             221
  235         204.426    -847.949         203.842    -848.019             235             235
   40        -522.657     273.960        -523.195     273.959              40              40
   73         167.816     637.555         167.032     637.490              73              73
  159         274.095     993.965         272.562     993.981             159             159
