SINAL     NFT                         FFT                         NFT INVERSA     FFT INVERSA
-----     -----------------------     -----------------------     -----------     -----------
  180       31846.000       0.000       31846.000       0.000             180             180
  133        -838.620     517.316        -838.613     517.316             133             133
  232         580.902   -1089.365         580.907   -1089.364             232             232
  140         411.065   -1595.601         411.070   -1595.602             140             140
   10        -605.105     561.824        -605.096     561.825              10              10
  234       -1260.500      46.653       -1260.495      46.658             234             234
  199         629.426    -395.613         629.429    -395.612             199             199
   30         286.444    -610.394         286.449    -610.394              30              30
  124        -709.193     620.940        -709.184     620.949             124             124
  201         754.145   -2007.943         754.140   -2007.943             201             201
   31        -444.145    -415.287        -444.140    -415.284              31              31
  239        -465.948    -570.056        -465.947    -570.051             239             239
  153        -210.243   -1140.419        -210.249   -1140.418             153             153
  246        -549.055    -512.902        -549.060    -512.901             246             246
  176        1656.783    -236.684        1656.782    -236.700             176             176
   60         320.691    -840.848         320.692    -840.857              60              60
   33         111.083    1333.847         111.103    1333.841              33              33
  139         296.674     732.076         296.688     732.079             139             139
   36          38.170    -257.634          38.172    -257.628              36              36
  147         318.129    -779.350         318.125    -779.353             147             147
  221         542.279     697.010         542.294     697.004             221             221
   42        -151.104    -300.281        -151.103    -300.276              42              42
  123        1311.474     918.118        1311.493     918.107             123             123
  184         268.900    -748.865         268.906    -748.860             184             184
    7        -549.323     533.527        -549.305     533.546               7               7
  248         495.985    -823.286         495.981    -823.280             248             248
  220        -156.903    -985.716        -156.909    -985.706             220             220
   43         -82.022   -1222.441         -82.034   -1222.440              43              43
  101        -126.892    -947.738        -126.905    -947.746             101             101
  209         491.700     164.346         491.709     164.326             209             209
   71        -146.125     328.481        -146.114     328.479              71              71
  198        1077.541    -232.637        1077.547    -232.661             198             198
  201         -85.512     566.743         -85.482     566.742             201             201
  162        -109.995     -73.162        -109.979     -73.162             162             162
  227       -1173.759     765.279       -1173.733     765.306             227             227
  131        -805.226      77.398        -805.233      77.423             131             131
   37        1071.708      47.892        1071.707      47.872              37              37
   97        -778.551    -272.413        -778.556    -272.395              97              97
  186         394.092    1002.886         394.105    1002.880             186             186
  162         734.435      92.721         734.429      92.718             162             162
  207        1517.297    -137.249        1517.297    -137.278             207             207
   26        1393.575     578.049        1393.617     578.031              26              26
   57        -232.239   -1388.287        -232.246   -1388.270              57              57
  198         435.922     126.488         435.951     126.475             198             198
  255        -821.158    -679.165        -821.157    -679.149             255             255
   47        -104.896    1290.417        -104.856    1290.420              47              47
   25        1289.968    -111.821        1289.987    -111.845              25              25
   92        -649.648     575.567        -649.597     575.603              92              92
   74        -921.801    -649.259        -921.805    -649.212              74              74
  163        -270.020    -350.302        -270.022    -350.288             163             163
  150        -797.451    -228.620        -797.457    -228.594             150             150
   87        -257.277     203.205        -257.284     203.216              87              87
   42         996.955     218.205         996.958     218.183              42              42
  161         670.501      28.072         670.518      28.070             161             161
   64         280.811   -1141.917         280.794   -1141.921              64              64
    5         994.014    -356.501         994.046    -356.554               5               5
  160       -2222.619     843.289       -2222.563     843.358             160             160
  255         698.590     631.497         698.617     631.477             255             255
  107        -275.319     951.584        -275.263     951.613             107             107
   49         340.718    1111.852         340.789    1111.890              49              49
  223        -574.595   -1501.660        -574.610   -1501.597             223             223
   19       -1576.510     254.475       -1576.479     254.557              19              19
   94        -748.945    -380.459        -748.959    -380.392              94              94
   93        -238.419    -889.040        -238.440    -889.000              93              93
   35       -2024.960    -803.107       -2025.000    -803.000              35              35
   54         252.165    -937.396         252.109    -937.384              54              54
   79       -1629.719   -2365.243       -1629.846   -2365.187              79              79
  117         996.733    -139.569         996.695    -139.648             117             117
   59         384.979    -539.149         384.960    -539.196              59              59
   33         160.250     704.330         160.303     704.304              33              33
  222       -1322.497    -143.569       -1322.496    -143.511             222             222
   39        -412.387     245.477        -412.395     245.502              39              39
  159          48.796   -1193.108          48.727   -1193.114             159             159
  213         170.403    -629.988         170.375    -630.040             213             213
    7          37.105     764.494          37.162     764.451               7               7
  132       -1606.623     522.554       -1606.597     522.601             132             132
   61        -703.908    2120.949        -703.844    2120.994              61              61
   17         683.802    -418.816         683.759    -418.821              17              17
  229         168.471     586.032         168.515     586.037             229             229
   66       -1746.501     -73.711       -1746.516     -73.613              66              66
  161         -61.306    1283.135         -61.282    1283.166             161             161
    7           0.667     137.046           0.643     137.110               7               7
  112         606.634   -1257.706         606.564   -1257.695             112             112
  188       -1147.493   -1128.362       -1147.554   -1128.304             188             188
    8       -1030.653    -211.935       -1030.707    -211.898               8               8
  206        -480.509    -310.134        -480.587    -310.129             206             206
  102        -569.447     178.082        -569.519     178.083             102             102
  218         542.587    1077.929         542.553    1077.888             218             218
   74        1019.691     549.216        1019.633     549.170              74              74
  173        2787.766     723.201        2787.774     723.059             173             173
  237         927.550    1354.581         927.646    1354.584             237             237
  219         484.152     -39.974         484.156     -39.909             219             219
   90         654.025   -2031.643         653.900   -2031.641              90              90
  199        1202.414     -84.886        1202.423     -84.958             199             199
  235          26.369    -758.858          26.338    -758.863             235             235
  154        1262.568     736.686        1262.637     736.617             154             154
   17        -208.507    -797.285        -208.518    -797.258              17              17
   15        -132.988     268.322        -132.955     268.325              15              15
   14        -553.294     785.406        -553.261     785.476              14              14
  201        1598.520    -786.008        1598.479    -786.068             201             201
   54        -615.138    -930.499        -615.162    -930.469              54              54
  142        -148.747    1143.463        -148.668    1143.475             142             142
   23        -189.741     502.770        -189.709     502.853              23              23
  205          -3.599   -1564.068          -3.700   -1564.014             205             205
   64       -1169.402   -1132.163       -1169.516   -1132.091              64              64
   68        1033.535    -263.376        1033.465    -263.466              68              68
  142        1007.584     -87.053        1007.588     -87.125             142             142
  242        -653.963    -945.004        -654.025    -944.984             242             242
  106         643.527     594.117         643.554     594.038             106             106
   17         238.443     753.348         238.511     753.345              17              17
  128        -770.722    -293.857        -770.750    -293.778             128             128
  131        -244.212     209.255        -244.250     209.297             131             131
  249        1112.074    -841.712        1111.983    -841.781             249             249
  144        -272.042     -90.623        -272.067     -90.624             144             144
  232         501.328    1378.335         501.389    1378.336             232             232
  113         754.726   -1278.833         754.608   -1278.834             113             113
  113         510.722    -364.603         510.677    -364.624             113             113
  155         917.986   -1524.412         917.862   -1524.502             155             155
  225         719.092     240.001         719.118     239.897             225             225
   69         832.003     130.746         832.038     130.657              69              69
   12         176.818     840.398         176.910     840.392              12              12
  231         314.583     228.143         314.613     228.175             231             231
  123         592.154   -1928.154         592.024   -1928.209             123             123
  131         580.368    1523.965         580.540    1523.908             131             131
  220        -804.328    -279.926        -804.317    -279.784             220             220
  226        -337.882   -2916.112        -338.137   -2916.114             226             226
  222        1058.319     791.165        1058.389     790.992             222             222
  132        -261.698     139.803        -261.651     139.798             132             132
   36        -520.000      -0.021        -520.000       0.000              36              36
  183        -261.603    -139.793        -261.651    -139.798             183             183
  178        1058.463    -790.809        1058.390    -790.989             178             178
   28        -338.415    2916.116        -338.144    2916.113              28              28
   47        -804.305     279.632        -804.317     279.784              47              47
   17         580.731   -1523.845         580.544   -1523.906              17              17
  254         591.876    1928.271         592.020    1928.210             254             254
  146         314.649    -228.210         314.614    -228.175             146             146
   18         177.015    -840.383         176.910    -840.391              18              18
  176         832.077    -130.551         832.038    -130.655             176             176
   74         719.148    -239.775         719.117    -239.896              74              74
   38         917.711    1524.612         917.858    1524.504              38              38
  202         510.622     364.650         510.677     364.625             202             202
  187         754.458    1278.838         754.604    1278.836             187             187
  150         501.468   -1378.336         501.391   -1378.336             150             150
   88        -272.099      90.625        -272.067      90.623              88              88
  120        1111.865     841.871        1111.983     841.782             120             120
  121        -244.299    -209.353        -244.250    -209.298             121             121
   46        -770.790     293.670        -770.751     293.776              46              46
  188         238.603    -753.341         238.512    -753.345             188             188
  206         643.594    -593.928         643.555    -594.037             206             206
  168        -654.116     944.954        -654.028     944.983             168             168
  227        1007.594      87.228        1007.588      87.126             227             227
   68        1033.366     263.596        1033.465     263.467              68              68
   97       -1169.683    1131.983       -1169.517    1132.089              97              97
   94          -3.856    1563.931          -3.704    1564.012              94              94
  214        -189.660    -502.980        -189.709    -502.854             214             214
    6        -148.544   -1143.495        -148.666   -1143.476               6               6
  189        -615.203     930.422        -615.164     930.468             189             189
   69        1598.412     786.167        1598.477     786.072              69              69
  170        -553.207    -785.589        -553.260    -785.476             170             170
   66        -132.900    -268.331        -132.954    -268.326              66              66
   72        -208.537     797.215        -208.519     797.258              72              72
   92        1262.757    -736.495        1262.639    -736.614              92              92
  205          26.281     758.874          26.336     758.864             205             205
   89        1202.438      85.087        1202.422      84.960              89              89
  173         653.671    2031.640         653.896    2031.643             173             173
   15         484.160      39.793         484.155      39.910              15              15
  197         927.828   -1354.587         927.649   -1354.582             197             197
  186        2787.791    -722.785        2787.775    -723.053             186             186
  159        1019.523    -549.080        1019.633    -549.168             159             159
   44         542.487   -1077.808         542.553   -1077.888              44              44
  110        -569.663    -178.086        -569.520    -178.084             110             110
  117        -480.746     310.118        -480.589     310.128             117             117
  205       -1030.817     211.817       -1030.707     211.895             205             205
  251       -1147.688    1128.178       -1147.558    1128.301             251             251
  112         606.412    1257.674         606.561    1257.697             112             112
  160           0.592    -137.248           0.643    -137.110             160             160
  241         -61.228   -1283.234         -61.281   -1283.166             241             241
  195       -1746.551      73.386       -1746.516      73.609             195             195
  176         168.617    -586.046         168.516    -586.037             176             176
  211         683.654     418.833         683.757     418.822             211             211
   99        -703.685   -2121.104        -703.840   -2120.995              99              99
  203       -1606.533    -522.722       -1606.596    -522.605             203             203
   69          37.302    -764.345          37.162    -764.450              69              69
  193         170.300     630.167         170.373     630.039             193             193
  107          48.548    1193.133          48.725    1193.115             107             107
  251        -412.413    -245.570        -412.393    -245.504             251             251
   63       -1322.494     143.354       -1322.497     143.509              63              63
  255         160.450    -704.234         160.305    -704.304             255             255
   25         384.907     539.329         384.959     539.198              25              25
  144         996.590     139.875         996.695     139.651             144             144
  165       -1630.214    2365.022       -1629.851    2365.184             165             165
  115         251.944     937.349         252.106     937.385             115             115
   93       -2025.120     802.678       -2025.000     803.000              93              93
  205        -238.512     888.875        -238.442     888.999             205             205
    5        -749.003     380.180        -748.960     380.391               5               5
  174       -1576.378    -254.834       -1576.478    -254.563             174             174
    6        -574.667    1501.390        -574.613    1501.597               6               6
  112         341.033   -1112.014         340.792   -1111.889             112             112
   26        -275.065    -951.712        -275.260    -951.613              26              26
  208         698.713    -631.404         698.619    -631.476             208             208
  142       -2222.361    -843.612       -2222.562    -843.361             142             142
  117         994.163     356.750         994.045     356.555             117             117
   77         280.726    1141.934         280.793    1141.921              77              77
  131         670.586     -28.056         670.518     -28.068             131             131
  185         996.973    -218.095         996.959    -218.182             185             185
   57        -257.310    -203.264        -257.284    -203.217              57              57
  148        -797.481     228.480        -797.457     228.592             148             148
  212        -270.033     350.225        -270.023     350.287             212             212
   65        -921.824     649.007        -921.805     649.211              65              65
    6        -649.360    -575.771        -649.595    -575.605               6               6
  219        1290.074     111.961        1289.987     111.847             219             219
   74        -104.657   -1290.434        -104.853   -1290.420              74              74
   48        -821.155     679.069        -821.158     679.149              48              48
   78         436.099    -126.405         435.952    -126.473              78              78
   27        -232.293    1388.182        -232.249    1388.270              27              27
  199        1393.840    -577.929        1393.618    -578.028             199             199
    1        1517.302     137.438        1517.298     137.280               1               1
  142         734.399     -92.694         734.429     -92.717             142             142
  201         394.185   -1002.848         394.108   -1002.881             201             201
   72        -778.594     272.289        -778.558     272.394              72              72
  122        1071.700     -47.752        1071.707     -47.871             122             122
  205        -805.278     -77.586        -805.233     -77.425             205             205
  213       -1173.558    -765.486       -1173.730    -765.308             213             213
  107        -109.867      73.157        -109.979      73.161             107             107
   97         -85.267    -566.731         -85.482    -566.742              97              97
   77        1077.590     232.855        1077.547     232.664              77              77
   60        -146.025    -328.467        -146.113    -328.479              60              60
   56         491.780    -164.158         491.709    -164.325              56              56
   68        -127.012     947.814        -126.906     947.746              68              68
  145         -82.157    1222.433         -82.037    1222.440             145             145
  179        -156.967     985.618        -156.910     985.706             179             179
    4         495.928     823.228         495.978     823.280               4               4
  234        -549.129    -533.723        -549.305    -533.546             234             234
   87         268.948     748.810         268.904     748.859              87              87
   69        1311.713    -917.983        1311.495    -918.105              69              69
    6        -151.103     300.217        -151.104     300.275               6               6
  112         542.478    -696.930         542.295    -697.003             112             112
  231         318.055     779.393         318.123     779.353             231             231
  238          38.202     257.537          38.173     257.628             238             238
  153         296.886    -732.110         296.689    -732.078             153             153
   24         111.408   -1333.756         111.104   -1333.841              24              24
  205         320.685     841.007         320.690     840.858             205             205
  243        1656.770     237.001        1656.782     236.703             243             243
   13        -549.162     512.861        -549.062     512.899              13              13
   37        -210.369    1140.382        -210.251    1140.417              37              37
  206        -465.933     569.930        -465.948     570.050             206             206
   42        -444.027     415.199        -444.140     415.282              42              42
   57         753.971    2007.945         754.135    2007.943              57              57
   73        -708.913    -621.214        -709.184    -620.949              73              73
   82         286.591     610.363         286.448     610.392              82              82
  135         629.548     395.594         629.427     395.613             135             135
   29       -1260.222     -46.983       -1260.495     -46.663              29              29
    6        -604.528    -561.942        -605.096    -561.827               6               6
   46         411.413    1595.628         411.065    1595.602              46              46
  222         581.515    1089.250         580.906    1089.364             222             222
   26        -836.879    -517.662        -838.612    -517.320              26              26
