SINAL     NFT                         FFT                         NFT INVERSA     FFT INVERSA
-----     -----------------------     -----------------------     -----------     -----------
   56       32946.000       0.000       32946.000       0.000              56              56
  148        -573.953     468.596        -573.945     468.596             148             148
   50        -730.017    -513.901        -730.011    -513.900              50              50
  156         553.882     117.916         553.889     117.915             156             156
   16         -30.631     262.924         -30.623     262.924              16              16
   18       -1021.399    -345.872       -1021.391    -345.871              18              18
   43       -2008.128     310.673       -2008.124     310.678              43              43
   20        1837.424     943.728        1837.431     943.720              20              20
   47        -796.695     307.775        -796.686     307.780              47              47
  241        -994.183   -1155.743        -994.186   -1155.740             241             241
  192         641.153     973.383         641.163     973.374             192             192
  134        -878.007     597.112        -878.001     597.115             134             134
   12        1062.530     664.866        1062.538     664.855              12              12
   52        -208.046    1550.552        -208.028    1550.554              52              52
  253        -489.546    1459.645        -489.532    1459.659             253             253
  215         706.118   -1307.169         706.109   -1307.167             215             215
  148        -520.332    -290.161        -520.334    -290.157             148             148
   77         739.415     316.517         739.417     316.508              77              77
  209         982.156    -147.078         982.158    -147.088             209             209
  185         254.864     372.672         254.874     372.670             185             185
   57         678.162   -1076.602         678.154   -1076.616              57              57
  119         737.308     931.813         737.330     931.794             119             119
  155        -734.300    1699.617        -734.273    1699.632             155             155
  250        1268.807    -441.997        1268.802    -442.006             250             250
   34         424.083    -142.494         424.089    -142.499              34              34
  112         747.267     -62.910         747.272     -62.925             112             112
  141        1675.207    1225.690        1675.248    1225.666             141             141
   29       -1264.172    -446.170       -1264.161    -446.143              29              29
   78         158.914     -50.408         158.917     -50.414              78              78
  229         701.503     355.317         701.516     355.299             229             229
   82        1186.898    1580.241        1186.946    1580.225              82              82
  170          17.022    -105.819          17.046    -105.805             170             170
  188        -555.802     402.297        -555.775     402.321             188             188
  128         -50.047    -295.104         -50.040    -295.090             128             128
  136        -135.923      78.157        -135.911      78.173             136             136
  123         752.800    -766.684         752.801    -766.688             123             123
  190        -250.708    -798.629        -250.700    -798.622             190             190
  143        -428.777     186.891        -428.749     186.906             143             143
   80       -1062.287   -1411.853       -1062.306   -1411.828              80              80
  120        -519.267    -560.236        -519.274    -560.239             120             120
  120        -622.301     187.946        -622.293     187.949             120             120
  159         -60.179    -487.045         -60.190    -487.057             159             159
  114          50.187     163.106          50.197     163.086             114             114
  255        -557.220     323.970        -557.210     323.968             255             255
   54         791.202     716.104         791.227     716.072              54              54
    6         466.709    -457.984         466.724    -458.018               6               6
  192       -1314.144    2351.107       -1314.055    2351.137             192             192
   33        -666.755    -155.614        -666.758    -155.587              33              33
   51        -888.381    1501.729        -888.347    1501.766              51              51
    7        1005.900    -498.910        1005.879    -498.928               7               7
  170        -726.141     235.302        -726.136     235.320             170             170
   80        1386.118     870.710        1386.150     870.662              80              80
  182         -64.989    1839.071         -64.901    1839.100             182             182
    4       -1370.403    -509.787       -1370.419    -509.703               4               4
  218         304.729     -95.991         304.705     -95.981             218             218
   66        1351.263    -349.573        1351.248    -349.605              66              66
  141        1313.955     126.640        1313.990     126.607             141             141
   56         350.999    -477.604         351.030    -477.607              56              56
  221        -704.999     490.057        -704.939     490.097             221             221
  212        -612.048    -655.763        -612.046    -655.717             212             212
   11        -941.615   -1347.476        -941.657   -1347.449              11              11
  169         462.214     256.618         462.232     256.582             169             169
   36         709.223    -401.326         709.256    -401.375              36              36
  159       -1470.301     775.304       -1470.214     775.337             159             159
  102       -2855.069    1694.869       -2855.001    1695.000             102             102
  148        -110.080    -298.534        -110.122    -298.506             148             148
  166        -217.875     554.099        -217.855     554.123             166             166
  184       -1467.223     149.653       -1467.237     149.745             184             184
  248          92.543   -1427.028          92.441   -1427.039             248             248
  236         277.430    1675.319         277.476    1675.299             236             236
  228        1149.966     106.875        1149.966     106.847             228             228
  211         585.823     792.825         585.886     792.832             211             211
   24        -489.981    -446.883        -489.978    -446.818              24              24
  150         560.878    -689.712         560.884    -689.717             150             150
  166       -2616.634    -387.657       -2616.641    -387.524             166             166
  255        -223.683    -287.439        -223.731    -287.422             255             255
   79        -658.389    -460.672        -658.447    -460.640              79              79
   88         668.001    -159.819         667.962    -159.866              88              88
  198         -92.464    1124.897         -92.428    1124.915             198             198
  131         711.684    -671.503         711.632    -671.512             131             131
   77         970.050    -333.393         970.049    -333.440              77              77
  138       -1015.519     390.757       -1015.491     390.824             138             138
   63         -33.497    -269.306         -33.542    -269.272              63              63
   87         709.921   -1363.148         709.825   -1363.180              87              87
  126         997.678    -540.781         997.652    -540.864             126             126
   23         235.009     -55.478         235.020     -55.523              23              23
   64         522.474     345.477         522.509     345.420              64              64
  192        -282.342     559.201        -282.308     559.195             192             192
  237        1380.253    2092.205        1380.390    2092.163             237             237
   27        -418.466    -677.483        -418.471    -677.391              27              27
  228         -22.721    -773.841         -22.759    -773.807             228             228
   32         628.079   -1005.435         628.034   -1005.469              32              32
  155         538.478    -371.198         538.498    -371.245             155             155
   51       -1101.267    -328.833       -1101.273    -328.784              51              51
   22         834.182    -501.516         834.143    -501.601              22              22
  210        1082.407     435.403        1082.469     435.297             210             210
    1         135.674     716.352         135.775     716.322               1               1
    2         191.416     990.040         191.536     990.035               2               2
  125        -145.536     333.577        -145.449     333.609             125             125
  157       -1077.243     432.269       -1077.181     432.361             157             157
  250         998.060     575.606         998.155     575.588             250             250
    6       -1866.474    -545.320       -1866.449    -545.150               6               6
  243        -314.075    -759.393        -314.101    -759.357             243             243
  154        -894.480    -701.131        -894.487    -701.099             154             154
  209       -2045.922    1445.725       -2045.842    1445.863             209             209
  205         352.064      -1.486         352.030      -1.455             205             205
   68        -260.574   -1334.710        -260.659   -1334.685              68              68
  175       -1016.322     800.246       -1016.286     800.310             175             175
   83         458.793     -85.294         458.765     -85.295              83              83
  248         -32.630    -509.749         -32.654    -509.736             248             248
  220        -587.047     536.666        -587.005     536.731             220             220
  134        -566.187    -952.520        -566.276    -952.458             134             134
   12        -413.322     150.600        -413.369     150.635              12              12
  101        2117.371      33.402        2117.371      33.290             101             101
   18        -271.787   -1718.784        -271.859   -1718.754              18              18
  142         -86.015    -543.928         -86.024    -543.964             142             142
  208        -339.960    -585.812        -339.982    -585.855             208             208
  110         -20.115    1801.914         -19.961    1801.902             110             110
  167        -198.951   -1037.656        -199.010   -1037.632             167             167
   54         713.741     820.592         713.867     820.529              54              54
  192       -1835.708    -317.649       -1835.674    -317.493             192             192
   83       -2000.264    -348.297       -2000.352    -348.158              83              83
  223        1248.348     512.300        1248.321     512.196             223             223
   37        1294.040    -205.779        1294.069    -205.878              37              37
   55        -706.136     302.671        -706.035     302.732              55              55
  176       -1114.929    -420.948       -1114.942    -420.858             176             176
  213         193.955     -30.819         193.978     -30.860             213             213
  161       -1292.064     919.684       -1291.961     919.795             161             161
   84        -660.000      -0.099        -660.000       0.000              84              84
    7       -1291.852    -919.913       -1291.959    -919.798               7               7
   76         194.002      30.903         193.978      30.861              76              76
  154       -1114.957     420.760       -1114.943     420.856             154             154
   61        -705.927    -302.799        -706.034    -302.733              61              61
  190        1294.102     205.990        1294.070     205.881             190             190
   64        1248.292    -512.076        1248.321    -512.192              64              64
    9       -2000.450     347.995       -2000.351     348.152               9               9
  223       -1835.634     317.311       -1835.673     317.490             223             223
  186         714.015    -820.453         713.869    -820.527             186             186
   73        -199.081    1037.604        -199.012    1037.632              73              73
   30         -19.772   -1801.885         -19.956   -1801.901              30              30
  142        -340.008     585.905        -339.982     585.854             142             142
   30         -86.035     544.008         -86.025     543.964              30              30
  125        -271.952    1718.717        -271.862    1718.754             125             125
  165        2117.371     -33.143        2117.371     -33.285             165             165
  218        -413.429    -150.682        -413.369    -150.636             218             218
   91        -566.396     952.376        -566.278     952.457              91              91
  236        -586.948    -536.819        -587.005    -536.732             236             236
  231         -32.688     509.719         -32.656     509.736             231             231
  197         458.728      85.298         458.765      85.296             197             197
   33       -1016.234    -800.403       -1016.285    -800.313              33              33
  207        -260.783    1334.650        -260.662    1334.685             207             207
  225         351.981       1.410         352.030       1.455             225             225
   57       -2045.722   -1446.069       -2045.839   -1445.866              57              57
  138        -894.501     701.048        -894.489     701.097             138             138
  207        -314.141     759.301        -314.102     759.356             207             207
  186       -1866.412     544.885       -1866.451     545.146             186             186
  164         998.304    -575.557         998.156    -575.586             164             164
  220       -1077.079    -432.511       -1077.178    -432.364             220             220
  188        -145.308    -333.661        -145.448    -333.610             188             188
  184         191.734    -990.026         191.539    -990.035             184             184
    6         135.945    -716.271         135.775    -716.321               6               6
   78        1082.579    -435.112        1082.471    -435.294              78              78
   41         834.074     501.750         834.142     501.602              41              41
   42       -1101.284     328.695       -1101.273     328.782              42              42
   35         538.531     371.331         538.497     371.246              35              35
   30         627.949    1005.534         628.032    1005.472              30              30
  203         -22.833     773.745         -22.761     773.807             203             203
  115        -418.480     677.215        -418.472     677.390             115             115
   22        1380.658   -2092.079        1380.394   -2092.161              22              22
  165        -282.239    -559.185        -282.306    -559.196             165             165
  223         522.580    -345.308         522.510    -345.420             223             223
  183         235.043      55.615         235.020      55.524             183             183
  189         997.599     541.033         997.651     540.865             189             189
   51         709.621    1363.249         709.822    1363.181              51              51
  205         -33.636     269.200         -33.542     269.272             205             205
  123       -1015.430    -390.970       -1015.490    -390.826             123             123
  247         970.048     333.546         970.049     333.441             247             247
  248         711.511     671.532         711.630     671.513             248             248
  144         -92.343   -1124.957         -92.427   -1124.915             144             144
  196         667.872     159.976         667.962     159.866             196             196
   69        -658.588     460.565        -658.448     460.639              69              69
  242        -223.849     287.378        -223.732     287.421             242             242
  145       -2616.660     387.187       -2616.642     387.518             145             145
  254         560.899     689.729         560.883     689.717             254             254
    0        -489.972     446.651        -489.978     446.818              -0               0
  254         586.052    -792.848         585.888    -792.831             254             254
  250        1149.965    -106.770        1149.966    -106.845             250             250
   74         277.604   -1675.245         277.479   -1675.298              74              74
    3          92.158    1427.067          92.438    1427.039               3               3
  233       -1467.276    -150.009       -1467.236    -149.748             233             233
   17        -217.794    -554.194        -217.853    -554.124              17              17
  159        -110.245     298.423        -110.122     298.506             159             159
  137       -2854.792   -1695.393       -2854.999   -1695.000             137             137
  177       -1469.939    -775.446       -1470.212    -775.339             177             177
  215         709.352     401.530         709.254     401.376             215             215
  186         462.294    -256.460         462.233    -256.579             186             186
  122        -941.802    1347.351        -941.660    1347.446             122             122
  186        -612.041     655.564        -612.046     655.716             186             186
   52        -704.731    -490.240        -704.938    -490.100              52              52
   50         351.142     477.620         351.031     477.608              50              50
   47        1314.113    -126.481        1313.990    -126.605              47              47
   71        1351.193     349.733        1351.247     349.608              71              71
  102         304.610      95.944         304.704      95.981             102             102
   32       -1370.484     509.377       -1370.420     509.701              32              32
  155         -64.547   -1839.214         -64.898   -1839.101             155             155
  221        1386.283    -870.461        1386.153    -870.659             221             221
  243        -726.112    -235.396        -726.134    -235.322             243             243
   19        1005.790     499.008        1005.878     498.930              19              19
   51        -888.198   -1501.931        -888.346   -1501.767              51              51
   57        -666.770     155.464        -666.758     155.586              57              57
  232       -1313.634   -2351.283       -1314.051   -2351.139             232             232
  210         466.788     458.176         466.722     458.018             210             210
   70         791.351    -715.919         791.229    -716.072              70              70
   96        -557.157    -323.964        -557.209    -323.969              96              96
  226          50.256    -162.983          50.199    -163.085             226             226
  209         -60.253     487.117         -60.191     487.056             209             209
  132        -622.250    -187.970        -622.292    -187.950             132             132
    8        -519.314     560.253        -519.275     560.238               8               8
   47       -1062.418    1411.672       -1062.309    1411.825              47              47
  170        -428.580    -186.995        -428.749    -186.907             170             170
  169        -250.654     798.579        -250.701     798.621             169             169
   43         752.806     766.721         752.800     766.691              43              43
   14        -135.826     -78.280        -135.909     -78.173              14              14
  215         -49.995     294.994         -50.041     295.089             215             215
   10        -555.586    -402.491        -555.775    -402.322              10              10
   62          17.221     105.704          17.046     105.805              62              62
  208        1187.323   -1580.097        1186.950   -1580.223             208             208
  236         701.623    -355.150         701.518    -355.297             236             236
   19         158.939      50.460         158.917      50.414              19              19
  236       -1264.068     445.900       -1264.162     446.140             236             236
  140        1675.615   -1225.435        1675.250   -1225.662             140             140
  180         747.329      63.077         747.273      62.927             180             180
  182         424.144     142.558         424.089     142.501             182             182
   75        1268.754     442.111        1268.801     442.008              75              75
  168        -733.967   -1699.790        -734.270   -1699.633             168             168
  114         737.586    -931.566         737.332    -931.792             114             114
   26         678.048    1076.777         678.152    1076.616              26              26
  189         255.000    -372.644         254.874    -372.670             189             189
  178         982.187     147.244         982.158     147.092             178             178
   80         739.445    -316.385         739.416    -316.507              80              80
  114        -520.359     290.095        -520.334     290.157             114             114
   30         705.937    1307.154         706.106    1307.168              30              30
  112        -489.267   -1459.899        -489.530   -1459.659             112             112
  187        -207.664   -1550.590        -208.025   -1550.555             187             187
  148        1062.701    -664.622        1062.539    -664.853             148             148
  239        -877.844    -597.195        -877.999    -597.116             239             239
   67         641.403    -973.139         641.163    -973.371              67              67
  214        -994.282    1155.656        -994.188    1155.737             214             214
   48        -796.389    -307.940        -796.685    -307.780              48              48
   28        1837.727    -943.377        1837.433    -943.715              28              28
  204       -2007.936    -310.899       -2008.123    -310.681             204             204
   75       -1021.058     345.775       -1021.393     345.869              75              75
   54         -30.084    -262.879         -30.622    -262.924              54              54
  180         554.457    -117.742         553.889    -117.913             180             180
  183        -729.282     513.819        -730.012     513.900             183             183
  219        -572.109    -468.657        -573.944    -468.597             219             219
