SINAL     NFT                         FFT                         NFT INVERSA     FFT INVERSA
-----     -----------------------     -----------------------     -----------     -----------
  109       33553.000       0.000       33553.000       0.000             109             109
   95         561.265    -367.851         561.272    -367.851              95              95
   13         490.985    -294.996         490.992    -294.996              13              13
  243        -103.133   -1093.132        -103.127   -1093.131             243             243
  170         553.621    -535.251         553.627    -535.252             170             170
  106        -319.518    -633.921        -319.513    -633.921             106             106
  247        1466.391    -833.672        1466.396    -833.678             247             247
   50        -100.929      26.841        -100.917      26.839              50              50
  175       -1142.448     456.900       -1142.436     456.905             175             175
  212        -485.542   -1263.777        -485.542   -1263.776             212             212
   73        -136.366     322.246        -136.358     322.242              73              73
  244        -268.460     680.536        -268.448     680.536             244             244
  145        -827.021    -217.561        -827.019    -217.556             145             145
  246        1340.373    1055.152        1340.387    1055.143             246             246
  208        -882.290   -1491.117        -882.294   -1491.110             208             208
  242         282.075     505.572         282.084     505.565             242             242
   97        -124.775    -403.313        -124.772    -403.316              97              97
  106        -967.568    1223.175        -967.555    1223.183             106             106
  144        1336.259    -664.157        1336.249    -664.171             144             144
  255        1521.216     135.998        1521.226     135.975             255             255
   51         822.585     666.752         822.609     666.740              51              51
  182         995.655    -330.670         995.675    -330.686             182             182
   71       -1830.768     676.913       -1830.741     676.933              71              71
  242         -19.379     698.498         -19.364     698.498             242             242
    9         465.481     584.481         465.503     584.480               9               9
  208        -664.820    -160.737        -664.809    -160.720             208             208
  170        -218.519    -548.562        -218.519    -548.559             170             170
   89        -166.921    -423.187        -166.919    -423.194              89              89
   88        -205.195    1187.588        -205.166    1187.587              88              88
  193         333.631    -451.855         333.636    -451.862             193             193
   52       -1266.891     449.303       -1266.872     449.321              52              52
  247         622.041     297.896         622.057     297.877             247             247
   60       -1685.378    1480.793       -1685.339    1480.832              60              60
   60        -330.835      31.000        -330.843      31.022              60              60
   78         842.831   -1274.090         842.805   -1274.114              78              78
  116        -247.394    1210.482        -247.357    1210.474             116             116
  101        -102.173    1252.148        -102.139    1252.157             101             101
  196          91.290    -100.897          91.295    -100.888             196             196
  162         -28.593    -204.222         -28.586    -204.223             162             162
  191        -291.894    1230.641        -291.853    1230.650             191             191
  111        -384.028     227.357        -384.014     227.377             111             111
  196        -722.816    1077.586        -722.790    1077.623             196             196
  248         658.304    -132.008         658.302    -131.996             248             248
  158        -365.799   -1243.200        -365.823   -1243.176             158             158
  196         535.442   -1393.010         535.419   -1393.045             196             196
    8       -1619.346    1066.258       -1619.309    1066.278               8               8
  160         699.573    1556.510         699.621    1556.498             160             160
   19       -1000.777    -189.444       -1000.768    -189.398              19              19
  154       -1735.668     129.719       -1735.682     129.781             154             154
   72         645.748     150.326         645.726     150.317              72              72
  164         236.783    -586.791         236.753    -586.796             164             164
   80         213.063      68.862         213.056      68.847              80              80
  108         388.504     260.154         388.504     260.132             108             108
  157        1088.963     543.850        1088.986     543.805             157             157
  236         310.750    1227.054         310.814    1227.052             236             236
  175        -676.039     425.883        -676.014     425.927             175             175
  151         373.822     535.869         373.844     535.883             151             151
  113          11.702    -688.665          11.689    -688.649             113             113
   64        -422.553     762.502        -422.519     762.529              64              64
   20         142.456     343.756         142.475     343.784              20              20
  139        -872.899    -678.695        -872.929    -678.627             139             139
  212         550.895   -1792.499         550.821   -1792.527             212             212
  238        -932.163    1040.616        -932.133    1040.646             238             238
    1         537.950    -994.944         537.890    -994.957               1               1
  162         202.055   -1020.961         202.000   -1021.000             162             162
  181         417.048     620.765         417.061     620.702             181             181
   14         731.763    1965.173         731.836    1965.138              14              14
  119        1512.726     -32.630        1512.739     -32.683             119             119
  149         567.714    1386.905         567.820    1386.900             149             149
   20       -1377.421    -179.754       -1377.413    -179.659              20              20
  162         219.964    -220.016         219.935    -220.010             162             162
   40        1140.962      61.001        1140.969      60.962              40              40
  162         406.072    -560.840         406.073    -560.860             162             162
  249         171.119     652.243         171.177     652.234             249             249
   54        -104.349    -611.059        -104.355    -611.064              54              54
    8          13.980    1195.198          14.055    1195.185               8               8
  198         390.764     357.655         390.814     357.641             198             198
  186        -821.849     564.577        -821.791     564.613             186             186
  249        -532.490    1668.384        -532.399    1668.429             249             249
   59        -505.359     729.365        -505.327     729.436              59              59
   18         -66.594     651.798         -66.572     651.855              18              18
  130         643.002     112.195         643.019     112.218             130             130
  115       -1188.889     -79.726       -1188.899     -79.612             115             115
  176        1134.838    -680.823        1134.793    -680.855             176             176
  217         135.215     858.052         135.292     858.082             217             217
   82        -770.391   -1058.157        -770.432   -1058.080              82              82
  229        -894.356     620.186        -894.346     620.259             229             229
    0         512.585     -51.853         512.545     -51.835              -0              -0
  212        1225.805    -534.005        1225.780    -534.044             212             212
  160        -418.606     774.365        -418.549     774.435             160             160
   83         334.810    -995.583         334.742    -995.551              83              83
  191        1230.961     194.586        1230.992     194.559             191             191
   51         168.356   -1006.001         168.340   -1005.960              51              51
  119         288.612   -1497.511         288.578   -1497.530             119             119
  124       -1692.158    1447.449       -1692.054    1447.577             124             124
  130         693.100   -1401.227         693.011   -1401.205             130             130
   23        -682.583   -1335.222        -682.661   -1335.168              23              23
  235         -50.859    -835.281         -50.940    -835.301             235             235
  223        1635.056     869.331        1635.116     869.236             223             223
  239        1079.812    -861.433        1079.835    -861.470             239             239
  226        -672.196    -117.628        -672.114    -117.560             226             226
  168       -1346.280    -586.655       -1346.274    -586.521             168             168
   20        -675.997   -2135.311        -676.123   -2135.262              20              20
   21        -831.317    -958.727        -831.381    -958.723              21              21
   24        -226.125    -186.684        -226.145    -186.718              24              24
  195        -176.546     -25.062        -176.542     -25.084             195             195
   10        -615.278      -5.380        -615.278      -5.367              10              10
   19          22.603     765.017          22.663     765.021              19              19
   95       -1114.273   -1189.593       -1114.360   -1189.518              95              95
  156        -482.848     -11.475        -482.891     -11.488             156             156
   73         689.934    1025.767         689.989    1025.709              73              73
  175        -237.876      12.783        -237.867      12.827             175             175
   85        -432.930    -433.286        -432.973    -433.244              85              85
   65         502.048    -240.008         502.037    -240.050              65              65
  213       -1170.662    -306.732       -1170.686    -306.664             213             213
  227        -303.183     204.748        -303.218     204.749             227             227
  220         628.325     251.117         628.312     251.060             220             220
  217         747.856     298.405         747.898     298.343             217             217
  219        -457.922     853.100        -457.819     853.155             219             219
  108        -902.795     307.652        -902.762     307.775             108             108
   47       -1486.512    -505.771       -1486.606    -505.613              47              47
  104        -209.374     312.699        -209.458     312.763             104             104
  222        1361.067    -623.480        1360.945    -623.517             222             222
  141         525.676   -1430.421         525.519   -1430.427             141             141
  165        2563.042   -1022.064        2562.991   -1022.265             165             165
   38        -212.967   -1772.067        -213.013   -1772.088              38              38
  116       -1004.471    -972.556       -1004.520    -972.569             116             116
  178        -144.328    -112.343        -144.350    -112.429             178             178
   71         235.000       0.109         235.000       0.000              71              71
   83        -144.374     112.517        -144.350     112.430              83              83
  174       -1004.575     972.578       -1004.522     972.566             174             174
  133        -213.068    1772.110        -213.018    1772.088             133             133
  169        2562.933    1022.486        2562.989    1022.270             169             169
  166         525.344    1430.436         525.516    1430.429             166             166
  199        1360.809     623.562        1360.944     623.520             199             199
  250        -209.552    -312.835        -209.457    -312.764             250             250
  203       -1486.713     505.432       -1486.606     505.611             203             203
   13        -902.724    -307.920        -902.762    -307.777              13              13
  123        -457.698    -853.221        -457.819    -853.156             123             123
  105         747.949    -298.267         747.898    -298.341             105             105
  151         628.296    -250.989         628.311    -251.059             151             151
   55        -303.257    -204.752        -303.216    -204.750              55              55
   82       -1170.717     306.577       -1170.686     306.661              82              82
  207         502.023     240.104         502.036     240.052             207             207
    9        -433.029     433.189        -432.974     433.243               9               9
   90        -237.855     -12.884        -237.867     -12.827              90              90
  232         690.063   -1025.632         689.990   -1025.709             232             232
   61        -482.950      11.503        -482.892      11.487              61              61
  117       -1114.481    1189.413       -1114.362    1189.516             117             117
  162          22.748    -765.027          22.665    -765.021             162             162
   76        -615.276       5.348        -615.277       5.366              76              76
  247        -176.535      25.116        -176.542      25.084             247             247
   91        -226.173     186.766        -226.144     186.717              91              91
   11        -831.479     958.714        -831.383     958.721              11              11
  133        -676.321    2135.185        -676.128    2135.260             133             133
  105       -1346.267     586.313       -1346.276     586.519             105             105
   71        -671.985     117.452        -672.114     117.559              71              71
  235        1079.870     861.531        1079.834     861.473             235             235
  136        1635.215    -869.079        1635.119    -869.233             136             136
   85         -51.074     835.334         -50.942     835.301              85              85
  183        -682.791    1335.079        -682.662    1335.168             183             183
  134         692.854    1401.170         693.008    1401.206             134             134
    1       -1691.871   -1447.807       -1692.052   -1447.581               1               1
   92         288.513    1497.563         288.575    1497.530              92              92
   49         168.311    1005.884         168.339    1005.959              49              49
  107        1231.047    -194.508        1230.992    -194.557             107             107
   21         334.613     995.492         334.740     995.552              21              21
   95        -418.439    -774.569        -418.547    -774.436              95              95
  124        1225.732     534.121        1225.780     534.046             124             124
  184         512.468      51.801         512.545      51.836             184             184
   85        -894.324    -620.408        -894.345    -620.262              85              85
   95        -770.518    1057.921        -770.434    1058.077              95              95
  183         135.450    -858.147         135.293    -858.083             183             183
  229        1134.698     680.923        1134.792     680.856             229             229
  229       -1188.916      79.364       -1188.897      79.608             229             229
  104         643.056    -112.268         643.019    -112.217             104             104
  223         -66.523    -651.980         -66.572    -651.854             223             223
  190        -505.251    -729.601        -505.326    -729.439             190             190
   22        -532.184   -1668.535        -532.395   -1668.430              22              22
  161        -821.655    -564.701        -821.790    -564.616             161             161
  198         390.933    -357.608         390.815    -357.641             198             198
  205          14.243   -1195.153          14.058   -1195.185             205             205
  143        -104.369     611.076        -104.355     611.064             143             143
  130         171.327    -652.208         171.179    -652.232             130             130
  151         406.074     560.913         406.072     560.861             151             151
   30        1140.990     -60.855        1140.969     -60.959              30              30
   93         219.861     219.993         219.936     220.009              93              93
    5       -1377.388     179.396       -1377.412     179.656               5               5
  249         568.118   -1386.884         567.822   -1386.899             249             249
  202        1512.777      32.835        1512.738      32.686             202             202
  148         732.049   -1965.036         731.840   -1965.136             148             148
   99         417.096    -620.518         417.062    -620.701              99              99
  113         201.835    1021.116         202.000    1021.000             113             113
   61         537.697     994.998         537.887     994.958              61              61
   74        -932.030   -1040.746        -932.130   -1040.648              74              74
   89         550.574    1792.612         550.817    1792.526              89              89
   21        -873.030     678.399        -872.930     678.625              21              21
  115         142.538    -343.880         142.475    -343.784             115             115
  201        -422.400    -762.625        -422.517    -762.530             201             201
  118          11.641     688.595          11.687     688.648             118             118
   43         373.924    -535.930         373.844    -535.882              43              43
  111        -675.923    -426.095        -676.013    -425.930             111             111
  157         311.059   -1227.040         310.816   -1227.051             157             157
  178        1089.079    -543.632        1088.988    -543.804             178             178
  235         388.502    -260.048         388.504    -260.132             235             235
  128         213.027     -68.785         213.055     -68.846             128             128
  228         236.630     586.816         236.753     586.798             228             228
   92         645.631    -150.276         645.725    -150.316              92              92
   37       -1735.744    -130.053       -1735.682    -129.782              37              37
  195       -1000.732     189.182       -1000.769     189.395             195             195
  176         699.850   -1556.435         699.624   -1556.495             176             176
  103       -1619.128   -1066.386       -1619.307   -1066.283             103             103
  229         535.304    1393.209         535.417    1393.045             229             229
   35        -365.955    1243.053        -365.827    1243.175              35              35
  193         658.293     131.941         658.302     131.999             193             193
   77        -722.646   -1077.818        -722.787   -1077.624              77              77
  216        -383.937    -227.484        -384.014    -227.378             216             216
  247        -291.616   -1230.700        -291.850   -1230.651             247             247
   26         -28.553     204.236         -28.587     204.224              26              26
  168          91.325     100.835          91.296     100.889             168             168
  114        -101.923   -1252.216        -102.137   -1252.158             114             114
  224        -247.120   -1210.421        -247.355   -1210.475             224             224
  141         842.630    1274.276         842.802    1274.117             141             141
   12        -330.896     -31.166        -330.843     -31.022              12              12
    4       -1685.064   -1481.102       -1685.338   -1480.832               4               4
  163         622.179    -297.736         622.058    -297.876             163             163
   18       -1266.730    -449.457       -1266.871    -449.322              18              18
  244         333.684     451.919         333.636     451.862             244             244
  173        -204.915   -1187.585        -205.163   -1187.588             173             173
  169        -166.903     423.249        -166.920     423.193             169             169
   45        -218.522     548.524        -218.520     548.558              45              45
  104        -664.707     160.560        -664.809     160.719             104             104
  235         465.715    -584.461         465.503    -584.479             235             235
   77         -19.201    -698.502         -19.362    -698.498              77              77
    5       -1830.446    -677.159       -1830.739    -676.935               5               5
   69         995.894     330.873         995.675     330.687              69              69
  183         822.895    -666.588         822.609    -666.738             183             183
   55        1521.352    -135.668        1521.226    -135.971              55              55
   97        1336.109     664.378        1336.248     664.174              97              97
   48        -967.373   -1223.311        -967.553   -1223.185              48              48
  198        -124.734     403.369        -124.773     403.317             198             198
  154         282.244    -505.443         282.085    -505.564             154             154
  227        -882.389    1490.972        -882.297    1491.109             227             227
   34        1340.667   -1054.962        1340.390   -1055.140              34              34
  166        -826.987     217.452        -827.019     217.555             166             166
  151        -268.183    -680.542        -268.447    -680.536             151             151
  148        -136.143    -322.143        -136.356    -322.242             148             148
   25        -485.565    1263.748        -485.545    1263.777              25              25
  182       -1142.066    -457.085       -1142.436    -456.906             182             182
   93        -100.496     -26.766        -100.918     -26.838              93              93
   35        1466.613     833.987        1466.395     833.681              35              35
   94        -319.261     633.881        -319.514     633.920              94              94
  239         554.008     535.346         553.625     535.253             239             239
   99        -102.693    1093.061        -103.131    1093.130              99              99
  224         491.870     294.978         490.990     294.997             224             224
  187         562.985     367.839         561.271     367.852             187             187
