SINAL     NFT                         FFT                         NFT INVERSA     FFT INVERSA
-----     -----------------------     -----------------------     -----------     -----------
  171       31702.000       0.000       31702.000       0.000             171             171
  182       -1325.788   -1913.546       -1325.782   -1913.546             182             182
   12        -172.092     312.925        -172.085     312.925              12              12
   72       -2064.099    -693.832       -2064.094    -693.829              72              72
  242        -125.963    -269.914        -125.961    -269.914             242             242
  107         815.803     576.901         815.809     576.899             107             107
   93         434.022      80.296         434.029      80.297              93              93
   87       -1310.349     385.957       -1310.342     385.966              87              87
  205          33.764   -1214.037          33.759   -1214.034             205             205
  188        1502.601   -1068.258        1502.601   -1068.265             188             188
   69        -325.421    -215.302        -325.415    -215.301              69              69
   38         323.815     270.813         323.822     270.812              38              38
   68        -280.110    -389.834        -280.108    -389.831              68              68
   13         729.354     532.904         729.364     532.901              13              13
   97          33.560    -639.519          33.565    -639.517              97              97
  245       -1223.851    1122.010       -1223.836    1122.025             245             245
   38        1558.133    -989.350        1558.129    -989.356              38              38
   25        -655.086    -937.904        -655.083    -937.893              25              25
  246        -589.407    -998.521        -589.412    -998.517             246             246
  147         -86.029    -254.287         -86.024    -254.292             147             147
  156       -1054.872     780.011       -1054.857     780.024             156             156
   86        -549.850     -96.581        -549.851     -96.567              86              86
    5       -1168.587    -992.191       -1168.608    -992.173               5               5
  240         922.886       1.002         922.878       0.989             240             240
   27         315.254   -1350.172         315.231   -1350.184              27              27
   99         868.726     371.123         868.734     371.096              99              99
  153        -460.698     840.132        -460.685     840.133             153             153
  131        1002.981     962.470        1002.994     962.457             131             131
   21         398.750     356.398         398.762     356.402              21              21
  181         151.529     -42.987         151.531     -42.979             181             181
  184         705.649   -1083.563         705.633   -1083.576             184             184
  109        1429.789    1048.694        1429.832    1048.662             109             109
  241       -2209.510     915.068       -2209.478     915.128             241             241
   93         -63.843    -174.526         -63.860    -174.503              93              93
  155         697.071    -893.216         697.046    -893.217             155             155
  170         711.756    -792.770         711.742    -792.781             170             170
  219         296.474    -974.240         296.460    -974.254             219             219
  219         166.360     420.436         166.379     420.422             219             219
  155          15.567     591.853          15.589     591.857             155             155
    2         264.063     250.516         264.078     250.523               2               2
  193        -417.242    -697.399        -417.252    -697.376             193             193
   89        -851.804    -878.923        -851.839    -878.905              89              89
   53        1809.640     633.361        1809.654     633.313              53              53
  211        -188.141   -1060.529        -188.155   -1060.523             211             211
  106         129.196     173.773         129.211     173.764             106             106
  187        -551.822    -963.563        -551.844    -963.562             187             187
  247        -113.291     854.970        -113.268     854.957             247             247
  222        -505.334     164.481        -505.338     164.488             222             222
   46         560.186    1007.792         560.210    1007.773              46              46
  137        -643.380     364.869        -643.378     364.897             137             137
  165        -149.687     689.896        -149.696     689.916             165             165
   44        1310.744      43.801        1310.719      43.782              44              44
  222        1264.637   -1348.630        1264.589   -1348.671             222             222
  137         108.358     155.025         108.355     154.997             137             137
  131        1640.568    1571.503        1640.614    1571.443             131             131
  152        1527.559     986.875        1527.613     986.849             152             152
  189         -46.805     -69.185         -46.793     -69.149             189             189
   45        2022.997    -773.109        2022.995    -773.169              45              45
   38        -619.622     356.795        -619.576     356.823              38              38
  248         392.044      57.458         392.056      57.457             248             248
  206         735.011      -0.384         735.034      -0.394             206             206
  216        -378.573    -892.990        -378.586    -892.975             216             216
   76        -172.884     613.181        -172.863     613.179              76              76
  119        1059.140     479.847        1059.164     479.814             119             119
  153         400.977      79.006         401.000      79.000             153             153
  233         -42.241     347.782         -42.220     347.792             233             233
  200        1127.868     341.749        1127.888     341.711             200             200
   90        1751.203     835.687        1751.287     835.628              90              90
  113        -956.075    1502.404        -955.961    1502.501             113             113
   45         369.128    -659.348         369.121    -659.294              45              45
  156         199.583    -517.663         199.593    -517.616             156             156
    2        -244.360   -1694.120        -244.410   -1694.076               2               2
    8         331.812   -1331.062         331.774   -1331.088               8               8
  177         893.883     465.243         893.959     465.196             177             177
  113       -1110.138    -472.285       -1110.099    -472.217             113             113
   87       -1881.656    -954.151       -1881.696    -954.072              87              87
  153         170.653     901.356         170.679     901.340             153             153
  140         697.709     556.952         697.756     556.954             140             140
  168        -886.155    -930.859        -886.179    -930.778             168             168
   21        -388.013    -748.453        -388.053    -748.419              21              21
  232         255.182   -1618.961         255.101   -1619.004             232             232
  162         -75.802    1097.815         -75.732    1097.780             162             162
   17        -297.416    1160.894        -297.349    1160.931              17              17
   93         234.590    -429.771         234.574    -429.751              93              93
  193         118.235     -27.632         118.260     -27.621             193             193
  186       -1393.248    -244.083       -1393.263    -243.996             186             186
  197         521.138     575.455         521.150     575.446             197             197
   41        -444.924     461.634        -444.921     461.714              41              41
   77        1765.921    -904.349        1765.867    -904.392              77              77
   82        1107.195    -596.950        1107.232    -596.974              82              82
  254       -1424.489    -544.630       -1424.458    -544.494             254             254
  121       -1110.156   -2458.699       -1110.294   -2458.611             121             121
   97        -740.977   -1905.398        -741.118   -1905.399              97              97
  187         692.069   -1079.717         691.987   -1079.845             187             187
  208         -54.354     821.206         -54.302     821.134             208             208
  146         361.541    1129.979         361.618    1129.947             146             146
  186        -502.484    -630.901        -502.522    -630.871             186             186
  204         460.999      35.790         460.996      35.728             204             204
  225         271.005    1219.838         271.101    1219.825             225             225
  152        -493.953    -928.536        -494.007    -928.498             152             152
  240         616.055     445.397         616.092     445.337             240             240
   14        -604.022     832.577        -603.963     832.635              14              14
  173         796.229    -122.317         796.226    -122.326             173             173
   18        -248.828   -1258.833        -248.893   -1258.811              18              18
  195         742.788    -154.382         742.807    -154.465             195             195
   13        -202.160     829.642        -202.046     829.662              13              13
   46       -1293.853   -1456.868       -1293.929   -1456.791              46              46
   86        -597.591     559.575        -597.573     559.570              86              86
  175         253.424     773.564         253.467     773.544             175             175
  145        -394.467     -96.765        -394.475     -96.726             145             145
  255         -36.534    -429.911         -36.575    -429.933             255             255
  137         263.432    1004.529         263.515    1004.485             137             137
  166       -1441.503    1283.722       -1441.440    1283.865             166             166
  198        1531.980    -234.243        1531.936    -234.290             198             198
  147        -394.041    -477.218        -394.061    -477.142             147             147
  201          93.541   -1591.796          93.417   -1591.810             201             201
  242         -73.009    -346.353         -73.047    -346.405             242             242
  108         286.550    -248.629         286.513    -248.726             108             108
   77         940.682    1475.935         940.805    1475.810              77              77
  117         213.188     622.514         213.279     622.476             117             117
   50        -429.567    1998.705        -429.390    1998.764              50              50
  194         506.684     131.997         506.719     132.017             194             194
  199        -729.940     808.265        -729.856     808.383             199             199
  213         564.526    -624.989         564.499    -624.983             213             213
    8       -1007.536     219.474       -1007.503     219.573               8               8
  134         423.435     546.829         423.483     546.844             134             134
   71        -314.424   -1041.952        -314.479   -1041.913              71              71
  188        -523.136    1642.336        -522.988    1642.404             188             188
   66        -448.000      -0.137        -448.000       0.000              66              66
  126        -522.834   -1642.477        -522.985   -1642.406             126             126
  147        -314.539    1041.872        -314.481    1041.912             147             147
  237         423.535    -546.857         423.485    -546.842             237             237
  203       -1007.465    -219.681       -1007.502    -219.575             203             203
  231         564.469     624.979         564.498     624.985             231             231
  218        -729.763    -808.515        -729.855    -808.385             218             218
  110         506.760    -132.038         506.720    -132.016             110             110
  101        -429.186   -1998.832        -429.388   -1998.764             101             101
   10         213.383    -622.434         213.279    -622.476              10              10
  229         940.954   -1475.661         940.809   -1475.808             229             229
  124         286.468     248.845         286.512     248.728             124             124
  192         -73.093     346.466         -73.047     346.404             192             192
  128          93.260    1591.826          93.413    1591.809             128             128
   39        -394.088     477.047        -394.063     477.142              39              39
  243        1531.879     234.354        1531.935     234.293             243             243
   94       -1441.358   -1284.053       -1441.439   -1283.867              94              94
  224         263.625   -1004.427         263.515   -1004.484             224             224
  121         -36.632     429.962         -36.576     429.933             121             121
   49        -394.488      96.674        -394.476      96.726              49              49
  173         253.529    -773.515         253.469    -773.543             173             173
  166        -597.547    -559.562        -597.572    -559.570             166             166
   66       -1294.040    1456.679       -1293.932    1456.788              66              66
   54        -201.880    -829.691        -202.044    -829.663              54              54
  116         742.834     154.588         742.807     154.467             116             116
   98        -248.994    1258.779        -248.897    1258.811              98              98
   68         796.223     122.341         796.227     122.327              68              68
   71        -603.870    -832.724        -603.961    -832.635              71              71
   99         616.151    -445.241         616.093    -445.335              99              99
  128        -494.095     928.436        -494.009     928.497             128             128
  151         271.257   -1219.805         271.103   -1219.825             151             151
   19         460.994     -35.626         460.998     -35.728              19              19
   14        -502.585     630.823        -502.522     630.872              14              14
  243         361.754   -1129.890         361.621   -1129.946             243             243
    4         -54.210    -821.011         -54.301    -821.134               4               4
  183         691.837    1080.074         691.984    1079.848             183             183
  211        -741.377    1905.400        -741.122    1905.398             211             211
  158       -1110.553    2458.446       -1110.299    2458.608             158             158
  100       -1424.401     544.239       -1424.459     544.491             100             100
  125        1107.301     597.023        1107.231     596.976             125             125
    9        1765.761     904.481        1765.866     904.395               9               9
   10        -444.913    -461.871        -444.920    -461.715              10              10
   95         521.176    -575.427         521.152    -575.445              95              95
  149       -1393.294     243.816       -1393.263     243.992             149             149
  208         118.312      27.598         118.260      27.620             208             208
   74         234.541     429.709         234.574     429.750              74              74
   59        -297.204   -1161.010        -297.347   -1160.931              59              59
  247         -75.577   -1097.706         -75.729   -1097.781             247             247
   65         254.920    1619.099         255.100    1619.004              65              65
   81        -388.148     748.342        -388.056     748.419              81              81
    2        -886.236     930.590        -886.180     930.776               2               2
  204         697.867    -556.957         697.758    -556.952             204             204
  102         170.743    -901.303         170.680    -901.340             102             102
   38       -1881.794     953.874       -1881.697     954.067              38              38
  201       -1110.000     472.046       -1110.098     472.214             201             201
   20         894.153    -465.077         893.961    -465.194              20              20
   22         331.673    1331.153         331.772    1331.088              22              22
   11        -244.545    1693.957        -244.413    1694.074              11              11
    3         199.619     517.491         199.593     517.616               3               3
  126         369.103     659.148         369.120     659.294             126             126
   20        -955.642   -1502.772        -955.958   -1502.502              20              20
  232        1751.529    -835.459        1751.290    -835.625             232             232
  147        1127.945    -341.599        1127.889    -341.709             147             147
    8         -42.157    -347.824         -42.218    -347.792               8               8
  119         401.069     -78.983         401.000     -79.000             119             119
  104        1059.238    -479.709        1059.165    -479.812             104             104
   11        -172.789    -613.177        -172.861    -613.180              11              11
  220        -378.634     892.926        -378.588     892.974             220             220
  161         735.112       0.432         735.035       0.396             161             161
   69         392.101     -57.456         392.058     -57.458              69              69
  229        -619.414    -356.924        -619.574    -356.825             229             229
  241        2022.984     773.386        2022.993     773.173             241             241
   42         -46.753      69.023         -46.794      69.149              42              42
  159        1527.816    -986.747        1527.615    -986.847             159             159
  212        1640.791   -1571.208        1640.616   -1571.439             212             212
  185         108.344    -154.888         108.354    -154.997             185             185
  159        1264.395    1348.837        1264.587    1348.673             159             159
  108        1310.617     -43.702        1310.718     -43.780             108             108
  244        -149.731    -689.996        -149.695    -689.915             244             244
  202        -643.370    -365.018        -643.378    -364.898             202             202
   21         560.315   -1007.689         560.211   -1007.773              21              21
  110        -505.359    -164.521        -505.339    -164.489             110             110
   41        -113.158    -854.894        -113.266    -854.956              41              41
    4        -551.954     963.550        -551.847     963.561               4               4
  237         129.285    -173.718         129.211    -173.763             237             237
  209        -188.227    1060.490        -188.157    1060.522             209             209
  206        1809.729    -633.062        1809.656    -633.309             206             206
  169        -852.029     878.804        -851.841     878.902             169             169
    2        -417.310     697.251        -417.253     697.375               2               2
  140         264.163    -250.565         264.079    -250.525             140             140
   63          15.712    -591.871          15.589    -591.855              63              63
    2         166.489    -420.337         166.379    -420.422               2               2
    8         296.371     974.344         296.457     974.255               8               8
  249         711.652     792.855         711.740     792.782             249             249
    3         696.876     893.224         697.043     893.219               3               3
  117         -63.968     174.347         -63.859     174.503             117             117
   84       -2209.254    -915.553       -2209.478    -915.129              84              84
   73        1430.145   -1048.423        1429.833   -1048.660              73              73
  112         705.495    1083.689         705.630    1083.578             112             112
  159         151.547      42.911         151.531      42.978             159             159
  237         398.858    -356.426         398.762    -356.402             237             237
   83        1003.125    -962.337        1002.997    -962.455              83              83
   29        -460.559    -840.149        -460.683    -840.134              29              29
   52         868.809    -370.838         868.734    -371.094              52              52
  213         314.997    1350.291         315.229    1350.183             213             213
   39         922.777      -0.847         922.876      -0.987              39              39
  173       -1168.852     991.972       -1168.612     992.172             173             173
  102        -549.868      96.402        -549.852      96.566             102             102
  175       -1054.679    -780.187       -1054.856    -780.026             175             175
  214         -85.978     254.351         -86.026     254.292             214             214
   74        -589.481     998.450        -589.414     998.516              74              74
   68        -655.058     937.741        -655.085     937.892              68              68
   85        1558.059     989.458        1558.129     989.358              85              85
   46       -1223.601   -1122.310       -1223.835   -1122.029              46              46
   12          33.636     639.486          33.564     639.517              12              12
  165         729.565    -532.827         729.365    -532.900             165             165
    4        -280.064     389.768        -280.109     389.831               4               4
  148         323.998    -270.774         323.823    -270.811             148             148
   91        -325.273     215.282        -325.415     215.300              91              91
  159        1502.559    1068.500        1502.598    1068.269             159             159
   99          33.599    1213.906          33.758    1214.032              99              99
   52       -1310.100    -386.331       -1310.342    -385.970              52              52
   35         434.327     -80.320         434.029     -80.296              35              35
  206         816.124    -576.805         815.809    -576.897             206             206
   35        -125.799     269.892        -125.961     269.914              35              35
   11       -2063.748     693.425       -2064.097     693.823              11              11
   43        -171.211    -312.990        -172.085    -312.926              43              43
  107       -1324.425    1913.205       -1325.786    1913.542             107             107
