SINAL     NFT                         FFT                         NFT INVERSA     FFT INVERSA
-----     -----------------------     -----------------------     -----------     -----------
   42       32334.000       0.000       32334.000       0.000              42              42
   51         338.381   -1279.045         338.387   -1279.045              51              51
    3       -1205.988     315.772       -1205.981     315.774               3               3
  248          42.665   -1751.671          42.669   -1751.671             248             248
  187        -452.919    -225.114        -452.914    -225.114             187             187
  107        -134.755    -373.516        -134.752    -373.516             107             107
  223        1869.982    -856.504        1869.985    -856.513             223             223
  250         733.999     -59.682         734.007     -59.688             250             250
   65         335.250     467.732         335.260     467.729              65              65
  156        1007.010      58.314        1007.020      58.309             156             156
  164        -583.152    -796.619        -583.149    -796.616             164             164
   33        1433.971   -1131.766        1433.973   -1131.782              33              33
   86        -178.603    1033.386        -178.582    1033.381              86              86
  216        -375.911     453.699        -375.898     453.701             216             216
   83         574.466    -507.257         574.472    -507.265              83              83
   90         261.162     -41.942         261.177     -41.953              90              90
  186       -2223.401    2185.969       -2223.370    2185.993             186             186
   36         678.385   -1310.149         678.372   -1310.149              36              36
  227         243.522   -1381.699         243.514   -1381.710             227             227
   40         832.454    -389.088         832.463    -389.113              40              40
  178        -979.334     724.628        -979.312     724.624             178             178
   20         902.916    1302.505         902.946    1302.484              20              20
  149       -1353.635     651.747       -1353.613     651.759             149             149
  201         297.114    1422.834         297.141    1422.828             201             201
   99         117.094    1058.462         117.126    1058.471              99              99
  188        -293.056   -1608.553        -293.059   -1608.549             188             188
  123       -2102.805    1163.857       -2102.775    1163.883             123             123
  121        -699.051    -501.435        -699.061    -501.429             121             121
   96        -484.012     471.959        -484.005     471.952              96              96
  165         -67.414    1917.196         -67.382    1917.193             165             165
  144         714.100     631.300         714.122     631.294             144             144
  113       -1393.383     694.162       -1393.364     694.197             113             113
  208         124.162     147.952         124.162     147.963             208             208
  251        -192.805    -554.558        -192.818    -554.543             251             251
  232         697.769   -1953.717         697.733   -1953.748             232             232
  212       -1089.951    1034.508       -1089.926    1034.504             212             212
   22         585.015    1084.376         585.034    1084.350              22              22
   49         712.751    1178.282         712.785    1178.264              49              49
   32         586.170     864.461         586.209     864.455              32              32
  170        -113.376      56.459        -113.347      56.466             170             170
  165       -1568.801    1118.819       -1568.761    1118.872             165             165
  177        -280.053   -1268.768        -280.092   -1268.757             177             177
  123          46.917    1170.431          46.947    1170.425             123             123
  246          64.477      33.647          64.479      33.654             246             246
  168         284.434    -232.706         284.433    -232.716             168             168
   97          15.884     737.855          15.913     737.853              97              97
  162         328.770    -296.709         328.772    -296.721             162             162
   85         526.788     819.549         526.838     819.532              85              85
  223       -1189.561    -574.505       -1189.559    -574.473             223             223
   86        -227.153     774.853        -227.124     774.849              86              86
   74        -572.476    -270.235        -572.482    -270.233              74              74
   86           6.046    1716.486           6.100    1716.472              86              86
   56         -22.719     914.129         -22.686     914.139              56              56
  203         247.020     721.657         247.050     721.660             203             203
  234         602.675     537.085         602.717     537.080             234             234
  170        -733.205     -26.272        -733.177     -26.240             170             170
  131       -1222.341     400.751       -1222.323     400.788             131             131
  148         277.468    1978.062         277.539    1978.070             148             148
  141        -136.965     -26.062        -136.950     -26.022             141             141
   77        -832.966      74.606        -832.953      74.656              77              77
  149        -462.846     659.215        -462.820     659.259             149             149
  206        -423.862    -568.932        -423.885    -568.893             206             206
  123        -319.549    -286.616        -319.564    -286.600             123             123
  233          64.753     112.785          64.763     112.776             233             233
   57        -746.055    1261.955        -746.000    1262.000              57              57
    0         -94.143    -410.909         -94.160    -410.886              -0               0
   70       -1127.517     675.765       -1127.501     675.827              70              70
  130         666.568     -31.825         666.559     -31.833             130             130
    9       -1375.636    -179.400       -1375.655    -179.333               9               9
   52         538.521     700.999         538.531     700.985              52              52
  191        -559.269     594.196        -559.254     594.256             191             191
   74        -238.737    -922.225        -238.809    -922.192              74              74
  211         482.921    -266.309         482.879    -266.342             211             211
  109        1018.317     754.427        1018.351     754.374             109             109
  133          67.041     394.280          67.078     394.279             133             133
  201       -1069.992    1413.091       -1069.935    1413.164             201             201
  221         109.594     722.256         109.589     722.304             221             221
  249        1268.077    -267.638        1268.049    -267.653             249             249
  127         153.884    -101.941         153.882    -101.922             127             127
   21         656.995    1060.850         657.053    1060.867              21              21
  197        -455.054    -425.078        -455.088    -424.980             197             197
    7        1930.483   -1259.823        1930.422   -1259.881               7               7
   62          22.266    -439.243          22.281    -439.223              62              62
   94         126.670    -344.699         126.673    -344.679              94              94
  244         138.486   -1032.333         138.447   -1032.332             244             244
  251         884.149     793.222         884.233     793.197             251             251
   84        -619.932   -1137.470        -619.938   -1137.399              84              84
  248       -1628.009    -355.899       -1628.025    -355.790             248             248
  194         208.577    -579.671         208.520    -579.654             194             194
   84         358.839   -1425.017         358.756   -1425.029              84              84
  230         285.663   -1042.147         285.615   -1042.192             230             230
    9         555.104      89.223         555.150      89.164               9               9
  195       -1302.403     -19.389       -1302.374     -19.312             195             195
  214        -997.315    -683.770        -997.385    -683.711             214             214
  213         742.005   -1173.750         741.910   -1173.837             213             213
  252          54.194     832.210          54.240     832.159             252             252
  129         887.773     760.016         887.837     759.963             129             129
  137        -255.296    -456.632        -255.290    -456.615             137             137
   88        -569.142     519.227        -569.094     519.254              88              88
  183        -953.087     697.042        -953.072     697.129             183             183
    6        1182.344    -727.821        1182.275    -727.874               6               6
   83          59.529     200.106          59.553     200.112              83              83
  114         383.953    -103.932         383.952    -103.926             114             114
   82         871.607    -843.441         871.593    -843.474              82              82
  197       -1198.796   -1687.004       -1198.889   -1686.964             197             197
   93         796.948    1175.658         797.025    1175.571              93              93
  137         763.963   -1039.336         763.950   -1039.400             137             137
  251        -961.194     247.211        -961.115     247.239             251             251
  193       -1692.367    -306.364       -1692.405    -306.283             193             193
   34         837.716     -13.438         837.685     -13.567              34              34
  129          52.669    1921.912          52.816    1921.872             129             129
   93          16.187    1442.949          16.300    1442.995              93              93
  127        -167.949    -452.574        -167.983    -452.513             127             127
   99         419.127     353.978         419.150     353.974              99              99
  240         673.548    -581.026         673.527    -581.058             240             240
  144         749.943    -447.435         749.969    -447.528             144             144
   11         -12.547    2288.640         -12.292    2288.664              11              11
   47        -906.819    -916.200        -906.831    -916.070              47              47
   64         328.563     370.691         328.659     370.704              64              64
  232       -1648.285   -1056.203       -1648.300   -1056.050             232             232
  231       -1081.779    -606.367       -1081.812    -606.309             231             231
  137       -1039.832     734.109       -1039.783     734.181             137             137
  175        -683.890    -549.864        -683.960    -549.809             175             175
  219        -171.583     103.236        -171.596     103.219             219             219
  125        -200.840    1302.506        -200.739    1302.537             125             125
   66        -604.502    -225.880        -604.531    -225.784              66              66
  211         184.150    -275.802         184.125    -275.797             211             211
   20        -971.248      16.428        -971.262      16.516              20              20
   13         854.000       0.059         854.000       0.000              13              13
   84        -971.277     -16.610        -971.262     -16.519              84              84
  100         184.100     275.795         184.125     275.799             100             100
   26        -604.564     225.681        -604.532     225.783              26              26
   43        -200.629   -1302.571        -200.737   -1302.538              43              43
   61        -171.609    -103.201        -171.596    -103.219              61              61
  245        -684.038     549.747        -683.961     549.808             245             245
  117       -1039.727    -734.265       -1039.781    -734.184             117             117
  254       -1081.852     606.242       -1081.813     606.309             254             254
   61       -1648.321    1055.866       -1648.302    1056.045              61              61
  179         328.773    -370.718         328.660    -370.703             179             179
  149        -906.846     915.911        -906.831     916.067             149             149
    8         -11.979   -2288.693         -12.288   -2288.664               8               8
  109         749.999     447.642         749.968     447.528             109             109
   23         673.499     581.098         673.526     581.059              23              23
  128         419.182    -353.971         419.153    -353.974             128             128
  122        -168.026     452.437        -167.983     452.515             122             122
  208          16.452   -1443.056          16.303   -1442.996             208             208
  222          53.017   -1921.818          52.820   -1921.871             222             222
   39         837.644      13.742         837.685      13.568              39              39
    6       -1692.457     306.169       -1692.405     306.281               6               6
   30        -961.003    -247.282        -961.114    -247.242              30              30
   43         763.928    1039.495         763.948    1039.403              43              43
   80         797.141   -1175.443         797.029   -1175.568              80              80
  184       -1199.027    1686.903       -1198.891    1686.963             184             184
   41         871.568     843.527         871.590     843.476              41              41
   65         383.951     103.921         383.952     103.928              65              65
    1          59.590    -200.121          59.553    -200.112               1               1
  219        1182.167     727.960        1182.274     727.877             219             219
   48        -953.045    -697.271        -953.070    -697.131              48              48
  173        -569.015    -519.297        -569.093    -519.254             173             173
   22        -255.278     456.589        -255.289     456.616              22              22
   80         887.945    -759.873         887.838    -759.963              80              80
   21          54.322    -832.072          54.241    -832.159              21              21
   96         741.739    1173.992         741.907    1173.839              96              96
  103        -997.508     683.604        -997.385     683.709             103             103
  124       -1302.322      19.172       -1302.374      19.310             124             124
  210         555.234     -89.056         555.151     -89.163             210             210
   96         285.524    1042.275         285.613    1042.192              96              96
  228         358.596    1425.051         358.754    1425.030             228             228
   86         208.409     579.622         208.519     579.655              86              86
  237       -1628.058     355.570       -1628.026     355.785             237             237
  132        -619.955    1137.256        -619.941    1137.398             132             132
  226         884.406    -793.146         884.237    -793.197             226             226
  117         138.366    1032.330         138.445    1032.333             117             117
   22         126.681     344.636         126.673     344.679              22              22
  250          22.311     439.181          22.280     439.222             250             250
  146        1930.287    1260.010        1930.420    1259.884             146             146
   23        -455.164     424.766        -455.089     424.980              23              23
  111         657.188   -1060.903         657.055   -1060.866             111             111
   59         153.876     101.876         153.882     101.922              59              59
   51        1267.983     267.689        1268.048     267.654              51              51
   97         109.580    -722.417         109.590    -722.304              97              97
  114       -1069.790   -1413.343       -1069.931   -1413.166             114             114
  101          67.171    -394.278          67.079    -394.280             101             101
  247        1018.436    -754.237        1018.352    -754.371             247             247
  140         482.773     266.426         482.879     266.342             140             140
  172        -238.999     922.104        -238.811     922.191             172             172
  206        -559.213    -594.415        -559.253    -594.257             206             206
  165         538.560    -700.945         538.532    -700.984             165             165
  199       -1375.707     179.143       -1375.655     179.330             199             199
  183         666.534      31.855         666.559      31.835             183             183
  205       -1127.453    -676.008       -1127.500    -675.829             205             205
  109         -94.212     410.816         -94.162     410.885             109             109
   14        -745.834   -1262.135        -746.000   -1262.000              14              14
  169          64.788    -112.748          64.762    -112.776             169             169
   59        -319.613     286.548        -319.564     286.600              59              59
   79        -423.964     568.759        -423.887     568.890              79              79
  143        -462.734    -659.404        -462.819    -659.259             143             143
   35        -832.908     -74.828        -832.952     -74.659              35              35
   16        -136.898      25.882        -136.950      26.022              16              16
   68         277.796   -1978.095         277.543   -1978.069              68              68
  231       -1222.256    -400.925       -1222.322    -400.790             231             231
   16        -733.072      26.114        -733.176      26.237              16              16
  255         602.878    -537.058         602.718    -537.079             255             255
  164         247.171    -721.677         247.052    -721.661             164             164
  142         -22.553    -914.177         -22.684    -914.139             142             142
  151           6.330   -1716.419           6.104   -1716.473             151             151
   40        -572.509     270.223        -572.482     270.232              40              40
  225        -226.995    -774.835        -227.122    -774.849             225             225
   43       -1189.552     574.331       -1189.560     574.472              43              43
   16         527.063    -819.456         526.839    -819.532              16              16
  212         328.777     296.775         328.771     296.721             212             212
  167          16.051    -737.845          15.914    -737.853             167             167
  102         284.427     232.772         284.433     232.717             102             102
  196          64.490     -33.682          64.480     -33.653             196             196
  207          47.102   -1170.392          46.949   -1170.424             207             207
   87        -280.299    1268.702        -280.095    1268.758              87              87
  251       -1568.541   -1119.161       -1568.759   -1118.874             251             251
   71        -113.190     -56.514        -113.348     -56.468              71              71
  194         586.442    -864.418         586.211    -864.453             194             194
  203         712.996   -1178.153         712.788   -1178.263             203             203
  202         585.156   -1084.190         585.036   -1084.349             202             202
  189       -1089.759   -1034.482       -1089.923   -1034.505             189             189
  104         697.493    1953.951         697.729    1953.750             104             104
   17        -192.904     554.442        -192.818     554.543              17              17
   13         124.162    -148.039         124.162    -147.963              13              13
   58       -1393.214    -694.476       -1393.362    -694.201              58              58
   39         714.284    -631.247         714.122    -631.294              39              39
  214         -67.113   -1917.169         -67.377   -1917.192             214             214
  197        -483.953    -471.895        -484.005    -471.952             197             197
  166        -699.149     501.373        -699.061     501.429             166             166
   41       -2102.495   -1164.130       -2102.773   -1163.887              41              41
  175        -293.102    1608.509        -293.062    1608.548             175             175
  137         117.441   -1058.551         117.127   -1058.469             137             137
   77         297.442   -1422.762         297.146   -1422.828              77              77
  164       -1353.370    -651.899       -1353.612    -651.761             164             164
  102         903.300   -1302.230         902.950   -1302.480             102             102
   60        -979.054    -724.572        -979.311    -724.624              60              60
   36         832.574     389.454         832.463     389.117              36              36
    4         243.400    1381.850         243.513    1381.710               4               4
   43         678.190    1310.164         678.370    1310.151              43              43
  126       -2222.901   -2186.360       -2223.368   -2185.995             126             126
   88         261.437      42.132         261.178      41.953              88              88
  175         574.571     507.412         574.471     507.266             175             175
   35        -375.646    -453.732        -375.897    -453.702              35              35
   81        -178.150   -1033.262        -178.580   -1033.380              81              81
   99        1433.998    1132.165        1433.971    1131.786              99              99
   97        -583.071     796.544        -583.150     796.615              97              97
   14        1007.287     -58.149        1007.019     -58.306              14              14
   36         335.575    -467.614         335.260    -467.727              36              36
  135         734.281      59.926         734.007      59.690             135             135
  109        1870.041     856.899        1869.982     856.517             109             109
  207        -134.639     373.528        -134.754     373.516             207             207
   23        -452.610     225.109        -452.914     225.115              23              23
  207          42.874    1751.657          42.664    1751.671             207             207
  254       -1205.077    -316.033       -1205.980    -315.777             254             254
  236         339.935    1279.027         338.385    1279.045             236             236
