SINAL     NFT                         FFT                         NFT INVERSA     FFT INVERSA
-----     -----------------------     -----------------------     -----------     -----------
   13       33213.000       0.000       33213.000       0.000              13              13
  220         494.958    -639.348         494.965    -639.348             220             220
  132         254.926    -813.783         254.933    -813.784             132             132
   95       -1074.340     301.745       -1074.331     301.744              95              95
  107       -1245.152    1005.435       -1245.144    1005.436             107             107
   32         453.679     927.669         453.687     927.665              32              32
   89        -385.033    1195.702        -385.023    1195.702              89              89
   21        -817.716    1388.324        -817.707    1388.327              21              21
    5         386.742     839.810         386.748     839.810               5               5
   37         790.169     425.962         790.174     425.960              37              37
  133        1494.712     921.058        1494.724     921.052             133             133
  162         770.632     134.645         770.646     134.643             162             162
   67       -1141.420     733.248       -1141.405     733.262              67              67
   49        -180.214   -1098.844        -180.219   -1098.840              49              49
  222         565.331     414.317         565.339     414.312             222             222
    7         -45.400    -444.827         -45.399    -444.828               7               7
   59         769.591     710.748         769.603     710.738              59              59
  136          82.597     548.298          82.609     548.299             136             136
  160         496.612      69.402         496.617      69.398             160             160
   91        1568.915     171.398        1568.928     171.379              91              91
  157         737.318    1183.569         737.354    1183.565             157             157
  119       -1422.178    -836.879       -1422.177    -836.856             119             119
  192        1263.671     184.854        1263.680     184.832             192             192
  245         507.047    1491.010         507.087    1491.005             245             245
  148        -110.721     458.840        -110.692     458.853             148             148
  176       -1072.636     522.886       -1072.617     522.917             176             176
  176         994.942    -332.163         994.948    -332.164             176             176
   97         350.919    -498.570         350.936    -498.566              97              97
  243        -545.073    -722.505        -545.057    -722.494             243             243
  253       -1302.755     673.568       -1302.721     673.594             253             253
  236       -1268.256     -55.645       -1268.246     -55.610             236             236
  199       -1211.316    -415.233       -1211.321    -415.201             199             199
  186        -551.443    -398.867        -551.454    -398.848             186             186
  133        -371.069      93.772        -371.068      93.791             133             133
  111        -432.291    -842.363        -432.315    -842.339             111             111
   12         472.465   -1536.658         472.429   -1536.667              12              12
  148         141.655   -1049.394         141.633   -1049.413             148             148
  245         851.144    -341.930         851.148    -341.975             245             245
   99        -607.270     761.946        -607.238     761.942              99              99
  154          66.537     712.705          66.561     712.698             154             154
  184         192.131      90.595         192.146      90.584             184             184
  134        -452.039    1291.054        -451.994    1291.066             134             134
  149           7.695     699.868           7.722     699.886             149             149
  142         -20.605     167.035         -20.587     167.058             142             142
  152        -383.813    -728.417        -383.824    -728.391             152             152
   93         505.316    -296.489         505.326    -296.506              93              93
  156       -1650.758    1487.212       -1650.709    1487.280             156             156
  157        1263.929   -1999.522        1263.879   -1999.542             157             157
  166       -1542.014     683.224       -1541.979     683.273             166             166
  173         -37.709    -476.315         -37.730    -476.297             173             173
   73        -203.458   -1112.495        -203.498   -1112.488              73              73
  217         691.934    -140.043         691.935    -140.074             217             217
  247        -353.533    -174.278        -353.526    -174.275             247             247
   70         -85.770     604.982         -85.745     604.986              70              70
  150        -424.805    -269.512        -424.821    -269.487             150             150
  172        1346.685    -123.848        1346.684    -123.888             172             172
  241         533.488    -270.887         533.511    -270.896             241             241
  103        -686.190   -1154.076        -686.205   -1154.058             103             103
   72          -9.708     210.423          -9.687     210.406              72              72
  229         366.824      76.324         366.853      76.301             229             229
  179        -530.583     813.535        -530.520     813.566             179             179
   60        -426.588   -1080.910        -426.602   -1080.886              60              60
  123       -1399.950     -82.485       -1399.944     -82.443             123             123
   15         265.551     -71.817         265.548     -71.839              15              15
   75         -47.038     422.004         -47.000     422.000              75              75
  227        -237.154     150.727        -237.115     150.742             227             227
  130       -1312.710    -985.947       -1312.726    -985.914             130             130
   91       -1556.087    2203.758       -1556.000    2203.818              91              91
  233        -639.981    -209.276        -640.020    -209.220             233             233
   66        -253.636      22.208        -253.674      22.226              66              66
   53        2148.465     340.453        2148.488     340.362              53              53
  169        -650.369    1180.177        -650.268    1180.237             169             169
   87       -1242.357    -521.260       -1242.371    -521.159              87              87
   80         -63.053    -418.132         -63.071    -418.113              80              80
   83        -786.791    1088.657        -786.738    1088.737              83              83
   78        -167.417   -1596.657        -167.495   -1596.604              78              78
  174        -776.234      47.022        -776.235      47.089             174             174
  149        -642.079   -1298.439        -642.167   -1298.377             149             149
  180         333.601    -807.607         333.538    -807.609             180             180
  128         540.879   -1341.905         540.815   -1341.930             128             128
   80         238.591    -750.494         238.588    -750.519              80              80
   41       -2331.379    -829.244       -2331.428    -829.141              41              41
  118         336.061      36.088         336.017      36.066             118             118
   58         353.333   -1445.958         353.243   -1445.985              58              58
  184        -309.990    -984.253        -310.056    -984.281             184             184
    0         357.369    -351.050         357.335    -351.128              -0               0
   80         177.913     685.685         177.949     685.638              80              80
  205        -386.338    -328.656        -386.372    -328.661             205             205
   99         692.572     163.638         692.563     163.555              99              99
   97         472.029    1374.615         472.107    1374.573              97              97
  199         693.390     649.508         693.440     649.497             199             199
   23         772.511     162.564         772.567     162.570              23              23
  206       -1086.732   -1649.833       -1086.793   -1649.745             206             206
  116        -710.268    -898.785        -710.341    -898.771             116             116
  147        1020.332      -8.323        1020.318      -8.408             147             147
  119        1186.126   -1300.650        1186.097   -1300.771             119             119
   96        -978.676    1185.142        -978.547    1185.151              96              96
  184        -552.796     403.389        -552.756     403.419             184             184
  143        -216.204     157.304        -216.188     157.323             143             143
  223         -49.018    -623.575         -49.050    -623.586             223             223
  103         411.874     583.073         411.943     583.033             103             103
   86        -472.762    -638.682        -472.753    -638.670              86              86
  142       -1252.300     823.766       -1252.226     823.826             142             142
  181        -617.890     408.708        -617.872     408.769             181             181
  134        -725.539    -848.202        -725.621    -848.151             134             134
  164         514.940      91.873         514.935      91.820             164             164
  214        -468.559    -229.453        -468.563    -229.435             214             214
   17        -839.870    -421.162        -839.919    -421.139              17              17
   11         120.433     458.629         120.426     458.582              11              11
  208         750.286     573.257         750.320     573.191             208             208
  247        -152.191    -135.057        -152.196    -135.066             247             247
   91        1180.632    1022.217        1180.738    1022.119              91              91
   16        -602.335     752.873        -602.213     752.944              16              16
   84       -1292.042     171.808       -1292.014     171.951              84              84
  161        -298.771    -916.640        -298.853    -916.596             161             161
  167        -139.867    -310.848        -139.892    -310.855             167             167
   24        -378.936     457.351        -378.902     457.385              24              24
  204        -448.670   -1313.452        -448.784   -1313.440             204             204
   71         331.538     955.443         331.606     955.381              71              71
  149        -257.318     144.601        -257.289     144.628             149             149
  113        -902.261    -174.502        -902.285    -174.427             113             113
  226        -202.948    -854.122        -203.059    -854.145             226             226
  118        1009.549     729.878        1009.603     729.743             118             118
   44        -201.028     788.333        -200.928     788.330              44              44
  124       -1107.937     932.253       -1107.873     932.359             124             124
  241         905.144     -45.720         905.141     -45.772             241             241
  129       -1252.038     878.603       -1251.961     878.730             129             129
  217         -59.973      46.349         -60.016      46.403             217             217
   67         965.000       0.039         965.000       0.000              67              67
   83         -60.057     -46.457         -60.015     -46.403              83              83
  185       -1251.880    -878.866       -1251.959    -878.733             185             185
  183         905.139      45.833         905.141      45.776             183             183
   99       -1107.802    -932.474       -1107.871    -932.360              99              99
    2        -200.816    -788.327        -200.926    -788.330               2               2
   35        1009.665    -729.592        1009.605    -729.742              35              35
   39        -203.184     854.171        -203.061     854.145              39              39
  140        -902.312     174.341        -902.285     174.427             140             140
  181        -257.254    -144.661        -257.288    -144.629             181             181
  165         331.690    -955.308         331.609    -955.381             165             165
   85        -448.924    1313.425        -448.788    1313.439              85              85
  239        -378.860    -457.426        -378.901    -457.385             239             239
  191        -139.924     310.863        -139.893     310.855             191             191
   60        -298.958     916.542        -298.855     916.596              60              60
  219       -1291.978    -172.135       -1292.014    -171.954             219             219
  123        -602.056    -753.037        -602.212    -752.945             123             123
   63        1180.883   -1021.985        1180.742   -1022.115              63              63
   79        -152.205     135.079        -152.197     135.066              79              79
  176         750.367    -573.099         750.321    -573.189             176             176
  213         120.418    -458.515         120.427    -458.581             213             213
  123        -839.990     421.106        -839.920     421.139             123             123
   77        -468.569     229.407        -468.564     229.433              77              77
  139         514.930     -91.743         514.936     -91.819             139             139
   98        -725.743     848.074        -725.622     848.150              98              98
  125        -617.843    -408.860        -617.871    -408.769             125             125
  250       -1252.113    -823.922       -1252.224    -823.830             250             250
   54        -472.743     638.651        -472.755     638.669              54              54
   37         412.052    -582.967         411.944    -583.031              37              37
   78         -49.101     623.605         -49.051     623.587              78              78
  166        -216.162    -157.353        -216.187    -157.323             166             166
  168        -552.690    -403.467        -552.756    -403.419             168             168
  241        -978.330   -1185.166        -978.546   -1185.152             241             241
  136        1186.044    1300.985        1186.095    1300.775             136             136
  132        1020.292       8.561        1020.317       8.411             132             132
  162        -710.473     898.746        -710.344     898.770             162             162
  244       -1086.908    1649.586       -1086.797    1649.744             244             244
  173         772.669    -162.579         772.568    -162.568             173             173
  156         693.536    -649.474         693.442    -649.496             156             156
   12         472.259   -1374.493         472.110   -1374.571              12              12
  180         692.547    -163.394         692.564    -163.554             180             180
   95        -386.439     328.671        -386.373     328.660              95              95
   10         178.022    -685.543         177.950    -685.637              10              10
   95         357.265     351.288         357.333     351.130              95              95
  136        -310.194     984.338        -310.058     984.281             136             136
   44         353.049    1446.043         353.238    1445.986              44              44
   93         335.924     -36.016         336.017     -36.064              93              93
  229       -2331.537     828.914       -2331.431     829.136             229             229
  252         238.579     750.575         238.587     750.520             252             252
   31         540.665    1341.990         540.812    1341.932              31              31
  251         333.389     807.614         333.536     807.610             251             251
   46        -642.377    1298.228        -642.170    1298.375              46              46
  162        -776.239     -47.248        -776.236     -47.090             162             162
   19        -167.689    1596.476        -167.499    1596.603              19              19
  155        -786.602   -1088.938        -786.735   -1088.739             155             155
   58         -63.120     418.063         -63.072     418.112              58              58
   11       -1242.406     520.900       -1242.371     521.158              11              11
  103        -650.000   -1180.400        -650.265   -1180.240             103             103
  208        2148.550    -340.111        2148.488    -340.357             208             208
  235        -253.777     -22.279        -253.674     -22.228             235             235
   30        -640.126     209.067        -640.020     209.220              30              30
  108       -1555.747   -2203.993       -1555.995   -2203.822             108             108
  110       -1312.777     985.816       -1312.729     985.913             110             110
  190        -237.001    -150.787        -237.114    -150.742             190             190
   36         -46.885    -421.987         -47.000    -422.000              36              36
   87         265.542      71.911         265.549      71.840              87              87
   48       -1399.930      82.302       -1399.946      82.440              48              48
   49        -426.651    1080.806        -426.604    1080.886              49              49
   14        -530.309    -813.667        -530.519    -813.566              14              14
  113         366.954     -76.223         366.854     -76.300             113             113
  141          -9.611    -210.348          -9.686    -210.406             141             141
  180        -686.263    1153.992        -686.207    1154.057             180             180
  239         533.596     270.930         533.511     270.897             239             239
  240        1346.683     124.040        1346.685     123.891             240             240
  164        -424.881     269.392        -424.821     269.486             164             164
   34         -85.644    -605.005         -85.743    -604.987              34              34
  181        -353.502     174.261        -353.526     174.275             181             181
  193         691.938     140.206         691.934     140.076             193             193
   13        -203.665    1112.456        -203.499    1112.487              13              13
  220         -37.818     476.218         -37.730     476.296             220             220
  195       -1541.826    -683.489       -1541.978    -683.274             195             195
   50        1263.639    1999.643        1263.874    1999.545              50              50
  227       -1650.475   -1487.604       -1650.706   -1487.284             227             227
   55         505.369     296.585         505.325     296.506              55              55
  190        -383.881     728.272        -383.826     728.392             190             190
   56         -20.503    -167.176         -20.587    -167.059              56              56
   35           7.863    -699.973           7.724    -699.886              35              35
   78        -451.750   -1291.132        -451.990   -1291.068              78              78
  181         192.229     -90.525         192.146     -90.584             181             181
   40          66.701    -712.658          66.563    -712.697              40              40
   77        -607.047    -761.921        -607.236    -761.943              77              77
   84         851.171     342.241         851.147     341.976              84              84
  178         141.496    1049.531         141.631    1049.414             178             178
  201         472.186    1536.732         472.424    1536.669             201             201
   39        -432.472     842.185        -432.315     842.339              39              39
  194        -371.068     -93.919        -371.069     -93.792             194             194
  111        -551.529     398.722        -551.454     398.849             111             111
   57       -1211.365     414.945       -1211.322     415.197              57              57
  161       -1268.164      55.329       -1268.245      55.607             161             161
  200       -1302.449    -673.818       -1302.719    -673.598             200             200
  154        -544.932     722.398        -545.058     722.493             154             154
  165         351.077     498.533         350.935     498.566             165             165
  191         994.999     332.180         994.949     332.167             191             191
   44       -1072.430    -523.213       -1072.615    -522.919              44              44
  110        -110.416    -458.980        -110.692    -458.853             110             110
   90         507.512   -1490.954         507.090   -1491.004              90              90
  101        1263.792    -184.586        1263.681    -184.830             101             101
  238       -1422.171     836.583       -1422.178     836.853             238             238
   70         737.786   -1183.514         737.355   -1183.565              70              70
  220        1569.086    -171.128        1568.928    -171.376             220             220
   56         496.683     -69.349         496.618     -69.397              56              56
   30          82.789    -548.314          82.612    -548.300              30              30
   81         769.802    -710.583         769.605    -710.737              81              81
  237         -45.387     444.841         -45.400     444.828             237             237
  236         565.489    -414.213         565.340    -414.311             236             236
  235        -180.327    1098.757        -180.220    1098.839             235             235
  227       -1141.089    -733.548       -1141.404    -733.263             227             227
   78         770.945    -134.594         770.645    -134.642              78              78
   25        1495.043    -920.872        1494.726    -921.048              25              25
  194         790.327    -425.873         790.176    -425.958             194             194
  111         386.947    -839.800         386.749    -839.808             111             111
   29        -817.342   -1388.461        -817.705   -1388.328              29              29
  214        -384.562   -1195.691        -385.021   -1195.702             214             214
  245         454.109    -927.477         453.689    -927.664             245             245
  110       -1244.612   -1005.473       -1245.142   -1005.437             110             110
  234       -1073.626    -301.701       -1074.332    -301.746             234             234
  220         255.775     813.991         254.932     813.786             220             220
  128         496.645     639.488         494.963     639.350             128             128
