SINAL     NFT                         FFT                         NFT INVERSA     FFT INVERSA
-----     -----------------------     -----------------------     -----------     -----------
  147       32161.000       0.000       32161.000       0.000             147             147
  150        1187.403     228.638        1187.410     228.638             150             150
   80        -434.374   -1055.935        -434.367   -1055.935              80              80
  111        -714.998    -143.867        -714.992    -143.867             111             111
  177       -1023.171     135.772       -1023.165     135.773             177             177
   17        1665.821    1409.439        1665.831    1409.434              17              17
  191        -448.969     637.451        -448.960     637.454             191             191
   19         119.251    -326.804         119.254    -326.802              19              19
  161        1216.892    -732.892        1216.895    -732.899             161             161
  247         296.745     797.799         296.758     797.797             247             247
  123         652.106     356.943         652.118     356.941             123             123
  185        -610.802    -442.650        -610.795    -442.644             185             185
  161         528.720     -79.051         528.729     -79.055             161             161
    8        -182.048      25.612        -182.037      25.612               8               8
   18         121.804     699.664         121.821     699.662              18              18
   14        -779.117    -131.131        -779.107    -131.124              14              14
  180       -1191.792    1178.652       -1191.775    1178.666             180             180
   55          15.843    -274.629          15.842    -274.622              55              55
  132        -266.985   -1233.918        -266.995   -1233.917             132             132
  150         350.599     498.482         350.610     498.469             150             150
  237        -332.858     938.449        -332.842     938.449             237             237
   32         964.407    1465.369         964.435    1465.361              32              32
  102       -1165.286     428.838       -1165.271     428.864             102             102
  164          13.489    -131.517          13.489    -131.512             164             164
   32         -22.728    1289.875         -22.707    1289.886              32              32
  255         276.863    -573.148         276.858    -573.140             255             255
  174        -606.667     718.425        -606.657     718.443             174             174
   33        1140.160     727.292        1140.167     727.294              33              33
  222        1918.187   -1377.786        1918.180   -1377.802             222             222
  235        -859.918    -296.122        -859.904    -296.100             235             235
  111         380.164    -596.938         380.163    -596.942             111             111
  140         303.093     201.010         303.111     201.008             140             140
  200         117.722    -344.631         117.735    -344.626             200             200
   60        -197.910    -261.333        -197.894    -261.324              60              60
  198       -1107.707    -216.672       -1107.697    -216.644             198             198
  240         -78.929    -589.471         -78.934    -589.471             240             240
   96          25.045    -100.554          25.062    -100.568              96              96
  155       -1872.935    2528.625       -1872.866    2528.682             155             155
  169        -240.743   -1210.824        -240.774   -1210.790             169             169
  151       -1095.246    -291.778       -1095.258    -291.743             151             151
  233          49.794    -394.984          49.775    -394.979             233             233
   78        -205.555    -398.908        -205.569    -398.902              78              78
  249        -125.516      14.424        -125.520      14.423             249             249
    5        -264.536    1032.978        -264.516    1032.994               5               5
  126         177.906    -333.939         177.887    -333.923             126             126
  241        1085.376    -431.860        1085.374    -431.881             241             241
  205       -1016.857     103.326       -1016.838     103.366             205             205
  206       -1531.591    -502.662       -1531.626    -502.603             206             206
  230         959.695   -1052.937         959.638   -1052.968             230             230
   33          49.765    -277.948          49.741    -277.966              33              33
  184        1496.726     878.551        1496.750     878.495             184             184
  129         612.823     912.441         612.871     912.439             129             129
   66           0.949     -59.699           0.965     -59.670              66              66
  101        -502.789    -728.855        -502.806    -728.817             101             101
  148           7.706   -1043.251           7.664   -1043.250             148             148
  173         826.226    -250.426         826.223    -250.466             173             173
  134        -147.409     154.341        -147.389     154.337             134             134
   51         242.173     650.865         242.213     650.864              51              51
  251       -1259.822    -409.208       -1259.832    -409.150             251             251
  139        -237.965    -253.982        -237.997    -253.978             139             139
   75         313.466     829.476         313.477     829.472              75              75
   54         620.604    -329.697         620.582    -329.707              54              54
  174         697.032     680.175         697.065     680.168             174             174
  136          30.888    -735.024          30.869    -735.001             136             136
   68        -321.967    -617.014        -322.000    -617.000              68              68
  163         844.749     738.491         844.771     738.467             163             163
  129         925.776    -518.089         925.769    -518.104             129             129
   23         376.900    -328.131         376.921    -328.127              23              23
   52       -1761.815   -1085.532       -1761.868   -1085.448              52              52
   79        1533.997    -647.282        1533.952    -647.365              79              79
   99         303.807     280.198         303.840     280.177              99              99
   37        -194.413    -190.273        -194.412    -190.253              37              37
  110         438.833   -1552.764         438.768   -1552.803             110             110
  184        -465.390     401.774        -465.376     401.758             184             184
  180        1501.921     218.345        1501.937     218.253             180             180
  232         889.700     184.256         889.768     184.193             232             232
  170       -1959.773     422.594       -1959.719     422.666             170             170
   50        -583.466    1252.482        -583.428    1252.506              50              50
   14         271.744     199.673         271.729     199.659              14              14
   37         719.540    1912.444         719.627    1912.429              37              37
   99         639.771     509.272         639.806     509.299              99              99
   59         506.824    -296.098         506.826    -296.075              59              59
  234        1148.342    -178.483        1148.384    -178.508             234             234
   11       -1046.115      22.300       -1046.057      22.398              11              11
  115       -1521.094   -1342.595       -1521.171   -1342.494             115             115
  124         718.547    -131.195         718.529    -131.246             124             124
  134        -673.775     575.643        -673.742     575.690             134             134
  143         142.974    -337.102         142.939    -337.099             143             143
    3         297.710    1132.448         297.768    1132.461               3               3
  142         430.320    -588.764         430.292    -588.749             142             142
  168        -107.638    1373.416        -107.555    1373.490             168             168
    8         593.464   -1520.176         593.376   -1520.114               8               8
  101         693.351   -2529.541         693.227   -2529.564             101             101
  230         328.148    -870.855         328.141    -870.911             230             230
  149        -164.857     124.559        -164.793     124.552             149             149
  109       -1947.674    -629.986       -1947.711    -629.873             109             109
  203         628.299     -38.583         628.266     -38.626             203             203
   69         660.285    -429.829         660.273    -429.861              69              69
   21         155.632   -1111.185         155.599   -1111.213              21              21
   78        -240.099     -28.675        -240.059     -28.695              78              78
   60        -921.245     -72.151        -921.230     -72.122              60              60
  199          30.313     910.363          30.387     910.353             199             199
  198        -788.079     913.412        -787.998     913.522             198             198
  225       -1127.911   -1484.243       -1128.022   -1484.109             225             225
  185         104.788   -1813.994         104.653   -1814.017             185             185
    7       -1449.396    -411.309       -1449.453    -411.257               7               7
  199         171.839    -582.129         171.744    -582.181             199             199
  158         299.023   -1308.374         298.912   -1308.491             158             158
  144        -642.931    2555.353        -642.780    2555.343             144             144
  143        -578.058    -206.947        -578.147    -206.886             143             143
  116        1107.779    -445.317        1107.680    -445.416             116             116
  146         541.025     223.934         540.998     223.865             146             146
   45        1668.356    -210.903        1668.332    -211.065              45              45
  129          42.630     863.853          42.696     863.819             129             129
   11        1258.542    -491.720        1258.504    -491.858              11              11
  121         869.786    1730.036         869.940    1729.940             121             121
   44        1467.953    -366.813        1467.997    -366.947              44              44
   31        -298.676    1837.644        -298.446    1837.643              31              31
   89        -284.503     653.126        -284.387     653.166              89              89
   69        -625.286     851.600        -625.168     851.662              69              69
   33        -897.874    1048.512        -897.764    1048.616              33              33
  115       -1192.694     768.865       -1192.656     769.015             115             115
  240         407.559     275.878         407.554     275.906             240             240
  142        -295.830     216.985        -295.817     217.059             142             142
  103          93.251      -0.187          93.249      -0.155             103             103
   57        -451.489     580.598        -451.442     580.677              57              57
  123        -892.880       6.437        -892.930       6.553             123             123
   24         940.469     994.042         940.493     994.031              24              24
  137         951.000      -0.025         951.000       0.000             137             137
  108         940.520    -994.019         940.495    -994.031             108             108
  188        -892.983      -6.675        -892.931      -6.555             188             188
   51        -451.392    -580.761        -451.442    -580.679              51              51
   37          93.248       0.124          93.249       0.156              37              37
  181        -295.802    -217.142        -295.816    -217.062             181             181
   30         407.550    -275.935         407.555    -275.905              30              30
  227       -1192.612    -769.186       -1192.655    -769.019             227             227
  112        -897.638   -1048.735        -897.763   -1048.617             112             112
  143        -625.029    -851.736        -625.165    -851.663             143             143
   66        -284.249    -653.214        -284.386    -653.166              66              66
  161        -298.167   -1837.642        -298.441   -1837.644             161             161
    3        1468.051     367.112        1467.997     366.949               3               3
   52         870.135   -1729.820         869.945   -1729.938              52              52
  169        1258.456     492.032        1258.504     491.860             169             169
   42          42.782    -863.775          42.699    -863.818              42              42
  254        1668.300     211.276        1668.332     211.066             254             254
  142         540.961    -223.770         540.997    -223.862             142             142
   80        1107.545     445.550        1107.678     445.418              80              80
  204        -578.266     206.803        -578.147     206.886             204             204
  185        -642.566   -2555.328        -642.776   -2555.342             185             185
  231         298.752    1308.657         298.909    1308.492             231             231
   72         171.607     582.254         171.742     582.181              72              72
   56       -1449.536     411.179       -1449.454     411.254              56              56
   21         104.454    1814.051         104.652    1814.017              21              21
  255       -1128.193    1483.905       -1128.026    1484.106             255             255
   54        -787.872    -913.689        -787.996    -913.523              54              54
  178          30.503    -910.338          30.390    -910.353             178             178
  239        -921.208      72.076        -921.232      72.122             239             239
  237        -239.996      28.726        -240.059      28.695             237             237
   90         155.544    1111.258         155.597    1111.213              90              90
  123         660.252     429.917         660.273     429.863             123             123
  222         628.210      38.697         628.265      38.626             222             222
   55       -1947.775     629.672       -1947.712     629.868              55              55
   91        -164.681    -124.543        -164.793    -124.553              91              91
  168         328.128     871.010         328.140     870.912             168             168
  106         692.998    2529.610         693.223    2529.567             106             106
  241         593.214    1520.004         593.374    1520.115             241             241
   60        -107.400   -1373.629        -107.553   -1373.491              60              60
   61         430.239     588.723         430.291     588.750              61              61
  165         297.880   -1132.483         297.769   -1132.460             165             165
   32         142.871     337.093         142.939     337.099              32              32
  219        -673.676    -575.783        -673.741    -575.690             219             219
  194         718.493     131.350         718.529     131.247             194             194
  152       -1521.333    1342.281       -1521.174    1342.490             152             152
   21       -1045.934     -22.606       -1046.056     -22.401              21              21
   53        1148.471     178.564        1148.384     178.511              53              53
  164         506.830     296.025         506.826     296.075             164             164
   19         639.884    -509.359         639.806    -509.299              19              19
  168         719.832   -1912.392         719.632   -1912.427             168             168
  150         271.694    -199.627         271.729    -199.659             150             150
   43        -583.333   -1252.565        -583.424   -1252.508              43              43
   22       -1959.588    -422.842       -1959.718    -422.669              22              22
   91         889.934    -184.037         889.769    -184.191              91              91
  160        1501.975    -218.023        1501.937    -218.250             160             160
   55        -465.339    -401.719        -465.374    -401.759              55              55
  169         438.601    1552.904         438.767    1552.804             169             169
   89        -194.411     190.201        -194.411     190.253              89              89
   24         303.927    -280.120         303.840    -280.176              24              24
  236        1533.828     647.594        1533.950     647.368             236             236
    9       -1762.013    1085.210       -1761.869    1085.444               9               9
  134         376.980     328.119         376.920     328.128             134             134
  251         925.747     518.147         925.768     518.105             251             251
  102         844.835    -738.394         844.772    -738.465             102             102
  184        -322.100     616.959        -322.000     617.000             184             184
  231          30.806     734.930          30.868     735.001             231             231
  171         697.168    -680.142         697.065    -680.167             171             171
   49         620.508     329.743         620.580     329.708              49              49
  134         313.521    -829.454         313.479    -829.471             134             134
  129        -238.100     253.959        -237.997     253.976             129             129
  232       -1259.874     408.946       -1259.834     409.148             232             232
  143         242.359    -650.857         242.214    -650.863             143             143
  254        -147.318    -154.326        -147.389    -154.338             254             254
  238         826.211     250.617         826.223     250.468             238             238
    9           7.501    1043.245           7.662    1043.250               9               9
  111        -502.882     728.666        -502.809     728.815             111             111
  233           1.030      59.554           0.966      59.670             233             233
  238         613.064    -912.425         612.872    -912.438             238             238
  131        1496.848    -878.259        1496.751    -878.493             131             131
    9          49.636     278.045          49.740     277.966               9               9
   75         959.382    1053.103         959.636    1052.968              75              75
   79       -1531.783     502.327       -1531.627     502.599              79              79
  131       -1016.751    -103.559       -1016.839    -103.369             131             131
   28        1085.362     431.985        1085.373     431.883              28              28
  130         177.796     333.852         177.887     333.925             130             130
   62        -264.404   -1033.081        -264.513   -1032.996              62              62
  222        -125.537     -14.417        -125.520     -14.422             222             222
  252        -205.645     398.873        -205.571     398.901             252             252
    2          49.671     394.953          49.775     394.979               2               2
  139       -1095.325     291.540       -1095.258     291.740             139             139
  179        -240.957    1210.600        -240.776    1210.790             179             179
  140       -1872.442   -2529.029       -1872.861   -2528.687             140             140
  253          25.171     100.654          25.062     100.567             253             253
   70         -78.965     589.474         -78.935     589.472              70              70
   27       -1107.636     216.457       -1107.698     216.642              27              27
   54        -197.779     261.266        -197.894     261.324              54              54
   95         117.822     344.593         117.734     344.626              95              95
  192         303.257    -200.994         303.113    -201.008             192             192
   60         380.150     596.971         380.161     596.942              60              60
  187        -859.793     295.924        -859.904     296.098             187             187
   79        1918.112    1377.952        1918.178    1377.806              79              79
  168        1140.240    -727.300        1140.170    -727.291             168             168
  172        -606.566    -718.607        -606.656    -718.444             172             172
  164         276.807     573.078         276.856     573.141             164             164
  219         -22.490   -1289.984         -22.705   -1289.886             219             219
   86          13.479     131.459          13.489     131.512              86              86
   97       -1165.111    -429.157       -1165.270    -428.867              97              97
  122         964.764   -1465.262         964.439   -1465.359             122             122
  105        -332.645    -938.450        -332.839    -938.449             105             105
   41         350.746    -498.307         350.610    -498.468              41              41
  188        -267.144    1233.904        -266.998    1233.916             188             188
   68          15.835     274.519          15.841     274.622              68              68
  224       -1191.510   -1178.899       -1191.774   -1178.669             224             224
   25        -778.937     131.000        -779.107     131.122              25              25
  204         122.135    -699.642         121.823    -699.663             204             204
   48        -181.833     -25.606        -182.036     -25.612              48              48
   27         528.896      79.156         528.728      79.056              27              27
  234        -610.654     442.513        -610.795     442.644             234             234
  108         652.429    -356.893         652.118    -356.940             108             108
  187         297.130    -797.722         296.761    -797.796             187             187
   30        1216.980     733.118        1216.895     732.901              30              30
  254         119.374     326.737         119.255     326.803             254             254
    0        -448.556    -637.621        -448.959    -637.455               0               0
  220        1666.340   -1409.134        1665.834   -1409.430             220             220
  209       -1022.834    -135.836       -1023.164    -135.774             209             209
  192        -714.428     143.839        -714.991     143.866             192             192
  138        -433.586    1055.866        -434.369    1055.934             138             138
   89        1189.210    -228.486        1187.411    -228.635              89              89
