SINAL     NFT                         FFT                         NFT INVERSA     FFT INVERSA
-----     -----------------------     -----------------------     -----------     -----------
  216       32311.000       0.000       32311.000       0.000             216             216
  116         -20.901   -1584.276         -20.895   -1584.276             116             116
   69        1776.083     178.851        1776.090     178.849              69              69
  210        -917.515    -116.112        -917.507    -116.111             210             210
  161         368.426       4.844         368.433       4.844             161             161
   18        -479.373    -320.197        -479.367    -320.195              18              18
  132        1406.191     -16.492        1406.199     -16.497             132             132
  178       -1464.744     989.938       -1464.729     989.944             178             178
  247        -171.273     222.262        -171.264     222.266             247             247
    0        -839.842      19.706        -839.832      19.714               0               0
   80       -2016.432    -273.998       -2016.429    -273.984              80              80
  245        -214.917    1252.698        -214.907    1252.706             245             245
  159         108.776   -1066.819         108.774   -1066.811             159             159
  158        -927.288   -1105.500        -927.291   -1105.491             158             158
  218        -375.089     253.145        -375.086     253.150             218             218
  151         777.513      81.851         777.521      81.849             151             151
  212       -1579.688    -777.960       -1579.691    -777.938             212             212
   58        -937.978    -190.790        -937.985    -190.778              58              58
  111         513.582     550.887         513.581     550.889             111             111
  168         748.740   -1029.237         748.727   -1029.237             168             168
   48         911.534    -524.682         911.531    -524.688              48              48
  194          49.911    -918.652          49.903    -918.651             194             194
   54         794.471     314.178         794.480     314.171              54              54
  249         988.458   -1579.422         988.451   -1579.436             249             249
  190        -478.731    1122.509        -478.695    1122.516             190             190
   93       -1644.683    -254.915       -1644.681    -254.877              93              93
   79        -778.995   -1415.633        -779.027   -1415.615              79              79
  214         808.933    -445.719         808.920    -445.734             214             214
  216        -146.916    -516.395        -146.926    -516.395             216             216
   53         -28.033       9.963         -28.039       9.963              53              53
  185         859.967    -724.972         859.949    -724.990             185             185
    0         550.389    -169.355         550.389    -169.373               0               0
   94         232.971    -226.090         232.970    -226.104              94              94
   19         311.562     550.339         311.577     550.325              19              19
  199        -219.191     623.563        -219.181     623.569             199             199
  183         992.706     486.585         992.712     486.573             183             183
  183        1069.429    -481.807        1069.428    -481.824             183             183
   80         289.980     605.858         290.010     605.860              80              80
  140          55.620    -549.828          55.619    -549.815             140             140
  128          11.076    -802.708          11.066    -802.707             128             128
  243          -7.026    -203.465          -7.025    -203.469             243             243
   86         504.880    -204.844         504.883    -204.865              86              86
  224         144.607     837.853         144.644     837.848             224             224
   69        -399.572     394.999        -399.550     395.022              69              69
  168        -267.802     514.483        -267.783     514.513             168             168
  183        -474.661    -301.891        -474.674    -301.844             183             183
  135         533.781   -1803.366         533.725   -1803.361             135             135
  109         340.748   -1718.706         340.708   -1718.727             109             109
    4        -768.753    -545.304        -768.768    -545.304               4               4
  171         287.165    -628.608         287.135    -628.648             171             171
  200         420.492     969.357         420.517     969.321             200             200
   98         661.702     148.820         661.709     148.792              98              98
  186         691.511     249.832         691.535     249.801             186             186
   28        -324.185    -207.161        -324.177    -207.162              28              28
  105          98.203     284.464          98.221     284.439             105             105
  181        -193.965    1190.163        -193.920    1190.159             181             181
  197         682.190     940.084         682.237     940.072             197             197
   36        -847.075    -291.128        -847.073    -291.090              36              36
  120         301.816     659.304         301.848     659.296             120             120
  203       -1335.146    -306.637       -1335.159    -306.589             203             203
   78         -16.323     755.947         -16.318     755.939              78              78
   25         546.363     483.256         546.375     483.232              25              25
  206        -620.983    1192.963        -620.945    1192.994             206             206
   21        -113.910     561.679        -113.910     561.699              21              21
  169        -352.008    1206.956        -352.000    1207.000             169             169
  113        1751.792    -143.835        1751.752    -143.879             113             113
  239        1360.208    1016.292        1360.257    1016.263             239             239
  200         454.610     273.140         454.638     273.166             200             200
  184         591.371     -92.291         591.383     -92.275             184             184
  235        -101.000      29.390        -100.984      29.434             235             235
  110        -229.734     -30.590        -229.740     -30.529             110             110
  117         330.851   -2034.762         330.744   -2034.763             117             117
  122         534.940     697.769         534.959     697.738             122             122
   99         790.828     299.342         790.833     299.335              99              99
   37        1187.666    -721.622        1187.636    -721.655              37              37
   56        1580.166      -6.125        1580.209      -6.186              56              56
   22        -709.428    -448.951        -709.407    -448.906              22              22
   51          75.361     527.065          75.400     527.080              51              51
   43         355.282      33.480         355.300      33.512              43              43
  118         234.255   -2265.693         234.167   -2265.697             118             118
  139          35.643     395.684          35.695     395.655             139             139
   62        -792.621     559.728        -792.573     559.779              62              62
  159        -980.308     -70.219        -980.336     -70.140             159             159
  161         758.769    -845.679         758.689    -845.710             161             161
  156        1316.821     274.193        1316.849     274.124             156             156
  156        -525.640    -560.535        -525.651    -560.506             156             156
  189         209.143     865.443         209.185     865.444             189             189
  156         783.182    -780.994         783.155    -781.017             156             156
  208        -556.461     332.587        -556.429     332.632             208             208
  224         331.655   -1082.965         331.594   -1082.985             224             224
   24        -168.574     621.581        -168.534     621.576              24              24
  254        -156.510     534.571        -156.488     534.602             254             254
   82        -471.011     -88.148        -471.056     -88.086              82              82
  193        1493.494    -821.662        1493.413    -821.738             193             193
   68         631.850     -71.559         631.844     -71.607              68              68
  232         978.085     571.878         978.123     571.829             232             232
   57        1015.000     105.927        1015.030     105.896              57              57
   43         666.771    -535.602         666.772    -535.620              43              43
  136         550.338    -117.321         550.367    -117.339             136             136
   27         452.045    -719.528         452.033    -719.545              27              27
  138        1216.353   -1079.098        1216.344   -1079.212             138             138
  145           2.118     798.084           2.254     798.042             145             145
  254        -545.719     659.152        -545.615     659.182             254             254
   50          25.130     877.578          25.241     877.602              50              50
  164         -91.712     285.089         -91.615     285.148             164             164
  114       -1709.411   -1033.745       -1709.424   -1033.604             114             114
  169       -1461.288    -516.987       -1461.331    -516.919             169             169
   67        -554.591    1253.835        -554.540    1253.861              67              67
   41          81.306     373.933          81.309     373.953              41              41
  135          17.104     860.432          17.162     860.478             135             135
  177        -391.510     194.026        -391.502     194.136             177             177
   92        -105.867   -1538.903        -105.991   -1538.859              92              92
  136         184.694    1018.995         184.765    1019.021             136             136
  174        -142.362   -1749.662        -142.482   -1749.605             174             174
  171        -403.221    -792.124        -403.283    -792.118             171             171
  208        -289.170     570.404        -289.152     570.434             208             208
  188         628.695   -2111.260         628.539   -2111.336             188             188
   25        -991.457     759.906        -991.402     759.900              25              25
  177        -180.068    1254.112        -180.012    1254.113             177             177
  125         -79.263     414.334         -79.277     414.363             125             125
   81         399.818     742.452         399.828     742.462              81              81
  141        1060.660    -126.369        1060.644    -126.395             141             141
  172        -391.237    -460.555        -391.280    -460.491             172             172
  197         809.684    -453.910         809.625    -453.963             197             197
  241        1315.359    -484.654        1315.370    -484.780             241             241
   73       -1665.197     639.005       -1665.125     639.120              73              73
  164         410.861     163.058         410.830     163.017             164             164
  254         562.142    1723.123         562.271    1723.123             254             254
  173         249.000      -0.092         249.000       0.000             173             173
   51         562.408   -1723.120         562.274   -1723.122              51              51
  212         410.799    -162.975         410.830    -163.017             212             212
  168       -1665.049    -639.247       -1665.124    -639.124             168             168
  160        1315.379     484.918        1315.368     484.782             160             160
  182         809.560     454.025         809.624     453.965             182             182
  137        -391.330     460.418        -391.282     460.489             137             137
  143        1060.624     126.430        1060.643     126.399             143             143
  222         399.842    -742.473         399.829    -742.462             222             222
  220         -79.292    -414.394         -79.276    -414.362             220             220
  194        -179.944   -1254.115        -180.010   -1254.114             194             194
  202        -991.334    -759.896        -991.400    -759.902             202             202
  108         628.345    2111.429         628.535    2111.337             108             108
  128        -289.127    -570.471        -289.150    -570.434             128             128
  101        -403.363     792.110        -403.285     792.117             101             101
   95        -142.639    1749.534        -142.487    1749.605              95              95
   49         184.857   -1019.054         184.765   -1019.021              49              49
   32        -106.158    1538.804        -105.994    1538.860              32              32
  188        -391.489    -194.282        -391.500    -194.136             188             188
   66          17.243    -860.540          17.164    -860.478              66              66
   88          81.313    -373.981          81.309    -373.953              88              88
   64        -554.465   -1253.900        -554.537   -1253.862              64              64
  134       -1461.393     516.816       -1461.332     516.915             134             134
  120       -1709.448    1033.396       -1709.427    1033.599             120             120
   77         -91.472    -285.235         -91.614    -285.148              77              77
  131          25.409    -877.634          25.244    -877.600             131             131
   24        -545.455    -659.229        -545.613    -659.183              24              24
  124           2.467    -797.977           2.257    -798.041             124             124
   40        1216.328    1079.391        1216.343    1079.213              40              40
  221         452.013     719.574         452.033     719.546             221             221
   34         550.414     117.368         550.368     117.338              34              34
  208         666.773     535.650         666.772     535.621             208             208
   56        1015.079    -105.844        1015.030    -105.896              56              56
   42         978.191    -571.739         978.125    -571.826              42              42
  162         631.835      71.693         631.845      71.608             162             162
  172        1493.268     821.878        1493.411     821.742             172             172
  133        -471.138      87.971        -471.057      88.084             133             133
   13        -156.445    -534.657        -156.486    -534.602              13              13
  109        -168.458    -621.569        -168.532    -621.577             109             109
  239         331.476    1083.023         331.591    1082.986             239             239
   59        -556.366    -332.720        -556.428    -332.633              59              59
  201         783.098     781.067         783.153     781.020             201             201
  158         209.272    -865.446         209.187    -865.443             158             158
  195        -525.675     560.446        -525.652     560.505             195             195
    8        1316.908    -273.981        1316.850    -274.123               8               8
  171         758.521     845.779         758.688     845.712             171             171
   50        -980.396      69.967        -980.336      70.137              50              50
   22        -792.468    -559.892        -792.572    -559.782              22              22
   37          35.811    -395.590          35.695    -395.654              37              37
  175         233.958    2265.708         234.162    2265.698             175             175
   36         355.343     -33.585         355.301     -33.511              36              36
  208          75.491    -527.117          75.401    -527.080             208             208
  122        -709.358     448.794        -709.408     448.904             122             122
  108        1580.314       6.339        1580.209       6.190             108             108
  151        1187.561     721.737        1187.635     721.657             151             151
    9         790.847    -299.315         790.834    -299.333               9               9
   52         535.011    -697.658         534.961    -697.737              52              52
  178         330.457    2034.764         330.738    2034.763             178             178
   45        -229.757      30.364        -229.740      30.528              45              45
   27        -100.942     -29.554        -100.984     -29.435              27              27
  123         591.418      92.234         591.383      92.275             123             123
  138         454.715    -273.239         454.638    -273.166             138             138
  108        1360.402   -1016.178        1360.260   -1016.262             108             108
   94        1751.634     144.012        1751.752     143.882              94              94
  131        -351.977   -1207.131        -352.000   -1207.000             131             131
   13        -113.912    -561.765        -113.911    -561.700              13              13
   51        -620.814   -1193.095        -620.942   -1192.995              51              51
   43         546.415    -483.153         546.375    -483.231              43              43
   41         -16.297    -755.915         -16.316    -755.940              41              41
   44       -1335.206     306.421       -1335.161     306.586              44              44
  155         301.963    -659.266         301.850    -659.295             155             155
  173        -847.070     290.952        -847.075     291.088             173             173
  101         682.408    -940.026         682.238    -940.071             101             101
  240        -193.748   -1190.146        -193.917   -1190.159             240             240
  136          98.287    -284.343          98.221    -284.438             136             136
   12        -324.147     207.166        -324.177     207.162              12              12
   91         691.631    -249.682         691.535    -249.801              91              91
  129         661.738    -148.671         661.710    -148.790             129             129
   90         420.628    -969.168         420.519    -969.320              90              90
  121         287.004     628.820         287.133     628.649             121             121
  148        -768.841     545.306        -768.770     545.304             148             148
   68         340.513    1718.824         340.704    1718.727              68              68
  191         533.459    1803.343         533.722    1803.363             191             191
   92        -474.735     301.618        -474.675     301.842              92              92
   78        -267.686    -514.661        -267.781    -514.514              78              78
  233        -399.435    -395.136        -399.549    -395.023             233             233
  131         144.841    -837.821         144.646    -837.848             131             131
   89         504.899     204.978         504.882     204.866              89              89
   32          -7.025     203.493          -7.026     203.470              32              32
  135          11.003     802.695          11.063     802.706             135             135
  248          55.613     549.739          55.618     549.815             248             248
  137         290.191    -605.874         290.011    -605.860             137             137
  179        1069.419     481.933        1069.427     481.826             179             179
  202         992.758    -486.495         992.713    -486.571             202             202
   42        -219.109    -623.612        -219.179    -623.570              42              42
  162         311.681    -550.231         311.577    -550.325             162             162
   64         232.963     226.200         232.970     226.104              64              64
  180         550.387     169.503         550.388     169.373             180             180
   16         859.809     725.135         859.948     724.992              16              16
    1         -28.092      -9.959         -28.040      -9.963               1               1
   58        -147.011     516.398        -146.927     516.395              58              58
  119         808.798     445.878         808.919     445.737             119             119
  132        -779.329    1415.450        -779.030    1415.614             132             132
  189       -1644.666     254.504       -1644.682     254.873             189             189
  182        -478.342   -1122.586        -478.694   -1122.516             182             182
   59         988.351    1579.593         988.446    1579.438              59              59
   17         794.572    -314.091         794.480    -314.169              17              17
  150          49.807     918.644          49.901     918.652             150             150
  126         911.489     524.772         911.530     524.689             126             126
   50         748.534    1029.236         748.723    1029.237              50              50
  101         513.566    -550.914         513.582    -550.888             101             101
   72        -938.100     190.600        -937.987     190.775              72              72
  196       -1579.733     777.612       -1579.692     777.937             196             196
  241         777.626     -81.827         777.520     -81.849             241             241
  164        -375.035    -253.238        -375.086    -253.151             164             164
  203        -927.386    1105.295        -927.294    1105.488             203             203
   18         108.702    1066.638         108.772    1066.810              18              18
  224        -214.675   -1252.888        -214.905   -1252.707             224             224
  228       -2016.345     273.592       -2016.428     273.979             228             228
  177        -839.555     -19.959        -839.832     -19.716             177             177
  236        -170.960    -222.409        -171.263    -222.266             236             236
   74       -1464.191    -990.231       -1464.728    -989.949              74              74
  210        1406.588      16.738        1406.200      16.500             210             210
  109        -479.059     320.084        -479.368     320.194             109             109
   46         368.896      -4.834         368.433      -4.845              46              46
   45        -916.856     115.911        -917.507     116.108              45              45
   15        1777.038    -178.561        1776.091    -178.845              15              15
   76         -19.495    1584.179         -20.898    1584.274              76              76
