SINAL     NFT                         FFT                         NFT INVERSA     FFT INVERSA
-----     -----------------------     -----------------------     -----------     -----------
   36       33609.000       0.000       33609.000       0.000              36              36
   40        -601.877   -1273.685        -601.871   -1273.685              40              40
  179         -22.663     -28.165         -22.656     -28.164             179             179
  138        -176.174    -808.554        -176.168    -808.555             138             138
  111        -345.692    1013.373        -345.683    1013.374             111             111
  200        -315.455      97.867        -315.448      97.870             200             200
  206         323.735    -410.631         323.740    -410.630             206             206
    3        -478.364    -751.490        -478.360    -751.487               3               3
  198         654.195    -840.939         654.198    -840.943             198             198
  113        -723.988    -486.574        -723.983    -486.572             113             113
  238         367.381    -349.939         367.385    -349.943             238             238
  180         278.798    -395.199         278.804    -395.204             180             180
  185        -447.017    -481.952        -447.012    -481.954             185             185
   46         259.596     984.543         259.613     984.535              46              46
  220         131.154     947.540         131.174     947.541             220             220
  123       -1088.918    -592.017       -1088.910    -592.006             123             123
   36       -1032.455     263.400       -1032.447     263.410              36              36
  121          51.899    -559.830          51.900    -559.833             121             121
   37        -984.186     349.014        -984.176     349.019              37              37
   59        -278.031    1046.138        -278.017    1046.139              59              59
  154         -89.055    1124.977         -89.038    1124.985             154             154
  149         420.500    -289.687         420.504    -289.684             149             149
  168        -978.207      37.159        -978.201      37.177             168             168
  236         166.680      56.954         166.681      56.957             236             236
  210         927.123     -28.857         927.131     -28.863             210             210
   40        -858.816    -312.975        -858.813    -312.954              40              40
   71         886.354    -965.057         886.345    -965.068              71              71
    0        1582.404    -581.415        1582.425    -581.443               0               0
  175       -2697.914   -1062.453       -2697.904   -1062.419             175             175
   76       -1585.331     952.296       -1585.314     952.311              76              76
  235        -289.099      20.452        -289.105      20.450             235             235
  205         406.048    1030.181         406.073    1030.171             205             205
   37        -663.660     613.783        -663.636     613.804              37              37
  244       -1062.050     353.406       -1062.042     353.441             244             244
  154         -56.818     -86.873         -56.824     -86.855             154             154
   16         117.613   -1232.881         117.590   -1232.879              16              16
  198        -205.259      83.414        -205.247      83.413             198             198
  239        -269.551     276.467        -269.534     276.477             239             239
   66        -489.083    -905.430        -489.093    -905.420              66              66
  254        -843.269     567.205        -843.241     567.218             254             254
  128       -2661.093     535.806       -2661.091     535.883             128             128
  194          41.966    -621.853          41.921    -621.843             194             194
  228        -593.081    -576.724        -593.124    -576.709             228             228
   79        1248.882    -480.275        1248.849    -480.319              79              79
   72         294.230      77.506         294.226      77.484              72              72
   81        1592.499     224.952        1592.519     224.893              81              81
  116        -861.870    1295.819        -861.812    1295.843             116             116
  167        -342.045     850.894        -342.016     850.930             167             167
  144        -808.144   -1647.901        -808.202   -1647.867             144             144
  217         196.997     877.156         197.009     877.145             217             217
  220        1104.969    -291.522        1104.965    -291.552             220             220
  200        -478.332     335.716        -478.308     335.731             200             200
  142          22.503     799.449          22.536     799.464             142             142
   77        -407.318     -87.927        -407.313     -87.885              77              77
  112       -1130.906    -566.445       -1130.943    -566.380             112             112
  213        1399.024   -1543.054        1398.956   -1543.100             213             213
   58         474.124      41.987         474.140      41.963              58              58
  105         252.410    -919.592         252.395    -919.610             105             105
  156         641.924     336.134         641.978     336.099             156             156
  227       -2368.125    -407.779       -2368.121    -407.701             227             227
   42        -411.022     710.219        -411.018     710.231              42              42
  191         876.522     205.042         876.533     205.025             191             191
   31        -746.495   -1081.453        -746.523   -1081.420              31              31
  200          49.016    -130.894          49.023    -130.911             200             200
   62       -1523.002     149.943       -1523.000     150.000              62              62
    9         104.382      14.208         104.358      14.205               9               9
  208         677.270    -584.508         677.250    -584.545             208             208
  205        -789.565      90.324        -789.549      90.337             205             205
  163        -758.190    1161.390        -758.152    1161.430             163             163
   48         470.892    -955.454         470.843    -955.466              48              48
  166        -209.209     494.870        -209.175     494.876             166             166
   52        -639.002     -81.094        -638.998     -81.054              52              52
  117       -1139.158    -485.317       -1139.195    -485.262             117             117
   68        -304.506    -128.957        -304.542    -128.950              68              68
  189        -304.499     138.298        -304.525     138.313             189             189
  250         610.941    -255.515         610.910    -255.539             250             250
  248       -1002.709    -272.766       -1002.753    -272.714             248             248
  201        1560.001    -542.963        1559.949    -543.039             201             201
   90         102.681   -1257.029         102.627   -1257.064              90              90
  138         395.856     277.292         395.884     277.229             138             138
   27        -800.452    -245.499        -800.459    -245.495              27              27
  115         556.433     292.460         556.466     292.380             115             115
    4       -2732.831    1503.252       -2732.772    1503.372               4               4
  200         298.698     742.526         298.663     742.519             200             200
   25         275.222     179.561         275.175     179.557              25              25
   53        1620.787    -198.584        1620.753    -198.682              53              53
  251         527.317     979.649         527.394     979.614             251             251
  117        -889.294     138.956        -889.288     139.012             117             117
  212          26.779     561.089          26.777     561.091             212             212
  208         575.683     274.046         575.674     274.015             208             208
  119         778.011    1774.542         778.125    1774.534             119             119
   39       -2073.103      43.675       -2073.146      43.877              39              39
  190        2442.766    -816.243        2442.661    -816.316             190             190
  210         488.591   -2013.664         488.479   -2013.672             210             210
  207         738.724   -1328.648         738.650   -1328.729             207             207
   35         172.202   -1254.666         172.128   -1254.769              35              35
  247        1293.488    2013.956        1293.635    2013.805             247             247
  229        -595.880     651.936        -595.817     651.960             229             229
  217         476.310    1623.788         476.409    1623.785             217             217
  103         715.488    -728.763         715.461    -728.775             103             103
    1        -133.677     177.552        -133.647     177.556               1               1
  158        1231.483     859.014        1231.585     858.958             158             158
  156       -1630.267    -570.101       -1630.268    -569.966             156             156
  145        -247.185    -436.580        -247.241    -436.576             145             145
  199         921.975    1245.042         922.064    1244.997             199             199
   84        -898.670    -872.594        -898.727    -872.501              84              84
  251         694.769       1.330         694.759       1.291             251             251
   67        -500.507    -510.723        -500.552    -510.681              67              67
  204         543.450    -669.615         543.369    -669.675             204             204
  197        1626.193     457.773        1626.244     457.642             197             197
   39        -121.049    -445.787        -121.039    -445.786              39              39
  153        1097.338    -327.940        1097.370    -328.052             153             153
  102        -762.954     -30.215        -762.892     -30.218             102             102
  250          41.739    1746.733          41.915    1746.721             250             250
  197        -921.339    -845.832        -921.350    -845.760             197             197
   64       -1752.429     274.185       -1752.422     274.265              64              64
    9        -281.306    1324.289        -281.271    1324.290               9               9
  194        1039.565    1008.970        1039.621    1008.926             194             194
   30        -108.975    -520.998        -108.994    -520.971              30              30
  233        -547.039     415.784        -547.016     415.809             233             233
  227         243.930     856.497         243.974     856.488             227             227
   20         551.623    -515.462         551.586    -515.521              20              20
  201         482.193    1618.719         482.362    1618.654             201             201
  224        -624.534    1591.176        -624.357    1591.272             224             224
  145       -1766.255     571.219       -1766.244     571.431             145             145
  212        1051.121     827.279        1051.137     827.278             212             212
  122         183.431    -176.738         183.420    -176.674             122             122
  194         573.223     565.427         573.303     565.455             194             194
    5       -1415.000      -0.215       -1415.000       0.000               5               5
   91         573.385    -565.482         573.303    -565.454              91              91
  244         183.408     176.610         183.420     176.675             244             244
  207        1051.157    -827.273        1051.139    -827.276             207             207
   58       -1766.229    -571.663       -1766.242    -571.435              58              58
  251        -624.164   -1591.378        -624.356   -1591.274             251             251
   14         482.553   -1618.583         482.365   -1618.653              14              14
   92         551.543     515.590         551.585     515.522              92              92
  232         244.026    -856.478         243.975    -856.488             232             232
  126        -546.988    -415.840        -547.015    -415.810             126             126
  101        -109.019     520.940        -108.996     520.972             101             101
  194        1039.691   -1008.871        1039.624   -1008.924             194             194
  104        -281.226   -1324.290        -281.269   -1324.290             104             104
   69       -1752.413    -274.367       -1752.422    -274.269              69              69
  186        -921.365     845.669        -921.352     845.759             186             186
   61          42.142   -1746.706          41.919   -1746.721              61              61
    4        -762.811      30.222        -762.891      30.218               4               4
  205        1097.412     328.204        1097.370     328.055             205             205
    5        -121.027     445.786        -121.039     445.787               5               5
   70        1626.316    -457.459        1626.246    -457.637              70              70
   57         543.259     669.759         543.369     669.676              57              57
  218        -500.617     510.621        -500.554     510.680             218             218
  211         694.746      -1.233         694.759      -1.290             211             211
  102        -898.810     872.365        -898.729     872.500             102             102
   41         922.195   -1244.930         922.065   -1244.996              41              41
   40        -247.326     436.570        -247.242     436.576              40              40
  152       -1630.272     569.755       -1630.269     569.961             152             152
  159        1231.746    -858.868        1231.588    -858.955             159             159
   36        -133.602    -177.561        -133.647    -177.555              36              36
  226         715.416     728.798         715.459     728.777             226             226
  111         476.571   -1623.779         476.412   -1623.784             111             111
  245        -595.712    -652.002        -595.816    -651.961             245             245
   99        1293.883   -2013.551        1293.636   -2013.804              99              99
   97         171.995    1254.946         172.124    1254.770              97              97
  220         738.518    1328.873         738.648    1328.731             220             220
   84         488.272    2013.688         488.473    2013.673              84              84
  206        2442.472     816.455        2442.660     816.321             206             206
   30       -2073.223     -44.251       -2073.146     -43.882              30              30
   10         778.339   -1774.518         778.128   -1774.532              10              10
  231         575.659    -273.953         575.675    -274.013             231             231
  119          26.775    -561.095          26.778    -561.091             119             119
   83        -889.275    -139.124        -889.287    -139.014              83              83
  188         527.546    -979.544         527.394    -979.613             188             188
  161        1620.685     198.885        1620.753     198.686             161             161
  182         275.077    -179.549         275.174    -179.557             182             182
   53         298.594    -742.506         298.665    -742.519              53              53
   71       -2732.643   -1503.631       -2732.769   -1503.375              71              71
   66         556.537    -292.205         556.467    -292.378              66              66
  197        -800.474     245.487        -800.459     245.496             197             197
  116         395.950    -277.088         395.885    -277.228             116             116
  196         102.499    1257.144         102.624    1257.064             196             196
  154        1559.825     543.223        1559.947     543.043             154             154
   87       -1002.860     272.588       -1002.754     272.712              87              87
  193         610.835     255.600         610.909     255.541             193             193
  167        -304.590    -138.351        -304.525    -138.313             167             167
  171        -304.635     128.930        -304.544     128.949             171             171
  124       -1139.292     485.119       -1139.196     485.260             124             124
    0        -638.990      80.946        -638.999      81.052              -0               0
   45        -209.086    -494.892        -209.174    -494.876              45              45
  246         470.703     955.501         470.840     955.467             246             246
   23        -758.046   -1161.543        -758.150   -1161.431              23              23
  217        -789.502     -90.376        -789.549     -90.339             217             217
  241         677.192     584.654         677.249     584.548             241             241
   60         104.290     -14.196         104.358     -14.204              60              60
  106       -1522.994    -150.170       -1523.000    -150.000             106             106
  138          49.040     130.961          49.022     130.911             138             138
   58        -746.621    1081.311        -746.526    1081.418              58              58
  137         876.564    -204.969         876.532    -205.024             137             137
   83        -411.001    -710.268        -411.016    -710.230              83              83
  241       -2368.109     407.427       -2368.121     407.696             241             241
  126         642.160    -335.972         641.978    -336.096             126             126
  252         252.340     919.678         252.393     919.611             252             252
   33         474.195     -41.874         474.139     -41.962              33              33
  169        1398.696    1543.276        1398.953    1543.103             169             169
   81       -1131.086     566.131       -1130.944     566.378              81              81
   16        -407.297      87.719        -407.314      87.882              16              16
   77          22.670    -799.524          22.537    -799.463              77              77
  201        -478.207    -335.797        -478.306    -335.733             201             201
   27        1104.947     291.680        1104.964     291.554              27              27
  137         197.060    -877.097         197.010    -877.144             137             137
   75        -808.458    1647.721        -808.204    1647.867              75              75
   63        -341.878    -851.094        -342.014    -850.931              63              63
  226        -861.537   -1295.956        -861.809   -1295.844             226             226
   96        1592.609    -224.604        1592.519    -224.889              96              96
   25         294.205     -77.375         294.226     -77.483              25              25
   74        1248.681     480.545        1248.848     480.321              74              74
  217        -593.346     576.631        -593.125     576.708             217             217
  252          41.680     621.794          41.919     621.844             252             252
  197       -2661.078    -536.311       -2661.090    -535.887             197             197
    2        -843.078    -567.302        -843.240    -567.221               2               2
   41        -489.149     905.363        -489.093     905.419              41              41
   43        -269.432    -276.540        -269.534    -276.478              43              43
  187        -205.183     -83.409        -205.249     -83.414             187             187
  213         117.435    1232.871         117.586    1232.879             213             213
    7         -56.860      86.743         -56.825      86.855               7               7
   51       -1061.985    -353.682       -1062.042    -353.443              51              51
  111        -663.467    -613.955        -663.635    -613.805             111             111
    2         406.264   -1030.091         406.075   -1030.170               2               2
  250        -289.146     -20.448        -289.104     -20.452             250             250
  138       -1585.178    -952.452       -1585.312    -952.315             138             138
  144       -2697.833    1062.118       -2697.906    1062.414             144             144
  200        1582.596     581.704        1582.424     581.447             200             200
  142         886.245     965.171         886.342     965.070             142             142
    9        -858.787     312.745        -858.814     312.952               9               9
  198         927.212      28.934         927.132      28.865             198             198
  210         166.682     -56.990         166.680     -56.957             210             210
  130        -978.141     -37.379        -978.201     -37.179             130             130
  194         420.539     289.652         420.503     289.684             194             194
   14         -88.837   -1125.080         -89.037   -1124.985              14              14
  251        -277.833   -1046.152        -278.015   -1046.140             251             251
  113        -984.048    -349.086        -984.176    -349.020             113             113
  145          51.894     559.879          51.897     559.833             145             145
  187       -1032.322    -263.563       -1032.447    -263.411             187             187
    4       -1088.814     591.805       -1088.912     592.004               4               4
   44         131.545    -947.554         131.177    -947.541              44              44
  148         259.930    -984.398         259.614    -984.534             148             148
   68        -446.914     482.002        -447.012     481.954              68              68
  145         278.940     395.311         278.803     395.204             145             145
  100         367.480     350.050         367.384     349.944             100             100
  144        -723.861     486.496        -723.984     486.570             144             144
   33         654.284     841.054         654.198     840.944              33              33
  127        -478.253     751.354        -478.362     751.485             127             127
  105         323.949     410.588         323.741     410.630             105             105
  199        -315.122     -98.022        -315.448     -97.871             199             199
   71        -345.086   -1013.426        -345.681   -1013.373              71              71
  237        -175.714     808.555        -176.170     808.554             237             237
   97         -21.796      28.152         -22.657      28.164              97              97
   48        -600.308    1273.509        -601.873    1273.683              48              48
