SINAL     NFT                         FFT                         NFT INVERSA     FFT INVERSA
-----     -----------------------     -----------------------     -----------     -----------
  137       33534.000       0.000       33534.000       0.000             137             137
  219        1015.682    -792.100        1015.689    -792.100             219             219
  100         109.617    -630.415         109.624    -630.415             100             100
   32         271.832     480.217         271.840     480.216              32              32
   72        -105.146    1306.811        -105.135    1306.813              72              72
   40       -1109.749   -1341.423       -1109.745   -1341.418              40              40
  211        -564.606     286.375        -564.600     286.376             211             211
  246         430.573       2.122         430.578       2.122             246             246
  104         180.765   -1039.161         180.766   -1039.163             104             104
   60          90.289      65.404          90.295      65.401              60              60
   56         973.341    -420.868         973.347    -420.878              56              56
  248        -824.844    1071.422        -824.827    1071.424             248             248
  148       -1183.578     328.721       -1183.572     328.729             148             148
  232         626.437     324.765         626.441     324.759             232             232
  213         578.464     933.647         578.478     933.642             213             213
    9        -185.233     949.991        -185.220     949.996               9               9
  234         592.633     502.012         592.643     502.013             234             234
  181         293.969     -70.569         293.975     -70.564             181             181
   75         850.196   -1118.518         850.196   -1118.526              75              75
  193       -1472.325    -188.647       -1472.321    -188.637             193             193
  134        1277.951     542.429        1277.962     542.406             134             134
   19        -761.924    1545.453        -761.899    1545.464              19              19
  237        1203.043     175.271        1203.048     175.262             237             237
  234         615.864     221.546         615.879     221.541             234             234
    0         470.332     270.198         470.351     270.193               0               0
  136         514.023      61.548         514.043      61.538             136             136
   36        -205.955    2275.389        -205.894    2275.402              36              36
  193       -2003.350    -192.633       -2003.341    -192.577             193             193
   24        -126.553   -1242.630        -126.574   -1242.621              24              24
  163        -378.755     240.274        -378.746     240.275             163             163
  224        -517.167    1724.833        -517.135    1724.851             224             224
  142        -636.626     180.317        -636.630     180.352             142             142
  224         952.668    -721.572         952.649    -721.574             224             224
  211        -296.359   -1248.558        -296.384   -1248.557             211             211
  179         710.148    2232.955         710.199    2232.942             179             179
  226        -576.327     155.675        -576.322     155.715             226             226
  149         376.803    -186.027         376.792    -186.011             149             149
  103         988.157    -600.777         988.146    -600.780             103             103
   98           7.984   -1256.346           7.962   -1256.346              98              98
  142        -191.014    1246.121        -190.987    1246.130             142             142
   91        1383.574    -304.979        1383.569    -304.997              91              91
   80        -158.369     721.075        -158.341     721.106              80              80
  107         603.520   -1518.363         603.482   -1518.358             107             107
  244         337.616     283.625         337.626     283.631             244             244
   58        1166.895   -1218.432        1166.868   -1218.450              58              58
  164         969.830     111.047         969.855     111.031             164             164
  157         158.218   -1022.994         158.210   -1022.984             157             157
   80         632.473    -294.239         632.484    -294.245              80              80
  159        1044.353   -1802.320        1044.333   -1802.352             159             159
  235        -846.758    -148.721        -846.730    -148.706             235             235
  160         257.285   -1057.804         257.271   -1057.825             160             160
  131         172.015    -107.355         172.041    -107.387             131             131
    6        -214.051    1385.600        -213.974    1385.608               6               6
   97        -378.656   -1185.118        -378.664   -1185.100              97              97
  103       -1282.721     204.173       -1282.696     204.202             103             103
   65        -610.065    1018.509        -610.031    1018.542              65              65
  229        -169.037   -1267.177        -169.087   -1267.161             229             229
  233         191.971    -248.284         191.965    -248.310             233             233
  226         -94.363    1221.600         -94.313    1221.605             226             226
   99         615.385    -457.857         615.384    -457.862              99              99
  235        -327.336    -615.256        -327.335    -615.246             235             235
  112        -506.209      13.193        -506.196      13.199             112             112
   18         -84.293     696.304         -84.257     696.308              18              18
  212         -62.509    -493.123         -62.509    -493.121             212             212
  237       -1311.044     958.943       -1311.000     959.000             237             237
   89        -552.678     115.009        -552.699     115.055              89              89
  203         473.946    -407.499         473.904    -407.505             203             203
  106         385.521    -289.824         385.491    -289.836             106             106
   15        1488.725    -213.987        1488.721    -214.054              15              15
  206         503.927    -200.047         503.948    -200.078             206             206
  189         480.389     -69.780         480.424     -69.824             189             189
   93        -713.516    1383.472        -713.428    1383.501              93              93
  126         784.106     213.937         784.143     213.918             126             126
  157        -461.906     923.926        -461.819     923.978             157             157
  230        -985.940   -1021.151        -985.967   -1021.086             230             230
  247        -646.419     416.681        -646.399     416.697             247             247
   19        -617.725    2303.172        -617.633    2303.243              19              19
  233         805.857    -326.449         805.830    -326.406             233             233
  192         168.679   -1290.618         168.623   -1290.586             192             192
   48         471.866     368.383         471.897     368.399              48              48
  158         350.368   -1773.522         350.296   -1773.509             158             158
   57        1137.047    -436.299        1137.079    -436.358              57              57
  180        -963.867    -831.582        -963.849    -831.538             180             180
  225        -107.261      11.921        -107.207      11.911             225             225
   33       -1985.227     688.254       -1985.159     688.378              33              33
   39        -503.687    -762.253        -503.730    -762.200              39              39
   44        -440.525    -395.891        -440.526    -395.860              44              44
  226       -2094.027    -546.409       -2094.065    -546.297             226             226
   36       -1347.922    -122.365       -1348.008    -122.305              36              36
   74        2208.086     882.072        2208.107     881.957              74              74
  187       -1287.068    -298.069       -1287.073    -297.963             187             187
    7        -571.656    -284.749        -571.716    -284.698               7               7
  191         507.757     265.360         507.728     265.366             191             191
   23         472.599   -1377.166         472.488   -1377.168              23              23
   61        1106.468    -179.568        1106.452    -179.625              61              61
   45         139.289   -1333.963         139.208   -1333.974              45              45
  121        2037.317      -9.437        2037.351      -9.574             121             121
  202         376.455   -1478.515         376.459   -1478.563             202             202
  153       -1382.628    -267.614       -1382.577    -267.594             153             153
    9        -720.574    1091.111        -720.479    1091.120               9               9
   91        -904.536     409.235        -904.502     409.297              91              91
   91        -324.833    -114.894        -324.841    -114.876              91              91
  189        -574.499     735.376        -574.454     735.421             189             189
  215         335.645     -78.406         335.660     -78.406             215             215
  246       -1524.508    -264.330       -1524.514    -264.225             246             246
   36        -651.830     896.860        -651.803     896.929              36              36
  205         613.812    -795.069         613.768    -795.075             205             205
  139       -2206.915    -423.217       -2206.950    -423.063             139             139
   36        -594.065     -80.754        -594.142     -80.712              36              36
  134         -60.988    -347.901         -61.070    -347.898             134             134
  115        -875.046     126.799        -875.121     126.861             115             115
  173        1384.712    -434.649        1384.605    -434.757             173             173
  198         756.674    1038.897         756.729    1038.856             198             198
   82         320.790    -710.145         320.724    -710.139              82              82
  213         726.890     484.470         726.921     484.445             213             213
   25         534.186    -891.535         534.146    -891.539              25              25
  194        -703.197    -504.087        -703.225    -504.022             194             194
  218           5.469   -1268.774           5.352   -1268.800             218             218
  228         383.225     561.955         383.269     561.892             228             228
  109        -967.777     437.425        -967.765     437.528             109             109
   71         374.921   -1211.189         374.781   -1211.195              71              71
   23        -228.071   -1036.148        -228.205   -1036.166              23              23
   71        1010.595    -530.367        1010.499    -530.523              71              71
  110        1347.062    1485.989        1347.182    1485.859             110             110
   94         231.222    -823.874         231.175    -823.893              94              94
  101         767.437     743.634         767.518     743.569             101             101
  114         378.841   -1256.433         378.788   -1256.484             114             114
  197        -286.981     897.784        -286.862     897.772             197             197
  186        -988.000      -0.092        -988.000       0.000             186             186
  242        -286.737    -897.760        -286.860    -897.772             242             242
  210         378.728    1256.538         378.785    1256.485             210             210
   12         767.606    -743.498         767.520    -743.567              12              12
   91         231.124     823.915         231.174     823.894              91              91
   66        1347.314   -1485.710        1347.183   -1485.854              66              66
   53        1010.391     530.697        1010.497     530.525              53              53
  245        -228.356    1036.185        -228.207    1036.166             245             245
  213         374.619    1211.202         374.779    1211.196             213             213
    9        -967.750    -437.650        -967.764    -437.530               9               9
    1         383.320    -561.818         383.269    -561.891               1               1
  196           5.210    1268.833           5.350    1268.801             196             196
   25        -703.260     503.942        -703.226     504.021              25              25
  226         534.095     891.545         534.143     891.540             226             226
   98         726.960    -484.412         726.921    -484.443              98              98
  237         320.638     710.134         320.723     710.140             237             237
   37         756.801   -1038.803         756.730   -1038.856              37              37
   94        1384.461     434.904        1384.603     434.761              94              94
   28        -875.221    -126.945        -875.121    -126.862              28              28
  167         -61.183     347.895         -61.072     347.898             167             167
   23        -594.246      80.651        -594.141      80.710              23              23
   86       -2207.001     422.841       -2206.952     423.058              86              86
   74         613.702     795.084         613.766     795.076              74              74
   67        -651.760    -897.032        -651.800    -896.931              67              67
  147       -1524.521     264.069       -1524.514     264.223             147             147
   55         335.681      78.405         335.659      78.406              55              55
  169        -574.383    -735.489        -574.452    -735.421             169             169
  249        -324.853     114.849        -324.841     114.876             249             249
   70        -904.448    -409.396        -904.501    -409.299              70              70
  255        -720.326   -1091.136        -720.477   -1091.121             255             255
  186       -1382.496     267.558       -1382.578     267.592             186             186
   16         376.464    1478.644         376.457    1478.565              16              16
  170        2037.407       9.804        2037.351       9.574             170             170
  156         139.062    1333.994         139.204    1333.974             156             156
   43        1106.424     179.728        1106.452     179.628              43              43
   72         472.288    1377.174         472.486    1377.169              72              72
  246         507.678    -265.377         507.729    -265.366             246             246
  136        -571.828     284.601        -571.717     284.696             136             136
  230       -1287.086     297.764       -1287.075     297.961             230             230
  232        2208.151    -881.735        2208.110    -881.953             232             232
   27       -1348.172     122.186       -1348.008     122.303              27              27
   72       -2094.141     546.070       -2094.066     546.292              72              72
  103        -440.530     395.798        -440.527     395.860             103             103
  192        -503.817     762.092        -503.731     762.199             192             192
   41       -1985.018    -688.638       -1985.157    -688.382              41              41
   99        -107.094     -11.893        -107.207     -11.912              99              99
  102        -963.813     831.442        -963.850     831.537             102             102
  249        1137.145     436.488        1137.077     436.360             249             249
  212         350.136    1773.481         350.294    1773.509             212             212
  108         471.968    -368.433         471.897    -368.398             108             108
  231         168.490    1290.511         168.620    1290.586             231             231
  130         805.765     326.309         805.828     326.407             130             130
  171        -617.404   -2303.411        -617.627   -2303.243             171             171
  192        -646.349    -416.739        -646.398    -416.698             192             192
   74        -986.036    1020.924        -985.968    1021.084              74              74
   59        -461.598    -924.110        -461.817    -923.979              59              59
  213         784.237    -213.867         784.144    -213.917             213             213
  192        -713.193   -1383.581        -713.425   -1383.503             192             192
  129         480.518      69.938         480.424      69.824             129             129
  191         504.005     200.163         503.948     200.079             191             191
   34        1488.709     214.242        1488.721     214.057              34              34
   35         385.407     289.873         385.490     289.837              35              35
    4         473.783     407.519         473.904     407.505               4               4
   90        -552.762    -115.191        -552.699    -115.056              90              90
   38       -1310.868    -959.172       -1311.000    -959.000              38              38
  210         -62.515     493.114         -62.511     493.121             210             210
  105         -84.140    -696.324         -84.256    -696.309             105             105
  221        -506.155     -13.222        -506.196     -13.200             221             221
   79        -327.335     615.212        -327.336     615.246              79              79
   84         615.375     457.882         615.382     457.863              84              84
   53         -94.136   -1221.625         -94.310   -1221.606              53              53
   71         191.943     248.402         191.965     248.311              71              71
   26        -169.265    1267.104        -169.088    1267.161              26              26
  188        -609.899   -1018.666        -610.028   -1018.543             188             188
  211       -1282.602    -204.319       -1282.696    -204.204             211             211
  235        -378.698    1185.028        -378.666    1185.099             235             235
  170        -213.660   -1385.641        -213.970   -1385.608             170             170
   89         172.144     107.516         172.040     107.387              89              89
   95         257.210    1057.915         257.269    1057.826              95              95
   19        -846.611     148.634        -846.729     148.703              19              19
   72        1044.244    1802.491        1044.331    1802.352              72              72
   21         632.527     294.273         632.483     294.245              21              21
  154         158.169    1022.941         158.208    1022.984             154             154
  103         969.972    -110.952         969.855    -111.030             103             103
  125        1166.731    1218.543        1166.866    1218.453             125             125
   17         337.676    -283.656         337.625    -283.630              17              17
   92         603.281    1518.333         603.479    1518.358              92              92
  180        -158.192    -721.264        -158.339    -721.105             180             180
  168        1383.542     305.096        1383.569     304.999             168             168
   63        -190.831   -1246.182        -190.984   -1246.130              63              63
  116           7.830    1256.342           7.960    1256.345             116             116
  146         988.079     600.806         988.144     600.783             146             146
   24         376.721     185.919         376.791     186.012              24              24
  210        -576.292    -155.968        -576.323    -155.716             210             210
  156         710.543   -2232.857         710.204   -2232.942             156             156
  126        -296.557    1248.551        -296.387    1248.556             126             126
  190         952.520     721.592         952.649     721.574             190             190
  140        -636.658    -180.623        -636.630    -180.355             140             140
  155        -516.868   -1724.998        -517.131   -1724.853             155             155
  182        -378.678    -240.286        -378.746    -240.276             182             182
   29        -126.757    1242.545        -126.576    1242.621              29              29
  160       -2003.271     192.073       -2003.342     192.572             160             160
  204        -205.326   -2275.522        -205.888   -2275.402             204             204
  246         514.234     -61.439         514.044     -61.537             246             246
   59         470.531    -270.150         470.351    -270.193              59              59
  236         616.033    -221.487         615.880    -221.539             236             236
  230        1203.109    -175.153        1203.049    -175.259             230             230
  209        -761.603   -1545.598        -761.896   -1545.465             209             209
   18        1278.091    -542.121        1277.962    -542.403              18              18
  185       -1472.271     188.489       -1472.321     188.633             185             185
   96         850.181    1118.638         850.194    1118.529              96              96
   20         294.064      70.496         293.976      70.564              20              20
  214         592.798    -502.026         592.644    -502.014             214             214
  113        -184.979    -950.081        -185.218    -949.997             113             113
  144         578.730    -933.534         578.480    -933.641             144             144
  167         626.516    -324.620         626.441    -324.757             167             167
  102       -1183.451    -328.902       -1183.572    -328.730             102             102
  254        -824.421   -1071.476        -824.825   -1071.425             254             254
   84         973.504     421.139         973.347     420.880              84              84
   12          90.475     -65.310          90.296     -65.399              12              12
  145         180.797    1039.215         180.764    1039.163             145             145
   39         430.764      -2.090         430.578      -2.120              39              39
  164        -564.337    -286.447        -564.600    -286.377             164             164
  170       -1109.585    1341.175       -1109.748    1341.416             170             170
  246        -104.379   -1306.903        -105.133   -1306.813             246             246
   69         272.584    -480.095         271.842    -480.215              69              69
  224         110.479     630.495         109.622     630.416             224             224
  129        1017.360     792.229        1015.687     792.102             129             129
