SINAL     NFT                         FFT                         NFT INVERSA     FFT INVERSA
-----     -----------------------     -----------------------     -----------     -----------
  200       64613.000       0.000       64613.000       0.000             200             200
  188         129.973    -411.293         129.986    -411.293             188             188
   43         508.605     832.113         508.620     832.112              43              43
  149       -1525.785    1895.262       -1525.769    1895.265             149             149
   50         198.807    -420.968         198.817    -420.967              50              50
  148        1025.715      58.807        1025.727      58.806             148             148
   49        1426.452    1140.680        1426.470    1140.677              49              49
  247         -30.675    2390.750         -30.649    2390.761             247             247
   27         474.929   -4675.460         474.924   -4675.455              27              27
   56       -1853.941   -1065.511       -1853.933   -1065.504              56              56
  235         853.618    -545.262         853.625    -545.266             235             235
  217         678.867   -2710.307         678.867   -2710.316             217             217
  200        -269.814    -181.971        -269.796    -181.983             200             200
   82       -2205.678    1351.583       -2205.657    1351.591              82              82
  169        1316.107    1870.807        1316.128    1870.798             169             169
  133         500.803      87.028         500.820      87.029             133             133
  181        -211.648     133.471        -211.630     133.477             181             181
  213        -315.449    -481.712        -315.440    -481.708             213             213
   40         838.040     756.689         838.067     756.682              40              40
  175       -1944.194    -272.699       -1944.182    -272.670             175             175
   89         779.929    -298.586         779.935    -298.594              89              89
   93        -228.610     268.953        -228.586     268.961              93              93
  162       -2517.872   -1776.583       -2517.895   -1776.554             162             162
  115        1824.947    1535.725        1824.966    1535.698             115             115
   22        1252.485   -1839.900        1252.480   -1839.923              22              22
  193       -1309.774     516.266       -1309.742     516.270             193             193
  164       -2012.160     710.184       -2012.152     710.202             164             164
   43        2245.745    2346.437        2245.783    2346.399              43              43
  241        -399.613     844.287        -399.582     844.305             241             241
  107         534.968    1848.715         535.017    1848.728             107             107
  100        -257.273    -597.950        -257.261    -597.918             100             100
  120       -1293.941     407.391       -1293.919     407.435             120             120
   45       -1152.918    -767.905       -1152.932    -767.858              45              45
   86       -1282.106    -419.869       -1282.129    -419.826              86              86
  173         553.369    -361.650         553.346    -361.639             173             173
  108       -1295.226   -2655.876       -1295.310   -2655.843             108             108
   96        2393.791    -952.305        2393.742    -952.386              96              96
  128        1469.715    1333.247        1469.747    1333.199             128             128
   91        1236.126     196.588        1236.141     196.562              91              91
   74         499.737     637.802         499.763     637.799              74              74
   18         951.559    -365.307         951.557    -365.320              18              18
  126        1081.944     639.967        1081.977     639.959             126             126
   30         585.707   -1535.652         585.689   -1535.648              30              30
  111        -354.510   -1151.531        -354.531   -1151.523             111             111
  112        1437.614   -2231.187        1437.561   -2231.269             112             112
    3         766.125    2763.282         766.235    2763.222               3               3
    4        -624.866    1922.598        -624.788    1922.641               4               4
   64         619.423    -648.505         619.424    -648.492              64              64
   19       -1284.794     -85.911       -1284.791     -85.850              19              19
  138        1220.137   -1747.254        1220.078   -1747.296             138             138
   81         776.497    1080.365         776.554    1080.325              81              81
  236        -429.404    1785.035        -429.322    1785.085             236             236
  158       -1471.687   -1596.353       -1471.755   -1596.254             158             158
   94        2111.169   -2190.260        2111.090   -2190.327              94              94
  143       -1147.420   -1606.174       -1147.474   -1606.174             143             143
   98         875.692     645.135         875.688     645.058              98              98
  141        1659.057    1679.054        1659.111    1678.989             141             141
   65        1206.356    -317.062        1206.356    -317.094              65              65
  212        1739.724     202.853        1739.762     202.790             212             212
   55         888.528     520.153         888.601     520.130              55              55
   44        -753.258     271.096        -753.208     271.156              44              44
  153        -634.379   -1830.692        -634.447   -1830.661             153             153
  211        1296.740     260.098        1296.757     260.038             211             211
   80        -489.505    -541.108        -489.524    -541.089              80              80
  247        2728.067    -983.243        2728.049    -983.378             247             247
  206         392.945    -230.459         393.014    -230.519             206             206
   87       -2534.977    1009.266       -2534.910    1009.340              87              87
  166         533.331    1450.204         533.369    1450.192             166             166
   67        1096.267   -1613.309        1096.202   -1613.367              67              67
  248         846.392    1631.808         846.498    1631.740             248             248
  193        -329.093    1399.416        -328.994    1399.456             193             193
  163       -1578.893    -695.970       -1578.946    -695.873             163             163
  219        1950.020    -604.039        1949.953    -604.149             219             219
  149        2847.034    2005.172        2847.174    2005.047             149             149
  106         -19.015    -847.348         -18.973    -847.313             106             106
   64        -533.126    -813.208        -533.116    -813.193              64              64
  226         -61.549      38.787         -61.510      38.760             226             226
  202        -874.299     367.643        -874.260     367.653             202             202
   71           9.636    1440.980           9.713    1440.964              71              71
   45        -578.883    1608.980        -578.810    1609.041              45              45
  131        1228.868     108.628        1228.878     108.620             131             131
  114        -650.430    -683.858        -650.455    -683.794             114             114
   89         210.629    -838.968         210.562    -838.987              89              89
   74        1765.628     255.478        1765.651     255.359              74              74
  142         499.079     252.435         499.145     252.381             142             142
  117        -976.675    1442.801        -976.571    1442.843             117             117
   53        -690.408    1762.762        -690.346    1762.851              53              53
  141        1753.888    -873.060        1753.812    -873.103             141             141
  179        1030.989    -550.894        1030.978    -550.954             179             179
  205         340.599     794.618         340.659     794.601             205             205
  254        1337.712    -731.303        1337.695    -731.397             254             254
  215         273.142    2556.980         273.328    2556.967             215             215
   34         233.007    1230.399         233.092    1230.487              34              34
   13        1450.572   -2686.773        1450.441   -2686.822              13              13
   99         759.107    1253.306         759.243    1253.247              99              99
  166        -475.926      21.111        -475.893      21.162             166             166
  141        1602.558     924.329        1602.651     924.268             141             141
   27          91.021    -441.680          91.055    -441.640              27              27
  255         671.819     276.732         671.896     276.727             255             255
  174        -205.645    -676.529        -205.631    -676.489             174             174
  171         130.839     504.378         130.911     504.398             171             171
   76         242.425    -881.294         242.409    -881.289              76              76
   65         296.790     841.901         296.889     841.905              65              65
   13         689.070    -568.557         689.098    -568.561              13              13
  200         126.667     208.097         126.784     208.130             200             200
  239       -2753.940   -1104.964       -2753.989   -1104.743             239             239
  117         767.597    -387.462         767.547    -387.504             117             117
  189        -859.131     128.955        -859.147     129.062             189             189
  165        1761.460   -3045.609        1761.221   -3045.744             165             165
  142        2000.801     323.746        2000.894     323.539             142             142
  197         262.777    -955.332         262.827    -955.410             197             197
  131        -955.552     241.715        -955.453     241.691             131             131
  147        -486.212    1848.575        -486.048    1848.579             147             147
  164         374.432      18.665         374.469      18.648             164             164
   18        -309.479      55.423        -309.440      55.431              18              18
   29        1151.327     -15.037        1151.397     -15.158              29              29
   28       -1140.438     290.277       -1140.331     290.293              28              28
  144        -839.004    2801.596        -838.765    2801.653             144             144
   86        -592.309     319.804        -592.294     319.900              86              86
   49        1527.068    1370.910        1527.223    1370.858              49              49
   46       -2026.178    -974.275       -2026.210    -974.068              46              46
  188         791.678     199.711         791.696     199.645             188             188
   35        -312.492     433.740        -312.425     433.760              35              35
  126         965.808    1444.064         966.000    1444.024             126             126
   57       -2252.906    -118.776       -2252.858    -118.537              57              57
   93        -601.888    -143.662        -601.926    -143.601              93              93
   70        -121.353    1763.961        -121.239    1764.034              70              70
  178        1103.797   -1598.728        1103.707   -1598.769             178             178
  155       -1767.136    1275.828       -1767.000    1276.000             155             155
  160         424.670    -919.006         424.595    -919.010             160             160
  201       -1583.159    1131.735       -1583.073    1131.899             201             201
  129        -160.040   -1019.475        -160.189   -1019.437             129             129
   19         105.517    1030.985         105.552    1030.985              19              19
  210         636.000    -151.221         635.961    -151.253             210             210
  230        -129.046    2017.670        -128.892    2017.775             230             230
  187         695.129   -2127.449         694.933   -2127.410             187             187
  162       -1007.233    -833.439       -1007.360    -833.362             162             162
  192        2029.966    -828.354        2029.851    -828.602             192             192
  214        -512.022    1308.588        -511.927    1308.574             214             214
  112        1633.032     933.894        1633.074     933.748             112             112
   53         864.383    1279.726         864.487    1279.690              53              53
  193        2843.271    1219.645        2843.454    1219.505             193             193
   79        -301.150   -1299.825        -301.152   -1299.693              79              79
  184         663.220   -1443.350         663.168   -1443.431             184             184
  134        -927.001     503.710        -926.924     503.730             134             134
  230        2015.862    1256.875        2016.026    1256.676             230             230
  164          41.409     429.632          41.571     429.633             164             164
  221        -327.358    2321.099        -327.051    2321.200             221             221
  179        -613.293     -35.409        -613.261     -35.221             179             179
  185         772.894     -24.675         772.935     -24.664             185             185
  212        -643.201     291.414        -643.129     291.567             212             212
   83         280.738    -990.783         280.636    -990.759              83              83
  231        1999.913     669.725        2000.061     669.557             231             231
  213         192.603      37.985         192.782      38.023             213             213
  194       -1014.674     337.444       -1014.490     337.602             194             194
  246       -1820.729     143.424       -1820.653     143.670             246             246
   60       -1310.461     227.071       -1310.479     227.267              60              60
   27         581.132     863.162         581.183     863.223              27              27
   16           2.586   -1580.134           2.434   -1580.056              16              16
  171         399.184     699.807         399.286     699.797             171             171
   60        -532.895     885.389        -532.782     885.575              60              60
   62         137.770   -1223.616         137.627   -1223.500              62              62
   25        1132.812    -265.060        1132.824    -265.084              25              25
   12        -138.882   -1706.346        -138.981   -1706.284              12              12
   30        -726.297     366.916        -726.248     367.024              30              30
   66        1435.721    -630.386        1435.689    -630.454              66              66
  142        -586.521   -1781.978        -586.653   -1781.915             142             142
  178        1127.050    1205.575        1127.228    1205.501             178             178
   42        1438.918   -3374.409        1438.731   -3374.586              42              42
  152       -1344.608    1988.629       -1344.193    1988.721             152             152
   21        -734.460   -1499.386        -734.484   -1499.291              21              21
   58       -1726.256     506.396       -1726.084     506.548              58              58
  177       -2065.017     269.840       -2064.948     270.096             177             177
   92       -2590.532    -454.242       -2590.686    -453.920              92              92
  194         529.283   -1614.353         528.969   -1614.499             194             194
  192         335.089    1912.333         335.276    1912.199             192             192
   37        -297.797    1916.502        -297.584    1916.635              37              37
  241        -458.096   -1293.954        -458.281   -1293.804             241             241
  116         214.188     -97.897         214.129     -97.921             116             116
   29        1085.427    -355.970        1085.427    -356.137              29              29
   73       -1475.800    1362.858       -1475.616    1362.992              73              73
   32         167.003    2725.129         167.274    2725.265              32              32
  103         232.411   -1247.891         232.254   -1247.700             103             103
  254        -383.119   -1777.265        -383.367   -1777.198             254             254
   46        1482.795    1386.922        1482.959    1386.768              46              46
    5         672.059    -424.348         672.117    -424.334               5               5
   70        -788.123     141.807        -788.026     141.982              70              70
  154         526.044    -384.809         526.069    -384.791             154             154
    8         135.882    -383.857         136.005    -383.830               8               8
  203       -2229.256    1131.028       -2228.985    1131.416             203             203
  178       -2525.808    -960.613       -2525.969    -960.131             178             178
  140        -688.875   -1057.137        -689.122   -1056.933             140             140
  194        -385.770   -1559.498        -386.048   -1559.379             194             194
   94        -790.589   -1818.413        -790.912   -1818.332              94              94
  122        -128.268   -1041.959        -128.515   -1042.034             122             122
  247         527.016    -437.342         526.914    -437.533             247             247
  117       -1861.017    1560.749       -1860.936    1560.970             117             117
  118        1113.534   -1094.334        1113.239   -1094.444             118             118
  234       -1209.078    -240.099       -1209.307    -239.998             234             234
  162        2784.972    1188.835        2784.932    1188.520             162             162
  158        1639.571   -2035.567        1639.268   -2035.766             158             158
  120        2394.901    -275.413        2394.939    -275.856             120             120
  128         628.975    1287.032         629.313    1286.895             128             128
  130        -830.085    -169.027        -830.020    -168.929             130             130
    9         204.064     490.450         204.147     490.374               9               9
  248         335.066    1467.593         335.310    1467.578             248             248
  147        -333.826    -182.952        -333.795    -182.869             147             147
   41       -1000.616    2120.334       -1000.357    2120.576              41              41
  221        -220.507    -572.361        -220.700    -572.135             221             221
  114        1521.063   -1185.807        1520.857   -1185.946             114             114
  135        -244.927     532.953        -244.855     533.046             135             135
  253           6.444   -1174.033           6.186   -1173.989             253             253
  148        2466.725     622.413        2466.829     622.104             148             148
   96       -1472.650    -669.269       -1472.744    -669.010              96              96
  211        2105.475      78.007        2105.419      77.750             211             211
   87        1364.776    -218.246        1364.831    -218.381              87              87
   33         456.677    -395.773         456.742    -395.797              33              33
   65        -540.787    -365.592        -540.798    -365.503              65              65
  188         419.675      70.036         419.636      69.990             188             188
   60        1886.578     284.883        1886.644     284.679              60              60
  162         778.154    -942.742         778.116    -942.829             162             162
  135        1622.294    1024.819        1622.591    1024.638             135             135
  158         558.036    -611.003         558.180    -610.971             158             158
  212        -501.303    -183.145        -501.135    -182.965             212             212
  202        -616.798   -1662.695        -616.936   -1662.549             202             202
   23         348.511    -404.431         348.545    -404.469              23              23
   50         -83.510   -2267.140         -83.713   -2267.224              50              50
  146        -627.342    1168.340        -627.080    1168.316             146             146
   45        -395.006    -391.073        -395.046    -391.035              45              45
  239         824.088     662.834         824.226     662.737             239             239
   23         530.444   -1761.678         530.289   -1761.773              23              23
   40        1083.904    -587.590        1084.019    -587.947              40              40
  162        -328.674    2458.891        -328.010    2458.893             162             162
   16       -2312.300   -1232.085       -2312.319   -1231.728              16              16
    4        -940.543    1120.846        -940.333    1120.924               4               4
   49       -1665.302    1080.657       -1665.189    1080.986              49              49
  161         437.705    -945.794         437.465    -945.819             161             161
    8        1200.778     766.708        1200.955     766.524               8               8
   10        -653.032      64.082        -652.925      64.239              10              10
  231          59.406      42.147          59.460      42.194             231             231
   72          54.823    -489.698          54.797    -489.674              72              72
  157        1188.082    -499.478        1188.147    -499.698             157             157
  115        -249.504     305.111        -249.215     305.104             115             115
  192       -1206.221    -111.757       -1206.057    -111.628             192             192
  191        -922.568    1223.197        -922.264    1223.314             191             191
  170        -657.504     657.669        -657.292     657.819             170             170
   54        -973.368    1418.210        -973.029    1418.527              54              54
  223       -1686.483   -1426.421       -1686.664   -1426.008             223             223
   30       -1485.798    -412.424       -1485.961    -412.188              30              30
   85        1284.669     -27.507        1284.649     -27.740              85              85
  209        -745.172     894.283        -744.934     894.447             209             209
  215         282.523    -432.056         282.580    -432.025             215             215
    6       -1581.437    -559.723       -1581.394    -559.488               6               6
   30       -1163.468     824.694       -1163.298     824.860              30              30
  214        -796.143     990.641        -795.961     990.877             214             214
  193        -148.098    -639.528        -148.085    -639.395             193             193
   30       -3275.000      -0.584       -3275.000       0.000              30              30
  222        -148.076     639.263        -148.088     639.396             222             222
  212        -795.772    -991.119        -795.959    -990.879             212             212
  216       -1163.119    -825.035       -1163.295    -824.863             216             216
  120       -1581.352     559.239       -1581.395     559.484             120             120
  220         282.638     431.991         282.579     432.024             220             220
  254        -744.680    -894.623        -744.931    -894.449             254             254
  224        1284.627      27.990        1284.649      27.743             224             224
   13       -1486.138     411.932       -1485.963     412.185              13              13
  161       -1686.866    1425.558       -1686.669    1426.004             161             161
  250        -972.655   -1418.873        -973.024   -1418.529             250             250
   66        -657.061    -657.988        -657.291    -657.823              66              66
   54        -921.927   -1223.446        -922.261   -1223.316              54              54
   38       -1205.875     111.480       -1206.057     111.624              38              38
  253        -248.890    -305.096        -249.213    -305.104             253             253
  242        1188.220     499.949        1188.146     499.702             242             242
  146          54.766     489.647          54.796     489.674             146             146
   49          59.520     -42.248          59.459     -42.195              49              49
   43        -652.799     -64.420        -652.924     -64.239              43              43
  221        1201.164    -766.306        1200.957    -766.521             221             221
   27         437.183     945.849         437.464     945.820              27              27
   10       -1665.051   -1081.380       -1665.186   -1080.991              10              10
  108        -940.080   -1121.017        -940.330   -1120.924             108             108
  122       -2312.345    1231.293       -2312.322    1231.722             122             122
  225        -327.205   -2458.898        -328.006   -2458.894             225             225
  199        1084.159     588.384        1084.020     587.948             199             199
  232         530.096    1761.894         530.286    1761.776             232             232
  205         824.401    -662.617         824.230    -662.736             205             205
  193        -395.095     390.986        -395.046     391.034             193             193
   98        -626.747   -1168.288        -627.075   -1168.318              98              98
  215         -83.976    2267.330         -83.718    2267.224             215             215
  227         348.588     404.520         348.545     404.471             227             227
   73        -617.117    1662.361        -616.938    1662.549              73              73
  182        -500.917     182.730        -501.135     182.964             182             182
  104         558.365     610.930         558.178     610.972             104             104
  119        1622.985   -1024.392        1622.594   -1024.633             119             119
   36         778.062     942.945         778.114     942.830              36              36
   71        1886.732    -284.400        1886.644    -284.675              71              71
   81         419.585     -69.927         419.637     -69.989              81              81
  132        -540.813     365.378        -540.798     365.501             132             132
  153         456.831     395.830         456.742     395.797             153             153
  118        1364.908     218.572        1364.832     218.384             118             118
   23        2105.339     -77.385        2105.418     -77.745              23              23
  209       -1472.879     668.640       -1472.745     669.006             209             209
  127        2466.976    -621.663        2466.829    -622.100             127             127
   16           5.817    1173.925           6.185    1173.988              16              16
  124        -244.750    -533.179        -244.854    -533.046             124             124
   61        1520.555    1186.150        1520.855    1185.949              61              61
  207        -220.983     571.805        -220.701     572.135             207             207
   76        -999.968   -2120.940       -1000.352   -2120.580              76              76
  220        -333.750     182.745        -333.796     182.869             220             220
   12         335.680   -1467.553         335.314   -1467.577              12              12
  159         204.271    -490.259         204.147    -490.374             159             159
  234        -829.921     168.776        -830.019     168.926             234             234
   51         629.833   -1286.682         629.315   -1286.893              51              51
   74        2394.999     276.546        2394.940     275.862              74              74
    6        1638.795    2036.076        1639.267    2035.768               6               6
  197        2784.872   -1188.014        2784.934   -1188.512             197             197
  189       -1209.671     239.834       -1209.308     239.995             189             189
  178        1112.762    1094.622        1113.235    1094.446             178             178
   86       -1860.802   -1561.331       -1860.933   -1560.974              86              86
   20         526.744     437.846         526.912     437.535              20              20
   80        -128.921    1042.158        -128.517    1042.034              80              80
  246        -791.451    1818.196        -790.919    1818.330             246             246
   82        -386.515    1559.178        -386.049    1559.378              82              82
  114        -689.545    1056.586        -689.126    1056.931             114             114
   24       -2526.244     959.305       -2525.971     960.126              24              24
   33       -2228.516   -1132.089       -2228.982   -1131.422              33              33
   86         136.212     383.782         136.003     383.830              86              86
   33         526.112     384.759         526.069     384.791              33              33
  241        -787.853    -142.289        -788.024    -141.983             241             241
  152         672.216     424.311         672.115     424.334             152             152
  241        1483.253   -1386.490        1482.960   -1386.766             241             241
  190        -383.821    1777.071        -383.371    1777.194             190             190
  184         231.966    1247.356         232.252    1247.701             184             184
  134         167.780   -2725.514         167.281   -2725.265             134             134
   28       -1475.274   -1363.243       -1475.614   -1362.994              28              28
  162        1085.425     356.450        1085.426     356.139             162             162
   33         214.020      97.967         214.130      97.921              33              33
  135        -458.633    1293.517        -458.283    1293.801             135             135
  233        -297.173   -1916.891        -297.582   -1916.636             233             233
  237         335.644   -1911.941         335.280   -1912.199             237             237
  212         528.353    1614.785         528.965    1614.501             212             212
  206       -2590.988     453.276       -2590.687     453.912             206             206
   83       -2064.809    -270.607       -2064.946    -270.100              83              83
  208       -1725.736    -506.859       -1726.081    -506.553             208             208
  119        -734.534    1499.099        -734.487    1499.290             119             119
  166       -1343.344   -1988.916       -1344.186   -1988.726             166             166
  130        1438.339    3374.952        1438.725    3374.588             130             130
   60        1127.602   -1205.340        1127.232   -1205.497              60              60
   35        -586.933    1781.777        -586.656    1781.911              35              35
  163        1435.625     630.603        1435.690     630.458             163             163
  246        -726.142    -367.256        -726.246    -367.025             246             246
   13        -139.201    1706.153        -138.986    1706.284              13              13
   38        1132.849     265.137        1132.823     265.085              38              38
   37         137.314    1223.248         137.625    1223.500              37              37
   36        -532.532    -885.987        -532.781    -885.576              36              36
   68         399.515    -699.771         399.287    -699.795              68              68
  170           2.087    1579.877           2.430    1580.054             170             170
   50         581.305    -863.355         581.186    -863.221              50              50
   78       -1310.516    -227.721       -1310.478    -227.270              78              78
  255       -1820.474    -144.249       -1820.652    -143.678             255             255
   40       -1014.059    -337.974       -1014.489    -337.605              40              40
  137         193.204     -38.110         192.784     -38.023             137             137
  112        2000.410    -669.154        2000.061    -669.554             112             112
   99         280.389     990.704         280.634     990.760              99              99
  193        -642.954    -291.941        -643.129    -291.570             193             193
   89         773.037      24.639         772.937      24.665              89              89
  108        -613.183      34.757        -613.262      35.220             108             108
  144        -326.279   -2321.455        -327.043   -2321.203             144             144
   20          41.976    -429.635          41.571    -429.633              20              20
    1        2016.446   -1256.165        2016.031   -1256.670               1               1
    7        -926.724    -503.782        -926.922    -503.731               7               7
   82         663.030    1443.645         663.165    1443.433              82              82
  249        -301.162    1299.342        -301.155    1299.690             249             249
  105        2843.944   -1219.126        2843.458   -1219.497             105             105
  119         864.770   -1279.588         864.491   -1279.687             119             119
    0        1633.193    -933.350        1633.079    -933.743              -0               0
   81        -511.662   -1308.539        -511.923   -1308.576              81              81
   23        2029.535     829.288        2029.849     828.609              23              23
   86       -1007.714     833.150       -1007.361     833.361              86              86
  177         694.375    2127.304         694.926    2127.411             177             177
  199        -128.452   -2018.075        -128.887   -2017.777             199             199
   15         635.848     151.342         635.960     151.253              15              15
   89         105.656   -1030.983         105.555   -1030.983              89              89
   81        -160.626    1019.323        -160.192    1019.436              81              81
   34       -1582.818   -1132.385       -1583.070   -1131.903              34              34
  106         424.370     919.022         424.592     919.010             106             106
  150       -1766.592   -1276.515       -1767.000   -1276.000             150             150
  159        1103.418    1598.895        1103.702    1598.770             159             159
  218        -120.871   -1764.258        -121.233   -1764.034             218             218
  153        -602.045     143.412        -601.927     143.600             153             153
   75       -2252.706     117.777       -2252.857     118.533              75              75
  144         966.619   -1443.896         966.004   -1444.024             144             144
   28        -312.204    -433.820        -312.422    -433.759              28              28
   54         791.753    -199.427         791.695    -199.644              54              54
  165       -2026.322     973.377       -2026.212     974.064             165             165
   13        1527.745   -1370.681        1527.226   -1370.857              13              13
    2        -592.237    -320.224        -592.292    -319.901               2               2
  190        -837.940   -2801.851        -838.758   -2801.655             190             190
   14       -1139.963    -290.349       -1140.329    -290.294              14              14
  203        1151.637      15.582        1151.397      15.161             203             203
  215        -309.299     -55.462        -309.439     -55.431             215             215
  234         374.599     -18.588         374.468     -18.647             234             234
  209        -485.453   -1848.594        -486.045   -1848.579             209             209
  168        -955.101    -241.612        -955.454    -241.694             168             168
   22         263.009     955.696         262.826     955.410              22              22
  121        2001.239    -322.755        2000.894    -323.532             121             121
   25        1760.315    3046.260        1761.217    3045.748              25              25
   70        -859.206    -129.471        -859.147    -129.063              70              70
  174         767.355     387.671         767.547     387.507             174             174
  247       -2754.181    1103.869       -2753.991    1104.735             247             247
  232         127.247    -208.265         126.786    -208.132             232             232
  193         689.208     568.581         689.097     568.562             193             193
  102         297.293    -841.923         296.892    -841.905             102             102
   33         242.339     881.270         242.407     881.289              33              33
  200         131.216    -504.481         130.914    -504.397             200             200
   43        -205.574     676.318        -205.632     676.487              43              43
  193         672.220    -276.704         671.897    -276.725             193             193
  246          91.196     441.472          91.054     441.640             246             246
   27        1603.059    -923.998        1602.653    -924.265              27              27
  172        -475.749     -21.395        -475.894     -21.164             172             172
  146         759.859   -1252.982         759.246   -1253.246             146             146
  254        1449.821    2687.052        1450.432    2686.824             254             254
  191         233.491   -1230.887         233.095   -1230.487             191             191
  207         274.211   -2556.909         273.335   -2556.968             207             207
   82        1337.610     731.852        1337.692     731.401              82              82
  145         340.953    -794.518         340.662    -794.601             145             145
  159        1030.923     551.243        1030.977     550.955             159             159
   62        1753.436     873.324        1753.810     873.106              62              62
  137        -690.032   -1763.296        -690.344   -1762.852             137             137
  254        -976.037   -1443.060        -976.567   -1442.845             254             254
  220         499.484    -252.105         499.146    -252.379             220             220
   28        1765.770    -254.732        1765.651    -255.353              28              28
  240         210.204     839.090         210.559     838.988             240             240
  203        -650.594     683.443        -650.456     683.791             203             203
  235        1228.929    -108.565        1228.878    -108.617             235             235
   84        -578.404   -1609.382        -578.808   -1609.043              84              84
   10          10.154   -1440.871           9.717   -1440.964              10              10
   40        -874.040    -367.713        -874.260    -367.656              40              40
   48         -61.286     -38.605         -61.509     -38.759              48              48
  116        -533.059     813.101        -533.116     813.192             116             116
  241         -18.734     847.105         -18.977     847.313             241             241
   40        2848.022   -2004.281        2847.179   -2005.040              40              40
  109        1949.541     604.827        1949.954     604.151             109             109
  227       -1579.283     695.250       -1578.949     695.866             227             227
  159        -328.356   -1399.712        -328.990   -1399.456             159             159
   72         847.190   -1631.297         846.503   -1631.738              72              72
   74        1095.767    1613.755        1096.199    1613.371              74              74
  137         533.632   -1450.109         533.372   -1450.190             137             137
   95       -2534.454   -1009.852       -2534.907   -1009.345              95              95
   25         393.494     230.933         393.013     230.521              25              25
  130        2727.927     984.326        2728.049     983.379             130             130
  125        -489.669     540.945        -489.526     541.088             125             125
   21        1296.882    -259.567        1296.758    -260.032              21              21
  189        -634.977    1830.420        -634.452    1830.659             189             189
   64        -752.816    -271.608        -753.206    -271.157              64              64
   22         889.176    -519.946         888.603    -520.129              22              22
  202        1740.059    -202.269        1739.763    -202.785             202             202
  128        1206.350     317.365        1206.356     317.097             128             128
  254        1659.565   -1678.453        1659.113   -1678.988             254             254
  248         875.660    -644.407         875.690    -645.057             248             248
   65       -1147.950    1606.165       -1147.477    1606.172              65              65
  135        2110.373    2190.927        2111.083    2190.332             135             135
   30       -1472.361    1595.376       -1471.757    1596.252              30              30
   98        -428.560   -1785.540        -429.318   -1785.085              98              98
   12         777.095   -1079.943         776.558   -1080.323              12              12
  127        1219.509    1747.705        1220.074    1747.298             127             127
   41       -1284.773      85.261       -1284.792      85.849              41              41
  231         619.412     648.367         619.421     648.492             231             231
  148        -623.972   -1923.079        -624.783   -1922.642             148             148
  167         767.407   -2762.601         766.241   -2763.222             167             167
  147        1436.986    2232.149        1437.558    2231.271             147             147
  215        -354.780    1151.434        -354.534    1151.524             215             215
  161         585.470    1535.611         585.685    1535.649             161             161
  243        1082.358    -639.857        1081.978    -639.956             243             243
  186         951.534     365.472         951.557     365.321             186             186
  138         500.076    -637.767         499.763    -637.799             138             138
  223        1236.322    -196.220        1236.142    -196.559             223             223
  196        1470.166   -1332.560        1469.749   -1333.195             196             196
  227        2393.085     953.476        2393.740     952.390             227             227
   29       -1296.503    2655.377       -1295.318    2655.839              29              29
  134         553.022     361.496         553.345     361.640             134             134
  114       -1282.469     419.184       -1282.132     419.821             114             114
    3       -1153.152     767.164       -1152.934     767.858               3               3
  142       -1293.560    -408.186       -1293.918    -407.441             142             142
   17        -257.093     597.412        -257.264     597.918              17              17
  119         535.856   -1848.937         535.020   -1848.728             119             119
  248        -399.031    -844.627        -399.580    -844.306             248             248
   93        2246.533   -2345.664        2245.789   -2346.393              93              93
  218       -2012.000    -710.576       -2012.151    -710.206             218             218
  156       -1309.126    -516.355       -1309.743    -516.272             156             156
  100        1252.342    1840.385        1252.477    1839.924             100             100
  237        1825.393   -1535.056        1824.968   -1535.692             237             237
  133       -2518.421    1775.829       -2517.897    1776.547             133             133
   93        -228.049    -269.154        -228.587    -268.960              93              93
    4         780.070     298.792         779.934     298.594               4               4
   73       -1943.901     271.900       -1944.184     272.666              73              73
  226         838.827    -756.470         838.070    -756.679             226             226
   60        -315.207     481.575        -315.442     481.707              60              60
   23        -211.074    -133.677        -211.630    -133.477              23              23
  203         501.376     -87.056         500.820     -87.029             203             203
  119        1316.984   -1870.391        1316.134   -1870.794             119             119
  102       -2204.822   -1351.932       -2205.655   -1351.595             102             102
  104        -269.047     182.468        -269.797     181.983             104             104
  161         678.728    2710.777         678.860    2710.319             161             161
  163         853.982     545.521         853.624     545.268             163             163
  163       -1853.507    1065.011       -1853.936    1065.499             163             163
  106         474.477    4675.039         474.916    4675.453             106             106
  248         -28.678   -2391.571         -30.643   -2390.763             248             248
    9        1428.093   -1140.370        1426.473   -1140.673               9               9
  181        1026.948     -58.546        1025.728     -58.802             181             181
   12         200.096     420.753         198.815     420.968              12              12
   30       -1522.896   -1895.943       -1525.764   -1895.269              30              30
  129         512.442    -831.775         508.623    -832.108             129             129
  241         136.709     411.464         129.986     411.293             241             241
