SINAL     NFT                         FFT                         NFT INVERSA     FFT INVERSA
-----     -----------------------     -----------------------     -----------     -----------
  170       68683.000       0.000       68683.000       0.000             170             170
  162         944.937    -502.891         944.951    -502.891             162             162
  199       -1970.970   -1791.427       -1970.958   -1791.426             199             199
   91        1819.676     605.669        1819.689     605.665              91              91
  132        2972.075     537.839        2972.092     537.832             132             132
   99          94.450     -46.394          94.469     -46.395              99              99
  230       -1546.690     597.199       -1546.670     597.203             230             230
  175           4.850    1299.939           4.870    1299.940             175             175
  105        -119.346   -1176.872        -119.334   -1176.872             105             105
   51       -1148.849    1004.245       -1148.827    1004.247              51              51
   40       -1737.191    1331.462       -1737.173    1331.470              40              40
  124         887.238    2326.739         887.261    2326.735             124             124
  119        -129.011    1376.586        -128.991    1376.596             119             119
   38         670.783      74.042         670.794      74.047              38              38
  177         685.443     188.604         685.461     188.607             177             177
  110         964.180    -365.895         964.198    -365.900             110             110
   91       -1464.482    2218.032       -1464.438    2218.059              91              91
   99       -1155.911   -1075.979       -1155.914   -1075.949              99              99
  131         816.400    -275.477         816.406    -275.474             131             131
   92          -9.298   -1100.248          -9.294   -1100.239              92              92
  248        -679.969     158.587        -679.952     158.603             248             248
  170        -846.532   -1047.659        -846.537   -1047.642             170             170
   50       -1332.803     586.933       -1332.798     586.958              50              50
  182        1423.428     401.842        1423.426     401.842             182             182
  219        1859.292   -2509.182        1859.262   -2509.199             219             219
  151        1054.278     323.668        1054.303     323.653             151             151
  126         394.008    -264.788         394.028    -264.778             126             126
   89         -89.282   -2049.821         -89.295   -2049.813              89              89
   38        -527.191    -708.361        -527.187    -708.355              38              38
  242       -2061.781   -1406.490       -2061.817   -1406.460             242             242
  162        3288.580    -512.496        3288.564    -512.574             162             162
  230        1210.655     799.307        1210.694     799.273             230             230
  196         915.008     706.015         915.052     706.001             196             196
   85         204.686    -239.733         204.711    -239.728              85              85
  171         800.353     -81.918         800.389     -81.926             171             171
  196       -1905.242   -1004.313       -1905.236   -1004.269             196             196
  189         185.536     396.026         185.555     396.026             189             189
  154         250.731   -1797.183         250.711   -1797.193             154             154
   47        -972.119    1088.905        -972.079    1088.921              47              47
  188         521.434    -626.504         521.428    -626.513             188             188
  235         649.534     301.772         649.570     301.758             235             235
   62        -712.593    -751.160        -712.575    -751.143              62              62
  227       -2757.625     812.398       -2757.603     812.473             227             227
  183         994.025    -304.794         994.007    -304.805             183             183
  133       -1330.184   -1573.575       -1330.233   -1573.547             133             133
  186         492.642    1045.805         492.650    1045.777             186             186
  213        1192.847     911.615        1192.870     911.596             213             213
   99         622.385       8.749         622.395       8.765              99              99
  138        -135.631   -1809.198        -135.690   -1809.174             138             138
  180        3409.806    -776.463        3409.817    -776.571             180             180
    7       -1575.661    -999.379       -1575.629    -999.337               7               7
    9       -2179.879   -1020.813       -2179.910   -1020.768               9               9
  122         -37.454     658.364         -37.459     658.346             122             122
   31         611.834    -388.049         611.801    -388.080              31              31
  233        1685.092     603.994        1685.119     603.932             233             233
   26         459.140    -355.786         459.158    -355.795              26              26
  141        -716.201    -614.010        -716.210    -613.987             141             141
  150         523.620    -940.595         523.590    -940.636             150             150
   97        -254.583     260.433        -254.570     260.414              97              97
   10         496.157     454.110         496.167     454.085              10              10
    1        1221.353   -1534.271        1221.314   -1534.349               1               1
  113       -1459.515     971.991       -1459.478     971.996             113             113
  233        1622.088    1331.974        1622.126    1331.884             233             233
  171         386.401    1776.144         386.479    1776.144             171             171
  235        1094.363    -648.184        1094.352    -648.216             235             235
  105        -468.740     679.906        -468.707     679.921             105             105
  119        1335.183     128.881        1335.184     128.821             119             119
  163        1354.707    1401.117        1354.794    1401.073             163             163
  231         312.960    -178.091         312.989    -178.075             231             231
    7         433.839    -199.755         433.862    -199.755               7               7
  144         -47.949   -1408.605         -47.987   -1408.620             144             144
   30         227.783     520.558         227.825     520.499              30              30
    2        -427.777    2062.604        -427.683    2062.616               2               2
   34        1428.769    1076.501        1428.819    1076.471              34              34
  149        1041.160     560.787        1041.221     560.795             149             149
  238         734.829   -1313.527         734.824   -1313.528             238             238
  219       -1729.310    -330.064       -1729.311    -329.980             219             219
   66        1337.203      43.075        1337.194      43.016              66              66
  225         544.925   -1219.498         544.884   -1219.549             225             225
   84         680.930     948.852         680.998     948.778              84              84
  153         718.851     653.258         718.919     653.191             153             153
  183        -392.572    3501.722        -392.376    3501.789             183             183
  214        1527.271   -1141.375        1527.223   -1141.374             214             214
  135         898.659      84.499         898.707      84.487             135             135
  155        1274.299    -574.102        1274.341    -574.148             155             155
  243        -769.877     850.395        -769.763     850.473             243             243
  232        -500.254   -1404.842        -500.318   -1404.789             232             232
  140        2064.932     626.706        2065.014     626.594             140             140
  101       -1164.034     656.587       -1163.936     656.705             101             101
  164         835.285   -1404.314         835.239   -1404.327             164             164
   93         629.975     833.258         630.097     833.262              93              93
  224        -559.110   -2105.497        -559.157   -2105.425             224             224
   16        -329.076   -1455.055        -329.094   -1455.078              16              16
  167       -1429.056     876.369       -1428.960     876.420             167             167
   37        -515.919    -351.741        -515.916    -351.725              37              37
  131       -2158.405    1359.145       -2158.352    1359.288             131             131
  240         971.328    -721.573         971.231    -721.598             240             240
  125         882.621    -397.584         882.606    -397.640             125             125
   63        -144.672     387.372        -144.622     387.390              63              63
  200        -581.342    -363.250        -581.371    -363.194             200             200
   41         454.335     -44.664         454.311     -44.681              41              41
   13        -110.056     554.613        -110.057     554.678              13              13
   93        2258.474   -2961.664        2258.267   -2961.799              93              93
  140        1233.246    -947.117        1233.234    -947.301             140             140
  125         741.224    2713.312         741.469    2713.237             125             125
  209         508.766    -118.302         508.820    -118.263             209             209
  202         585.928   -2004.106         585.862   -2004.139             202             202
  183        -610.516     228.607        -610.466     228.617             183             183
   68        2438.997     -42.202        2439.069     -42.362              68              68
   35        -228.627   -1759.349        -228.604   -1759.366              35              35
  126       -1184.725     254.852       -1184.605     254.869             126             126
  161       -1283.041    -558.404       -1283.036    -558.388             161             161
  199        -516.759    1585.385        -516.628    1585.364             199             199
  184           5.173     987.445           5.271     987.452             184             184
  233        -593.691     346.670        -593.640     346.745             233             233
  134         248.756    -652.491         248.743    -652.507             134             134
   72       -1618.581    1243.884       -1618.489    1244.037              72              72
  182         518.299   -2261.755         518.078   -2261.781             182             182
  234        2492.357    -528.130        2492.385    -528.396             234             234
  211       -2282.861    -404.012       -2282.833    -403.947             211             211
   22        1177.051    1622.366        1177.176    1622.191              22              22
  149         763.240     233.006         763.342     232.884             149             149
  254       -1047.093    2117.450       -1046.849    2117.486             254             254
   28        -494.264    1500.374        -494.113    1500.434              28              28
  244        -379.935    1027.070        -379.823    1027.142             244             244
   19        -787.509    1205.205        -787.413    1205.347              19              19
  252        1260.542    -670.378        1260.536    -670.411             252             252
  163       -2298.304    -692.776       -2298.334    -692.608             163             163
  180         678.889    1674.055         678.999    1674.000             180             180
   64        -245.098     359.907        -245.064     359.996              64              64
  244         372.438    -575.301         372.394    -575.296             244             244
  245        -309.184     292.191        -309.174     292.241             245             245
  253        2264.262   -1450.956        2264.187   -1451.188             253             253
  216        -675.269    1731.698        -675.016    1731.698             216             216
   70        -294.930    1515.471        -294.750    1515.547              70              70
  156         695.272    -336.965         695.332    -336.976             156             156
  224       -1113.744    1018.311       -1113.536    1018.452             224             224
  232       -2592.232     -39.898       -2592.226     -39.601             232             232
  176        -304.930     584.690        -304.937     584.809             176             176
  139        -181.695   -1848.313        -181.889   -1848.237             139             139
  238        -494.885   -1184.362        -495.026   -1184.372             238             238
  137        -333.986     101.592        -334.038     101.527             137             137
  137         240.238    1475.507         240.291    1475.436             137             137
  124        1256.700    1540.363        1256.783    1540.300             124             124
  183        1671.033    -619.350        1670.981    -619.452             183             183
  157        1438.224      16.331        1438.292      16.193             157             157
  186        1895.722      86.129        1895.902      85.922             186             186
  163       -1935.950    1361.717       -1935.671    1361.898             163             163
  182        -354.302     810.762        -354.178     810.845             182             182
   55          53.081     512.604          53.203     512.652              55              55
    5       -1258.565    1329.053       -1258.390    1329.282               5               5
  243         -14.631    -666.588         -14.670    -666.452             243             243
  180       -1533.322   -1931.260       -1533.539   -1931.107             180             180
  166        1931.942    1490.548        1932.105    1490.349             166             166
  241       -1331.488    -152.828       -1331.432    -152.625             241             241
  209       -1058.350    -540.404       -1058.456    -540.269             209             209
  216        1224.226     607.715        1224.243     607.644             216             216
  214         970.704   -1604.692         970.594   -1604.767             214             214
   62        -501.000     150.096        -500.948     150.110              62              62
   65        1498.320     205.817        1498.398     205.666              65              65
   57           8.136    -326.954           8.222    -326.944              57              57
   51         -21.571   -1219.993         -21.587   -1220.057              51              51
   63        -204.671     718.479        -204.460     718.397              63              63
   11       -1774.747     494.785       -1774.616     494.892              11              11
  164        -408.950    1147.972        -408.803    1147.932             164             164
   30        -612.804    2303.667        -612.527    2303.723              30              30
  237         213.412    1728.767         213.671    1728.841             237             237
  202       -2085.797    -585.246       -2085.827    -584.990             202             202
    0          59.177    3108.345          59.490    3108.393              -0              -0
  106         420.374    1130.832         420.567    1130.983             106             106
  198       -1451.837      37.257       -1451.754      37.599             198             198
  237        -950.534      42.577        -950.494      42.836             237             237
    0       -1893.940    -139.183       -1893.964    -138.818              -0               0
   55       -2026.779   -1271.715       -2027.068   -1271.394              55              55
  109        1705.249    -304.374        1705.128    -304.552             109             109
  160       -1927.880    1049.285       -1927.832    1049.562             160             160
  185        1908.391     485.810        1908.383     485.739             185             185
  113       -1144.457    -725.040       -1144.550    -724.775             113             113
   61         953.934     -33.255         953.916     -33.246              61              61
  231       -1995.049    -789.020       -1995.218    -788.672             231             231
  215        2202.569    -511.870        2202.414    -512.032             215             215
   59        1109.135    -207.302        1109.192    -207.302              59              59
  140        -740.750   -1104.897        -740.807   -1104.641             140             140
   91         -77.695   -3411.325         -78.070   -3411.281              91              91
   54        -484.434   -1553.285        -484.608   -1553.362              54              54
   24         442.058     294.132         442.133     293.970              24              24
  157       -1014.750     488.312       -1014.625     488.450             157             157
  212       -2512.911   -2141.203       -2513.280   -2140.932             212             212
   28        1682.418    -790.180        1682.191    -790.586              28              28
  103        -144.546    2664.855        -144.260    2664.780             103             103
  100        1233.224     723.066        1233.304     722.997             100             100
  215         399.314    -496.727         399.335    -496.733             215             215
   71        -806.574    1281.597        -806.352    1281.783              71              71
   66        -992.935   -1228.624        -993.104   -1228.379              66              66
  115        -876.191   -1172.795        -876.432   -1172.663             115             115
  103        -257.441   -1292.910        -257.766   -1292.942             103             103
  122         997.245      42.610         997.069      42.388             122             122
  210        3473.085     -63.728        3473.070     -64.246             210             210
   67        1793.419     493.078        1793.713     492.793              67              67
  219       -1137.703     354.049       -1137.449     354.176             219             219
  245        -509.052     241.154        -508.907     241.217             245             245
   94       -1259.707     -55.162       -1259.648     -55.010              94              94
   37       -1490.386     288.487       -1490.413     288.667              37              37
  104        1531.913     172.856        1531.936     172.666             104             104
  192       -1792.423    -891.023       -1792.509    -890.844             192             192
    5        -715.226    1040.947        -715.210    1040.970               5               5
  115         972.456     -49.059         972.349     -49.237             115             115
  235         891.455     870.990         891.563     870.798             235             235
   78         720.344    1422.393         720.579    1422.281              78              78
   68         766.126    1510.428         766.440    1510.404              68              68
  125        -612.215     821.078        -611.985     821.327             125             125
    5        -978.084    -889.571        -978.178    -889.302               5               5
  134         151.990   -1375.073         151.807   -1375.120             134             134
  242        -119.706     471.102        -119.589     471.015             242             242
  113        -854.780    1203.460        -854.591    1203.543             113             113
  171        -143.961    1384.756        -143.765    1384.847             171             171
   64       -1002.494     191.669       -1002.495     191.928              64              64
  146        -343.665   -1275.471        -343.958   -1275.456             146             146
  151        1724.510    2294.571        1724.806    2294.284             151             151
  194        1000.723    1593.730        1001.107    1593.739             194             194
   11        -726.510     421.044        -726.230     421.356              11              11
  227       -2895.128    -573.437       -2895.148    -572.871             227             227
   58       -1567.509     -36.309       -1567.640     -35.988              58              58
  102        -651.140     247.769        -651.262     247.987             102             102
  225        -662.288    -155.615        -662.505    -155.345             225             225
  239        1085.012   -2264.003        1084.536   -2264.125             239             239
  164        -266.813     503.788        -266.853     503.772             164             164
  174        1232.730     618.312        1232.715     618.203             174             174
   77        1083.636    -940.050        1083.500    -940.155              77              77
   32         387.410       0.724         387.474       0.654              32              32
   52       -1426.118     946.360       -1426.047     946.656              52              52
   40        1922.980    -891.141        1922.764    -891.296              40              40
  132         561.541   -2004.227         561.298   -2004.356             132             132
   97        -204.597     103.238        -204.586     103.119              97              97
   20        2061.924     218.135        2062.044     217.671              20              20
   78       -1014.186    2807.967       -1013.626    2808.131              78              78
   63         528.587      65.565         528.684      65.644              63              63
  226        -998.290    -410.280        -998.272    -410.057             226             226
   91         -23.769    -442.716         -23.798    -442.758              91              91
  246         -46.540    1691.943         -46.160    1691.941             246             246
  152       -2406.336    1331.605       -2406.110    1332.148             152             152
  235        -737.460    -879.524        -737.734    -879.269             235             235
  124          25.216     379.494          25.167     379.549             124             124
   16        -100.735     731.576        -100.687     731.739              16              16
   97        -124.264    -777.129        -124.425    -776.954              97              97
  100       -1539.591    -873.955       -1539.865    -873.667             100             100
   66        -172.413      26.576        -172.694      26.613              66              66
  129        1545.237    -138.448        1544.952    -138.686             129             129
   84        3653.776    1089.779        3653.980    1089.279              84              84
   17          54.089    -877.755          54.147    -877.645              17              17
  220        -156.852    -845.824        -156.876    -845.812             220             220
  197        -748.703      92.518        -748.657      92.555             197             197
  216         -38.398    1989.477         -38.089    1989.555             216             216
  122        -752.046   -1353.890        -752.340   -1353.692             122             122
    4         497.456    1236.559         497.533    1236.476               4               4
  119        1185.212    1135.488        1185.365    1135.454             119             119
  223         231.000      -0.193         231.000       0.000             223             223
   48        1185.523   -1135.413        1185.367   -1135.450              48              48
   99         497.616   -1236.390         497.536   -1236.475              99              99
  135        -752.650    1353.485        -752.346    1353.690             135             135
   96         -37.765   -1989.639         -38.086   -1989.557              96              96
   58        -748.610     -92.597        -748.658     -92.557              58              58
   80        -156.905     845.799        -156.879     845.811              80              80
   18          54.207     877.529          54.145     877.645              18              18
  233        3654.199   -1088.736        3653.981   -1089.272             233             233
  164        1544.647     138.951        1544.952     138.692             164             164
    5        -172.995     -26.653        -172.693     -26.614               5               5
  135       -1540.166     873.347       -1539.867     873.662             135             135
  170        -124.603     776.764        -124.426     776.955             170             170
   29        -100.630    -731.920        -100.684    -731.739              29              29
  113          25.114    -379.613          25.169    -379.551             113             113
  189        -738.044     878.977        -737.736     879.265             189             189
  220       -2405.850   -1332.771       -2406.107   -1332.153             220             220
  181         -45.720   -1691.938         -46.156   -1691.941             181             181
  225         -23.834     442.803         -23.799     442.756             225             225
   81        -998.252     409.795        -998.272     410.055              81              81
  171         528.797     -65.733         528.684     -65.642             171             171
  176       -1012.956   -2808.327       -1013.618   -2808.133             176             176
  101        2062.189    -217.114        2062.045    -217.667             101             101
   45        -204.571    -102.978        -204.585    -103.120              45              45
  174         560.996    2004.511         561.292    2004.356             174             174
  222        1922.498     891.492        1922.762     891.301             222             222
  240       -1425.957    -947.025       -1426.045    -946.661             240             240
  135         387.552      -0.568         387.474      -0.654             135             135
  167        1083.328     940.286        1083.498     940.156             167             167
  122        1232.696    -618.058        1232.716    -618.196             122             122
   20        -266.902    -503.754        -266.852    -503.774              20              20
  113        1083.924    2264.281        1084.530    2264.127             113             113
  207        -662.783     154.997        -662.505     155.344             207             207
  201        -651.422    -248.272        -651.264    -247.989             201             201
   87       -1567.810      35.561       -1567.639      35.983              87              87
  159       -2895.176     572.114       -2895.149     572.863             159             159
   21        -725.857    -421.772        -726.229    -421.357              21              21
   98        1001.628   -1593.744        1001.111   -1593.735              98              98
  175        1725.213   -2293.893        1724.811   -2294.281             175             175
  157        -344.361    1275.434        -343.961    1275.453             157             157
   73       -1002.497    -192.287       -1002.495    -191.931              73              73
   49        -143.489   -1384.971        -143.762   -1384.847              49              49
    9        -854.323   -1203.659        -854.588   -1203.544               9               9
   82        -119.422    -470.894        -119.586    -471.016              82              82
  211         151.546    1375.189         151.804    1375.121             211             211
    3        -978.314     888.916        -978.180     889.301               3               3
  145        -611.650    -821.688        -611.982    -821.329             145             145
  105         766.900   -1510.369         766.445   -1510.404             105             105
  133         720.925   -1422.116         720.582   -1422.280             133             133
  188         891.723    -870.510         891.564    -870.796             188             188
  142         972.190      49.505         972.349      49.239             142             142
  173        -715.182   -1041.006        -715.207   -1040.971             173             173
  207       -1792.640     890.568       -1792.510     890.840             207             207
   21        1531.969    -172.367        1531.935    -172.659              21              21
   75       -1490.455    -288.949       -1490.414    -288.671              75              75
  214       -1259.559      54.772       -1259.650      55.007             214             214
  222        -508.682    -241.316        -508.908    -241.219             222             222
  143       -1137.050    -354.379       -1137.449    -354.178             143             143
   72        1794.180    -492.335        1793.715    -492.788              72              72
  118        3473.046      65.084        3473.070      64.255             118             118
  122         996.785     -42.030         997.070     -42.388             122             122
  157        -258.298    1292.996        -257.771    1292.943             157             157
   69        -876.829    1172.444        -876.434    1172.660              69              69
  146        -993.386    1227.972        -993.108    1228.375             146             146
   30        -805.980   -1282.095        -806.351   -1281.784              30              30
  140         399.363     496.749         399.332     496.735             140             140
  209        1233.442    -722.875        1233.305    -722.995             209             209
  172        -143.758   -2664.651        -144.253   -2664.780             172             172
  241        1681.797     791.291        1682.190     790.589             241             241
  118       -2513.934    2140.453       -2513.287    2140.927             118             118
  160       -1014.407    -488.695       -1014.626    -488.452             160             160
   79         442.270    -293.685         442.136    -293.970              79              79
  175        -484.922    1553.497        -484.610    1553.360             175             175
  114         -78.763    3411.202         -78.080    3411.281             114             114
  191        -740.914    1104.175        -740.809    1104.639             191             191
   52        1109.295     207.307        1109.190     207.304              52              52
   96        2202.124     512.338        2202.412     512.036              96              96
  222       -1995.538     788.015       -1995.221     788.666             222             222
  177         953.882      33.233         953.916      33.248             177             177
  180       -1144.727     724.267       -1144.551     724.770             180             180
   12        1908.371    -485.600        1908.385    -485.737              12              12
   32       -1927.734   -1050.108       -1927.829   -1049.568              32              32
  252        1704.891     304.900        1705.127     304.554             252             252
   77       -2027.637    1270.759       -2027.070    1271.389              77              77
   70       -1894.013     138.090       -1893.965     138.814              70              70
  230        -950.414     -43.356        -950.493     -42.839             230             230
  180       -1451.589     -38.293       -1451.755     -37.603             180             180
  232         420.962   -1131.290         420.571   -1130.983             232             232
  212          60.138   -3108.492          59.495   -3108.394             212             212
  162       -2085.893     584.451       -2085.828     584.983             162             162
  195         214.219   -1728.996         213.676   -1728.841             195             195
  240        -611.937   -2303.843        -612.521   -2303.725             240             240
  171        -408.490   -1147.850        -408.801   -1147.934             171             171
   26       -1774.330    -495.124       -1774.613    -494.895              26              26
   22        -204.003    -718.218        -204.458    -718.397              22              22
  200         -21.619    1220.198         -21.587    1220.057             200             200
   14           8.411     326.921           8.222     326.944              14              14
  232        1498.574    -205.324        1498.399    -205.663             232             232
   90        -500.832    -150.144        -500.947    -150.111              90              90
   44         970.338    1604.942         970.590    1604.770              44              44
   42        1224.283    -607.478        1224.244    -607.641              42              42
  245       -1058.700     539.951       -1058.456     540.266             245             245
   95       -1331.304     152.146       -1331.433     152.621              95              95
  218        1932.492   -1489.876        1932.109   -1490.345             218             218
  139       -1534.057    1930.737       -1533.541    1931.104             139             139
   92         -14.767     666.126         -14.672     666.451              92              92
  140       -1257.959   -1329.838       -1258.386   -1329.284             140             140
  106          53.501    -512.768          53.204    -512.652             106             106
  238        -353.873    -811.050        -354.177    -810.846             238             238
  255       -1934.973   -1362.353       -1935.666   -1361.902             255             255
   22        1896.355     -85.396        1895.904     -85.917              22              22
  131        1438.465     -15.838        1438.292     -16.189             131             131
  241        1670.847     619.715        1670.980     619.454             241             241
  146        1257.004   -1540.128        1256.786   -1540.296             146             146
  106         240.437   -1475.249         240.295   -1475.435             106             106
  176        -334.175    -101.356        -334.038    -101.527             176             176
  108        -495.401    1184.398        -495.027    1184.372             108             108
  220        -182.419    1848.035        -181.895    1848.237             220             220
  171        -304.954    -585.132        -304.936    -584.810             171             171
  189       -2592.212      38.782       -2592.227      39.594             189             189
  218       -1112.957   -1018.848       -1113.534   -1018.456             218             218
  176         695.497     337.008         695.331     336.977             176             176
  214        -294.233   -1515.760        -294.745   -1515.545             214             214
  191        -674.289   -1731.701        -675.011   -1731.699             191             191
   24        2263.966    1451.862        2264.184    1451.191              24              24
  203        -309.144    -292.385        -309.172    -292.241             203             203
  123         372.262     575.284         372.393     575.297             123             123
  112        -244.964    -360.258        -245.062    -359.997             112             112
  133         679.333   -1673.836         679.001   -1674.000             133             133
  196       -2298.437     692.077       -2298.337     692.601             196             196
    6        1260.510     670.521        1260.533     670.414               6               6
  240        -787.105   -1205.790        -787.409   -1205.348             240             240
  193        -379.467   -1027.374        -379.821   -1027.144             193             193
  154        -493.617   -1500.628        -494.106   -1500.435             154             154
  128       -1046.055   -2117.608       -1046.843   -2117.488             128             128
   22         763.679    -232.484         763.344    -232.881              22              22
  149        1177.594   -1621.619        1177.180   -1622.190             149             149
   27       -2282.738     403.715       -2282.833     403.942              27              27
  127        2492.474     529.305        2492.384     528.404             127             127
  210         517.322    2261.877         518.073    2261.784             210             210
  236       -1618.168   -1244.564       -1618.486   -1244.040             236             236
  126         248.697     652.569         248.743     652.509             126             126
  242        -593.461    -347.009        -593.639    -346.746             242             242
   90           5.627    -987.480           5.276    -987.453              90              90
  102        -516.158   -1585.288        -516.627   -1585.364             102             102
  110       -1283.017     558.320       -1283.036     558.384             110             110
  157       -1184.161    -254.938       -1184.604    -254.871             157             157
  145        -228.530    1759.427        -228.607    1759.366             145             145
  180        2439.337      42.977        2439.069      42.368             180             180
   11        -610.268    -228.654        -610.464    -228.618              11              11
  251         585.601    2004.276         585.859    2004.142             251             251
  235         509.031     118.114         508.821     118.264             235             235
  195         742.441   -2712.939         741.473   -2713.236             195             195
  233        1233.185     948.035        1233.234     947.302             233             233
   17        2257.418    2962.358        2258.260    2961.806              17              17
  249        -110.063    -554.945        -110.057    -554.678             249             249
  119         454.214      44.750         454.311      44.681             119             119
  215        -581.501     362.957        -581.372     363.193             215             215
   27        -144.409    -387.472        -144.621    -387.391              27              27
  110         882.543     397.878         882.606     397.640             110             110
   59         970.811     721.710         971.231     721.599              59              59
   78       -2158.098   -1359.940       -2158.347   -1359.294              78              78
  217        -515.904     351.646        -515.916     351.723             217             217
    2       -1428.520    -876.657       -1428.957    -876.422               2               2
   58        -329.186    1455.182        -329.097    1455.078              58              58
  167        -559.382    2105.093        -559.159    2105.425             167             167
    1         630.676    -833.276         630.100    -833.260               1               1
  132         835.010    1404.393         835.236    1404.328             132             132
   52       -1163.460    -657.274       -1163.933    -656.706              52              52
   57        2065.429    -626.033        2065.017    -626.590              57              57
  149        -500.648    1404.525        -500.322    1404.789             149             149
  176        -769.182    -850.871        -769.760    -850.476             176             176
  244        1274.551     574.389        1274.339     574.150             244             244
   78         898.958     -84.420         898.709     -84.484              78              78
   75        1526.967    1141.379        1527.221    1141.377              75              75
  166        -391.311   -3502.144        -392.365   -3501.789             166             166
  131         719.290    -652.829         718.919    -653.190             131             131
  158         681.391    -948.363         681.002    -948.775             158             158
  120         544.646    1219.832         544.881    1219.549             120             120
  167        1337.148     -42.663        1337.195     -43.010             167             167
   48       -1729.316     329.488       -1729.312     329.976              48              48
   56         734.783    1313.533         734.821    1313.528              56              56
   16        1041.580    -560.838        1041.221    -560.793              16              16
  162        1429.124   -1076.285        1428.821   -1076.467             162             162
   37        -427.101   -2062.688        -427.680   -2062.616              37              37
   18         228.093    -520.134         227.827    -520.500              18              18
  247         -48.232    1408.710         -47.991    1408.619             247             247
   29         434.008     199.755         433.861     199.757              29              29
  217         313.174     177.966         312.988     178.073             217             217
   93        1355.387   -1400.771        1354.798   -1401.069              93              93
  155        1335.192    -128.411        1335.185    -128.819             155             155
  236        -468.471    -680.030        -468.704    -679.921             236             236
  170        1094.274     648.440        1094.352     648.217             170             170
   36         387.063   -1776.128         386.484   -1776.142              36              36
   96        1622.415   -1331.223        1622.128   -1331.882              96              96
   37       -1459.195    -972.038       -1459.476    -971.997              37              37
  120        1221.003    1534.942        1221.311    1534.350             120             120
  120         496.258    -453.877         496.170    -454.083             120             120
   36        -254.476    -260.267        -254.571    -260.415              36              36
  152         523.337     940.969         523.588     940.639             152             152
   34        -716.285     613.798        -716.210     613.987              34              34
  122         459.305     355.885         459.158     355.797             122             122
  149        1685.350    -603.386        1685.119    -603.928             149             149
    4         611.508     388.355         611.800     388.082               4               4
  254         -37.499    -658.179         -37.459    -658.346             254             254
   71       -2180.196    1020.340       -2179.911    1020.764              71              71
  235       -1575.350     998.933       -1575.633     999.332             235             235
   81        3409.912     777.630        3409.816     776.580              81              81
    0        -136.277    1808.954        -135.693    1809.174               0               0
  252         622.499      -8.915         622.396      -8.763             252             252
  139        1193.107    -911.395        1192.871    -911.594             139             139
   55         492.744   -1045.476         492.652   -1045.774              55              55
  138       -1330.777    1573.225       -1330.237    1573.543             138             138
  194         993.805     304.939         994.006     304.808             194             194
  136       -2757.346    -813.344       -2757.601    -812.480             136             136
   49        -712.378     750.942        -712.578     751.142              49              49
   95         649.999    -301.575         649.571    -301.755              95              95
  248         521.346     626.636         521.426     626.514             248             248
  139        -971.561   -1089.126        -972.076   -1088.923             139             139
   27         250.424    1797.332         250.705    1797.194              27              27
  115         185.807    -396.034         185.556    -396.027             115             115
  253       -1905.182    1003.634       -1905.239    1004.265             253             253
   94         800.902      82.042         800.390      81.929              94              94
  154         205.073     239.653         204.711     239.728             154             154
  112         915.714    -705.787         915.052    -706.000             112             112
  221        1211.323    -798.720        1210.695    -799.270             221             221
    1        3288.277     513.895        3288.562     512.582               1               1
  230       -2062.440    1405.929       -2061.821    1406.456             230             230
   66        -527.106     708.224        -527.188     708.353              66              66
   32         -89.551    2049.642         -89.298    2049.811              32              32
  133         394.378     264.611         394.026     264.779             133             133
  209        1054.800    -323.356        1054.304    -323.652             209             209
   84        1858.629    2509.573        1859.259    2509.203              84              84
   40        1423.375    -401.819        1423.426    -401.839              40              40
  216       -1332.724    -587.521       -1332.799    -586.961             216             216
   55        -846.667    1047.226        -846.539    1047.641              55              55
  246        -679.538    -159.012        -679.951    -158.606             246             246
  214          -9.217    1100.015          -9.296    1100.239             214             214
  219         816.573     275.400         816.404     275.475             219             219
  168       -1156.011    1075.042       -1155.917    1075.946             168             168
  242       -1463.068   -2218.912       -1464.435   -2218.060             242             242
  169         964.808     366.061         964.197     365.901             169             169
  193         686.055    -188.694         685.459    -188.606             193             193
  253         671.261     -74.240         670.795     -74.047             253             253
    6        -128.061   -1377.061        -128.986   -1376.597               6               6
  136         888.416   -2326.572         887.267   -2326.735             136             136
  253       -1736.239   -1331.904       -1737.171   -1331.474             253             253
  122       -1147.567   -1004.354       -1148.824   -1004.249             122             122
  249        -118.635    1176.887        -119.336    1176.871             249             249
  139           6.405   -1300.004           4.874   -1299.940             139             139
   71       -1544.997    -597.566       -1546.669    -597.205              71              71
  155          96.491      46.539          94.470      46.396             155             155
   81        2974.334    -536.738        2972.094    -537.826              81              81
   13        1821.946    -604.755        1819.690    -605.658              13              13
  119       -1968.064    1790.921       -1970.961    1791.421             119             119
  249         952.195     503.050         944.951     502.894             249             249
