SINAL     NFT                         FFT                         NFT INVERSA     FFT INVERSA
-----     -----------------------     -----------------------     -----------     -----------
   23       64522.000       0.000       64522.000       0.000              23              23
   50        4103.875    1116.909        4103.888    1116.907              50              50
   69        2306.035    1057.400        2306.052    1057.398              69              69
  110       -1614.111    -160.914       -1614.096    -160.912             110             110
  188        1125.509     657.266        1125.526     657.261             188             188
  210          38.716     493.345          38.735     493.343             210             210
   43         518.773     808.979         518.796     808.977              43              43
  158       -2153.731     394.820       -2153.710     394.827             158             158
   79       -1206.442     347.053       -1206.422     347.056              79              79
   63       -2473.198    1154.632       -2473.175    1154.642              63              63
  105       -1990.649    1685.323       -1990.631    1685.337             105             105
   95         241.418     836.479         241.434     836.486              95              95
    7       -1273.825   -1086.409       -1273.822   -1086.392               7               7
  208        -705.250   -1141.420        -705.252   -1141.416             208             208
  187        -178.052    -456.881        -178.051    -456.887             187             187
   53         206.780    1056.223         206.795    1056.215              53              53
  225        1158.969     376.013        1158.983     375.999             225             225
  178         689.057    1043.387         689.089    1043.381             178             178
   20       -1942.436    -198.937       -1942.422    -198.912              20              20
  198       -1004.973    -985.026       -1004.983    -985.023             198             198
  189        1152.759    2453.710        1152.793    2453.692             189             189
  194        -428.805      -9.797        -428.798      -9.783             194             194
  213        1421.474     384.712        1421.487     384.701             213             213
  188         114.733   -1177.182         114.731   -1177.181             188             188
  153         774.298    -647.086         774.299    -647.111             153             153
  118        1293.933    1428.279        1293.976    1428.251             118             118
   74        -129.487     266.479        -129.463     266.481              74              74
  146        2400.799      56.803        2400.835      56.756             146             146
  181       -1946.796    1959.525       -1946.723    1959.559             181             181
  181         128.269    1162.002         128.318    1162.022             181             181
   85       -2321.272   -1152.904       -2321.275   -1152.844              85              85
  177         137.645    -946.384         137.629    -946.393             177             177
  244         113.577    1454.656         113.618    1454.651             244             244
  239         765.267    -401.603         765.276    -401.618             239             239
   93         687.408    2052.662         687.486    2052.659              93              93
  119        -667.378    -474.669        -667.358    -474.625             119             119
  201        1216.429   -1432.180        1216.441   -1432.203             201             201
   97       -1823.756    1106.027       -1823.679    1106.075              97              97
   40        -975.357    -963.523        -975.335    -963.487              40              40
   94       -3894.792     280.220       -3894.765     280.326              94              94
  251       -1837.217   -1429.809       -1837.274   -1429.752             251             251
   73          16.150   -1342.478          16.099   -1342.494              73              73
  176         177.733      96.636         177.742      96.609             176             176
  157       -1528.047     258.588       -1528.039     258.612             157             157
  226        -518.731    1196.533        -518.720    1196.549             226             226
  253         819.702    -741.700         819.666    -741.721             253             253
  170        1278.369    1040.667        1278.406    1040.633             170             170
  152        1566.608    -535.144        1566.638    -535.182             152             152
   99       -1738.004    1017.071       -1737.931    1017.141              99              99
  141        -113.654   -1146.383        -113.667   -1146.357             141             141
  103       -1294.834    -974.105       -1294.843    -974.060             103             103
   19        -837.562   -1150.265        -837.591   -1150.250              19              19
   42        -843.633    -458.550        -843.648    -458.546              42              42
  243          -2.801      70.498          -2.793      70.479             243             243
  109       -1371.282    -296.208       -1371.296    -296.177             109             109
   75         771.064     106.219         771.062     106.176              75              75
   10        -292.524     256.262        -292.499     256.271              10              10
  251        -394.324   -1958.411        -394.380   -1958.425             251             251
  239       -1266.978    1022.696       -1266.946    1022.703             239             239
   83         557.747   -1181.593         557.692   -1181.661              83              83
   32          60.043    2059.861          60.133    2059.807              32              32
  121       -1237.310    1409.305       -1237.268    1409.347             121             121
  138        2019.593     478.395        2019.614     478.319             138             138
   28         -73.515    -128.549         -73.472    -128.564              28              28
   94       -1154.573    1711.702       -1154.466    1711.737              94              94
  243       -2467.878     744.868       -2467.870     744.988             243             243
  122        1118.481      41.575        1118.446      41.538             122             122
   82         284.752     265.893         284.763     265.882              82              82
  120          29.416       6.069          29.415       6.060             120             120
   54         705.799     124.134         705.811     124.074              54              54
  137         712.822    2396.291         712.966    2396.262             137             137
   81       -1307.396     204.887       -1307.364     204.981              81              81
  220         623.527     650.431         623.570     650.434             220             220
   53        -682.406    -275.741        -682.393    -275.671              53              53
  190        -476.037   -1296.471        -476.087   -1296.452             190             190
  142        -883.326     746.750        -883.300     746.772             142             142
  100         890.179     691.332         890.212     691.299             100             100
  219        -302.780    -207.163        -302.768    -207.134             219             219
  113        -864.788    -334.634        -864.818    -334.603             113             113
   83        1817.229    1661.189        1817.325    1661.115              83              83
    3        -606.212    -762.806        -606.205    -762.730               3               3
  152        -389.321   -1360.134        -389.373   -1360.115             152             152
   21         513.643   -1472.070         513.604   -1472.166              21              21
  210       -1147.370    1531.102       -1147.242    1531.084             210             210
   80       -1806.832    2542.352       -1806.704    2542.461              80              80
  210          67.885   -1440.110          67.774   -1440.108             210             210
   87         568.054    1494.407         568.136    1494.346              87              87
  123         -97.338    1176.642         -97.252    1176.669             123             123
  183        -396.004   -1091.221        -396.050   -1091.215             183             183
  128         -76.132    2714.069         -75.962    2714.066             128             128
  193        -500.693     477.618        -500.647     477.699             193             193
  224        -937.109     272.952        -937.102     273.050             224             224
  240         383.363   -1035.324         383.292   -1035.346             240             240
  150          64.995     473.944          65.041     473.892             150             150
  179        -780.566    3441.689        -780.362    3441.776             179             179
   26        1133.215    -971.800        1133.179    -971.783              26              26
  208       -1473.437     -42.388       -1473.410     -42.268             208             208
  241        -695.735      54.728        -695.763      54.801             241             241
   94        1237.954   -1022.698        1237.892   -1022.792              94              94
  114        -495.098    2082.705        -494.937    2082.741             114             114
  194         554.829    -781.403         554.820    -781.414             194             194
  243       -1339.489    1469.981       -1339.352    1470.086             243             243
  176        -518.529    -210.014        -518.527    -209.937             176             176
   93       -1918.398     124.808       -1918.422     124.952              93              93
   46        1488.626     150.613        1488.624     150.524              46              46
   60       -1888.734      43.998       -1888.739      44.104              60              60
   57        1541.660    3604.128        1541.895    3604.097              57              57
  185        -547.485   -1350.500        -547.531   -1350.328             185             185
   42        -588.303   -1528.537        -588.376   -1528.480              42              42
   74       -1735.049     993.925       -1734.987     994.045              74              74
  153        -209.696     678.003        -209.685     678.071             153             153
   13        -613.068    -206.039        -613.109    -205.938              13              13
   32        -502.434     497.614        -502.443     497.717              32              32
   71         489.650   -1243.775         489.534   -1243.772              71              71
  178       -1030.794    1343.675       -1030.734    1343.801             178             178
  214         701.906    -845.761         701.786    -845.728             214             214
   11        1046.952     121.089        1046.958     121.094              11              11
   78         509.910   -1598.038         509.836   -1597.987              78              78
  134        -864.688   -2298.240        -864.827   -2298.161             134             134
   36        -631.649   -2537.169        -631.848   -2537.232              36              36
  245        -442.089    1650.377        -441.985    1650.299             245             245
   32        -127.774     266.394        -127.781     266.371              32              32
  144          30.602     497.959          30.621     497.909             144             144
  188        -745.377    1681.420        -745.299    1681.465             188             188
  128        1414.030    1270.166        1414.083    1270.088             128             128
  135        1037.706    2451.871        1037.936    2451.921             135             135
  185        -665.739   -1252.809        -665.827   -1252.604             185             185
    0        1550.440      47.256        1550.470      47.249              -0               0
  118          78.115   -2538.049          78.001   -2538.000             118             118
  161       -1248.095     281.571       -1248.004     281.681             161             161
   63       -1570.328    -397.324       -1570.382    -397.135              63              63
  148         304.313   -1274.087         304.164   -1274.082             148             148
    9        -265.001    -978.703        -265.111    -978.707               9               9
  114        1101.411     729.146        1101.482     729.056             114             114
  215        -115.547    -906.622        -115.575    -906.580             215             215
   63         406.349    -401.373         406.394    -401.394              63              63
  183       -1995.622   -2082.266       -1995.761   -2082.159             183             183
   82         109.728    1595.982         109.887    1595.886              82              82
   57       -1616.629    1269.537       -1616.491    1269.720              57              57
  171       -1540.723    -914.743       -1540.857    -914.580             171             171
  225        -407.525    1029.411        -407.511    1029.452             225             225
  128        -441.590     612.464        -441.611     612.574             128             128
   42         227.271    -562.620         227.146    -562.592              42              42
  125         930.752    1609.419         930.888    1609.436             125             125
   21        -713.777   -1170.344        -713.884   -1170.111              21              21
  117         109.125   -2832.742         108.850   -2832.720             117             117
  176       -1316.362    -392.023       -1316.445    -391.952             176             176
   19         877.743     337.147         877.731     337.076              19              19
  253        -951.530   -1522.599        -951.696   -1522.522             253             253
  102        -624.087     966.849        -624.082     966.893             102             102
   79         586.158     -49.095         586.079     -49.091              79              79
    5       -1067.424    -731.494       -1067.610    -731.325               5               5
   47        1582.766   -2305.443        1582.395   -2305.647              47              47
  202        2305.391    1459.774        2305.513    1459.500             202             202
   95        1086.514    -975.219        1086.478    -975.323              95              95
   53         493.700     499.332         493.828     499.262              53              53
  157        -825.425      79.690        -825.400      79.768             157             157
  225         845.069    2510.977         845.303    2511.029             225             225
   58        1308.305   -2909.642        1308.076   -2909.628              58              58
   44        -900.641    -151.312        -900.601    -151.160              44              44
  145        1128.668   -2824.844        1128.427   -2824.948             145             145
   61        -716.969    -711.205        -716.957    -711.219              61              61
   36        -866.049     426.669        -865.992     426.745              36              36
  230         334.141   -1239.465         334.020   -1239.494             230             230
   85        -601.183    -656.969        -601.239    -656.937              85              85
   49         -42.140    -488.222         -42.213    -488.228              49              49
   45         943.702   -2059.327         943.502   -2059.511              45              45
   56         703.909     191.265         704.047     191.044              56              56
  178       -1284.096    1644.460       -1283.802    1644.600             178             178
    4       -1294.244   -2129.494       -1294.453   -2129.353               4               4
   74        -432.462    -288.323        -432.498    -288.394              74              74
   15        -304.600     841.586        -304.483     841.566              15              15
   85        -955.000   -1113.819        -955.108   -1113.784              85              85
  187        -483.757    1372.641        -483.605    1372.628             187             187
  241         134.570    -364.096         134.606    -364.143             241             241
   52       -3339.416    1789.802       -3339.215    1790.209              52              52
  176        -486.533   -1325.258        -486.789   -1325.134             176             176
  181       -1402.549   -1360.804       -1402.798   -1360.729             181             181
  125        -998.292     905.527        -998.337     905.524             125             125
   60         -69.189    2478.808         -69.047    2478.893              60              60
   59          30.948   -1825.737          30.646   -1825.626              59              59
   73       -2049.735    -836.687       -2050.013    -836.468              73              73
  222         890.092    -548.962         889.775    -549.116             222             222
  131         932.320     211.122         932.163     210.990             131             131
   24        1543.818   -1300.305        1543.540   -1300.536              24              24
  104        1020.519    -688.156        1020.356    -688.440             104             104
   81        1565.814    2421.211        1566.057    2420.967              81              81
   93        1515.910    -703.382        1515.859    -703.529              93              93
  172         627.712    -788.270         627.703    -788.449             172             172
  242        -471.958    2390.785        -471.605    2390.817             242             242
   66       -1482.339    -821.863       -1482.525    -821.650              66              66
   41        1045.169    2026.206        1045.262    2026.164              41              41
  247        2440.711   -2082.070        2440.466   -2082.261             247             247
   24        -951.176   -1641.811        -951.348   -1641.790              24              24
  107        1090.428    1271.681        1090.566    1271.465             107             107
  254        -413.967     -62.493        -414.009     -62.410             254             254
   31        1335.002    -878.688        1334.833    -878.873              31              31
   66        1960.152     126.644        1960.264     126.376              66              66
  106       -1475.555   -1903.474       -1475.748   -1903.378             106             106
   22        1233.396     591.535        1233.443     591.211              22              22
  202        1353.890     451.143        1354.059     450.859             202             202
  240        -982.703    1343.163        -982.418    1343.271             240             240
    5        -617.092   -1360.459        -617.268   -1360.454               5               5
   71        -402.446    2086.036        -402.231    2085.997              71              71
    7         626.833     773.186         626.865     773.158               7               7
  181        1478.826    -531.974        1478.795    -532.160             181             181
  250       -1059.232     685.893       -1059.136     686.032             250             250
   11        2044.748    -795.584        2044.654    -795.889              11              11
  240         176.064     398.517         176.248     398.400             240             240
   11        -136.959     690.290        -136.745     690.229              11              11
   95       -1825.397    1873.524       -1825.150    1873.797              95              95
  161        1534.705    -226.143        1534.681    -226.291             161             161
  166       -2019.049     488.768       -2018.983     489.057             166             166
    3         617.783     536.178         617.747     536.122               3               3
   41         468.779    1225.316         468.896    1225.383              41              41
    2         863.250   -2447.942         862.882   -2448.033               2               2
  206        1574.532     575.783        1574.694     575.425             206             206
   79        -227.222    2063.103        -226.794    2063.154              79              79
  128        -921.223     557.791        -921.109     558.083             128             128
   98         215.774   -1248.462         215.582   -1248.412              98              98
   57          -6.654      91.565          -6.650      91.563              57              57
  170         270.211     123.912         270.192     123.900             170             170
  130        1914.035    -106.548        1914.092    -106.784             130             130
   25         179.858    -806.872         179.946    -806.932              25              25
  133       -1496.941    1275.744       -1496.636    1275.969             133             133
   31       -1110.280   -1417.052       -1110.520   -1416.919              31              31
  179         343.170    1820.456         343.383    1820.355             179             179
  163         805.279     730.892         805.447     730.860             163             163
  219       -1497.131     991.408       -1496.972     991.800             219             219
   34        1017.419    -854.005        1017.290    -853.962              34              34
  248       -1336.011   -1787.083       -1336.283   -1786.836             248             248
  231         398.570    -575.733         398.395    -575.860             231             231
  155         671.176     353.709         671.207     353.573             155             155
  241         369.794     122.104         369.815     122.068             241             241
   50        1041.386     585.502        1041.524     585.453              50              50
   37         558.962   -1893.263         558.801   -1893.270              37              37
   96         344.027   -1724.973         343.965   -1725.162              96              96
  164       -2498.523     301.177       -2498.401     301.354             164             164
    6        -121.474    1221.908        -121.360    1221.820               6               6
   33        -319.071    1298.606        -318.939    1298.685              33              33
  129        1040.081    -268.037        1040.024    -268.168             129             129
  226         136.658    1501.249         136.940    1501.307             226             226
  177         975.954   -1050.569         975.908   -1050.641             177             177
  118        -802.329     934.642        -802.033     934.811             118             118
   83        -478.964     304.998        -478.808     305.235              83              83
  123       -1618.774   -1089.248       -1618.901   -1088.861             123             123
  247       -1614.870    -169.460       -1615.019    -169.074             247             247
  156         -35.560   -2769.893         -36.213   -2769.860             156             156
   86        1937.703   -1387.828        1937.415   -1388.343              86              86
   11         801.538     938.665         801.821     938.387              11              11
  248       -1258.645    -349.969       -1258.641    -349.846             248             248
  206         511.156     965.459         511.315     965.343             206             206
   30        -364.104    -825.825        -364.217    -825.799              30              30
  202        1310.126     845.911        1310.386     845.649             202             202
  220       -1515.677     -19.296       -1515.512     -19.027             220             220
   84       -2034.208    -360.673       -2034.344    -360.357              84              84
  132        1694.000       0.332        1694.000       0.000             132             132
  210       -2034.478     360.026       -2034.343     360.350             210             210
    5       -1515.344      18.745       -1515.512      19.023               5               5
    7        1310.654    -845.376        1310.388    -845.646               7               7
  185        -364.337     825.771        -364.219     825.799             185             185
   75         511.486    -965.219         511.318    -965.341              75              75
  239       -1258.636     349.713       -1258.640     349.843             239             239
  107         802.122    -938.087         801.823    -938.383             107             107
  166        1937.104    1388.898        1937.412    1388.347             166             166
  247         -36.923    2769.827         -36.219    2769.861             247             247
    1       -1615.177     168.652       -1615.017     169.071               1               1
  174       -1619.042    1088.434       -1618.904    1088.857             174             174
    5        -478.635    -305.496        -478.808    -305.235               5               5
  206        -801.701    -935.003        -802.030    -934.815             206             206
  212         975.853    1050.724         975.906    1050.642             212             212
  161         137.263   -1501.372         136.945   -1501.306             161             161
  175        1039.957     268.320        1040.023     268.170             175             175
  186        -318.781   -1298.776        -318.935   -1298.686             186             186
   49        -121.222   -1221.717        -121.356   -1221.819              49              49
   15       -2498.260    -301.568       -2498.401    -301.360              15              15
   52         343.891    1725.385         343.963    1725.163              52              52
  226         558.605    1893.283         558.797    1893.273             226             226
   19        1041.690    -585.393        1041.525    -585.451              19              19
   97         369.839    -122.022         369.815    -122.065              97              97
  222         671.242    -353.408         671.206    -353.572             222             222
  124         398.184     576.014         398.395     575.860             124             124
  206       -1336.620    1786.531       -1336.286    1786.834             206             206
   83        1017.128     853.909        1017.288     853.963              83              83
  145       -1496.769    -992.290       -1496.969    -991.802             145             145
  169         805.661    -730.818         805.450    -730.859             169             169
  202         343.656   -1820.225         343.387   -1820.354             202             202
   73       -1110.830    1416.747       -1110.524    1416.917              73              73
   29       -1496.241   -1276.258       -1496.634   -1275.969              29              29
  130         180.059     807.010         179.945     806.932             130             130
   60        1914.168     107.100        1914.093     106.789              60              60
   29         270.167    -123.885         270.192    -123.901              29              29
    9          -6.644     -91.561          -6.650     -91.563               9               9
   13         215.320    1248.347         215.579    1248.413              13              13
   15        -920.956    -558.478        -921.109    -558.084              15              15
   53        -226.207   -2063.221        -226.789   -2063.154              53              53
   72        1574.918    -574.929        1574.696    -575.422              72              72
  253         862.365    2448.161         862.877    2448.035             253             253
  224         469.062   -1225.474         468.899   -1225.382             224             224
  232         617.699    -536.040         617.749    -536.120             232             232
   88       -2018.889    -489.469       -2018.982    -489.059              88              88
   68        1534.647     226.505        1534.681     226.293              68              68
   85       -1824.789   -1874.193       -1825.146   -1873.801              85              85
  205        -136.431    -690.141        -136.742    -690.229             205             205
  180         176.519    -398.226         176.249    -398.398             180             180
   53        2044.512     796.342        2044.651     795.892              53              53
   97       -1058.993    -686.238       -1059.135    -686.032              97              97
   55        1478.745     532.441        1478.793     532.162              55              55
  124         626.916    -773.113         626.867    -773.156             124             124
    9        -401.898   -2085.940        -402.227   -2085.998               9               9
  143        -617.541    1360.447        -617.271    1360.454             143             143
    9        -981.974   -1343.440        -982.415   -1343.272               9               9
   14        1354.323    -450.413        1354.058    -450.856              14              14
  111        1233.516    -590.699        1233.444    -591.209             111             111
  247       -1476.056    1903.221       -1475.750    1903.374             247             247
   96        1960.440    -125.944        1960.262    -126.372              96              96
   28        1334.558     879.174        1334.832     878.877              28              28
   37        -414.075      62.274        -414.009      62.409              37              37
  188        1090.796   -1271.111        1090.570   -1271.463             188             188
   90        -951.637    1641.752        -951.353    1641.788              90              90
   69        2440.056    2082.581        2440.464    2082.263              69              69
   39        1045.430   -2026.088        1045.267   -2026.161              39              39
  215       -1482.841     821.283       -1482.525     821.646             215             215
    6        -470.994   -2390.877        -471.601   -2390.819               6               6
  212         627.682     788.758         627.700     788.450             212             212
  191        1515.766     703.791        1515.857     703.533             191             191
  143        1566.496   -2420.532        1566.064   -2420.963             143             143
  246        1020.064     688.949        1020.353     688.445             246             246
  184        1543.037    1300.951        1543.536    1300.538             184             184
   82         931.878    -210.750         932.161    -210.988              82              82
  183         889.199     549.403         889.774     549.120             183             183
    7       -2050.527     836.058       -2050.017     836.462               7               7
  197          30.083    1825.421          30.642    1825.627             197             197
   78         -68.777   -2479.050         -69.042   -2478.893              78              78
   90        -998.419    -905.518        -998.336    -905.524              90              90
  146       -1403.273    1360.583       -1402.802    1360.726             146             146
   18        -487.284    1324.898        -486.792    1325.134              18              18
  132       -3338.822   -1791.009       -3339.211   -1790.218             132             132
   24         134.676     364.238         134.606     364.145              24              24
   15        -483.301   -1372.604        -483.601   -1372.629              15              15
  243        -955.325    1113.710        -955.110    1113.782             243             243
   74        -304.247    -841.526        -304.482    -841.565              74              74
   18        -432.571     288.537        -432.499     288.393              18              18
  163       -1294.885    2129.065       -1294.459    2129.351             163             163
  174       -1283.197   -1644.889       -1283.801   -1644.602             174             174
   35         704.335    -190.582         704.048    -191.041              35              35
   98         943.081    2059.899         943.499    2059.514              98              98
   92         -42.370     488.242         -42.215     488.228              92              92
   70        -601.360     656.867        -601.240     656.936              70              70
  136         333.756    1239.555         334.017    1239.495             136             136
  156        -865.867    -426.909        -865.991    -426.745             156             156
  194        -716.932     711.245        -716.958     711.215             194             194
   22        1127.893    2825.180        1128.425    2824.950              22              22
   35        -900.513     150.816        -900.601     151.158              35              35
   17        1307.551    2909.601        1308.070    2909.630              17              17
  125         845.845   -2511.143         845.310   -2511.028             125             125
  222        -825.342     -79.952        -825.400     -79.771             222             222
  145         494.122    -499.096         493.829    -499.260             145             145
  245        1086.388     975.569        1086.474     975.326             245             245
    1        2305.801   -1458.847        2305.515   -1459.493               1               1
   40        1581.508    2306.131        1582.390    2305.649              40              40
  119       -1068.057     730.919       -1067.612     731.324             119             119
  209         585.889      49.082         586.079      49.091             209             209
  133        -624.065    -967.001        -624.080    -966.893             133             133
  124        -952.111    1522.327        -951.700    1522.519             124             124
  192         877.703    -336.892         877.732    -337.071             192             192
   29       -1316.655     391.771       -1316.446     391.949              29              29
   91         108.145    2832.667         108.843    2832.721              91              91
  184        -714.160    1169.514        -713.886    1170.110             184             184
   20         931.248   -1609.474         930.892   -1609.434              20              20
   69         226.816     562.517         227.144     562.592              69              69
  102        -441.665    -612.864        -441.610    -612.575             102             102
   47        -407.468   -1029.564        -407.508   -1029.453              47              47
   13       -1541.224     914.137       -1540.861     914.577              13              13
  255       -1616.115   -1270.221       -1616.490   -1269.724             255             255
   86         110.324   -1595.620         109.889   -1595.885              86              86
  194       -1996.150    2081.858       -1995.766    2082.155             194             194
   53         406.520     401.457         406.392     401.396              53              53
    0        -115.658     906.462        -115.577     906.580              -0              -0
  165        1101.689    -728.795        1101.484    -729.053             165             165
  212        -265.427     978.715        -265.112     978.705             212             212
  168         303.729    1274.068         304.161    1274.082             168             168
  187       -1570.541     396.575       -1570.382     397.131             187             187
   52       -1247.735    -282.012       -1248.003    -281.686              52              52
  206          77.656    2537.852          77.999    2538.000             206             206
   96        1550.566     -47.211        1550.471     -47.244              96              96
  165        -666.104    1251.963        -665.829    1252.601             165             165
   63        1038.660   -2452.065        1037.940   -2451.917              63              63
  251        1414.260   -1269.837        1414.086   -1270.086             251             251
  166        -745.043   -1681.611        -745.296   -1681.466             166             166
   79          30.682    -497.750          30.622    -497.909              79              79
  119        -127.810    -266.290        -127.783    -266.368             119             119
  163        -441.640   -1650.054        -441.983   -1650.301             163             163
   11        -632.523    2537.438        -631.854    2537.231              11              11
   87        -865.306    2297.891        -864.832    2298.159              87              87
   40         509.576    1597.824         509.831    1597.990              40              40
  134        1046.978    -121.110        1046.958    -121.092             134             134
   90         701.364     845.622         701.783     845.730              90              90
   96       -1030.515   -1344.245       -1030.729   -1343.804              96              96
  195         489.118    1243.761         489.530    1243.772             195             195
  234        -502.476    -498.089        -502.443    -497.718             234             234
  252        -613.261     205.570        -613.111     205.936             252             252
  100        -209.637    -678.328        -209.683    -678.073             100             100
  184       -1734.757    -994.498       -1734.986    -994.049             184             184
  150        -588.654    1528.263        -588.378    1528.479             150             150
  110        -547.714    1349.673        -547.535    1350.326             110             110
   92        1542.816   -3603.967        1541.904   -3604.093              92              92
   93       -1888.759     -44.526       -1888.740     -44.109              93              93
  213        1488.612    -150.170        1488.623    -150.522             213             213
   59       -1918.515    -125.545       -1918.421    -124.959              59              59
   83        -518.517     209.623        -518.527     209.935              83              83
  184       -1338.786   -1470.527       -1339.348   -1470.091             184             184
  172         554.783     781.463         554.819     781.415             172             172
  253        -494.247   -2082.897        -494.930   -2082.743             253             253
  250        1237.617    1023.194        1237.888    1022.795             250             250
  215        -695.877     -55.111        -695.761     -54.802             215             215
   35       -1473.291      41.744       -1473.410      42.266              35              35
  239        1133.012     971.719        1133.177     971.786             239             239
   50        -779.422   -3442.174        -780.353   -3441.779              50              50
  228          65.245    -473.652          65.041    -473.891             228             228
   23         382.957    1035.442         383.289    1035.345              23              23
   25        -937.066    -273.513        -937.102    -273.053              25              25
  121        -500.431    -478.080        -500.647    -477.699             121             121
  167         -75.137   -2714.044         -75.956   -2714.064             167             167
  141        -396.284    1091.186        -396.053    1091.214             141             141
  152         -96.820   -1176.806         -97.249   -1176.669             152             152
  111         568.556   -1494.035         568.140   -1494.344             111             111
    1          67.203    1440.101          67.770    1440.110               1               1
  135       -1806.034   -2543.028       -1806.699   -2542.465             135             135
  243       -1146.570   -1530.994       -1147.238   -1531.086             243             243
   86         513.388    1472.674         513.600    1472.169              86              86
  138        -389.656    1360.012        -389.375    1360.114             138             138
  181        -606.175     762.322        -606.207     762.730             181             181
   80        1817.864   -1660.689        1817.328   -1661.110              80              80
  138        -864.985     334.427        -864.819     334.602             138             138
  254        -302.710     206.969        -302.769     207.134             254             254
  191         890.399    -691.107         890.212    -691.298             191             191
  100        -883.150    -746.904        -883.299    -746.773             100             100
  238        -476.395    1296.340        -476.091    1296.451             238             238
  104        -682.319     275.254        -682.395     275.670             104             104
  168         623.838    -650.454         623.570    -650.434             168             168
   56       -1307.165    -205.577       -1307.364    -204.985              56              56
  102         713.897   -2396.073         712.973   -2396.261             102             102
  168         705.891    -123.688         705.811    -124.074             168             168
  159          29.410      -6.005          29.416      -6.060             159             159
  187         284.842    -265.805         284.765    -265.879             187             187
  198        1118.209     -41.280        1118.446     -41.535             198             198
   17       -2467.807    -745.824       -2467.866    -744.995              17              17
  210       -1153.710   -1711.993       -1154.465   -1711.739             210             210
   88         -73.165     128.677         -73.473     128.566              88              88
  194        2019.773    -477.740        2019.616    -478.314             194             194
  153       -1236.947   -1409.661       -1237.265   -1409.348             153             153
  247          60.833   -2059.397          60.136   -2059.807             247             247
  202         557.262    1182.201         557.690    1181.664             202             202
  151       -1266.693   -1022.761       -1266.946   -1022.704             151             151
  160        -394.857    1958.536        -394.385    1958.425             160             160
   34        -292.300    -256.344        -292.499    -256.272              34              34
   95         771.054    -105.804         771.063    -106.173              95              95
   25       -1371.426     295.909       -1371.298     296.176              25              25
  105          -2.725     -70.313          -2.792     -70.478             105             105
   23        -843.785     458.506        -843.648     458.545              23              23
   45        -837.868    1150.112        -837.595    1150.249              45              45
  130       -1294.933     973.638       -1294.845     974.058             130             130
   80        -113.788    1146.101        -113.667    1146.356              80              80
   24       -1737.215   -1017.824       -1737.929   -1017.143              24              24
  254        1566.912     535.587        1566.635     535.187             254             254
  154        1278.790   -1040.263        1278.409   -1040.629             154             154
  193         819.270     741.953         819.663     741.724             193             193
  176        -518.581   -1196.720        -518.717   -1196.548             176             176
  182       -1527.960    -258.900       -1528.039    -258.616             182             182
  146         177.832     -96.299         177.742     -96.608             146             146
  142          15.488    1342.672          16.094    1342.493             142             142
   12       -1837.963    1429.062       -1837.277    1429.748              12              12
  213       -3894.434    -281.677       -3894.763    -280.336             213             213
   99        -975.074     963.022        -975.336     963.485              99              99
  227       -1822.663   -1106.716       -1823.675   -1106.081             227             227
  146        1216.581    1432.521        1216.438    1432.205             146             146
  192        -667.075     474.028        -667.357     474.624             192             192
  226         688.587   -2052.612         687.490   -2052.657             226             226
  242         765.409     401.838         765.278     401.619             242             242
   27         114.229   -1454.568         113.620   -1454.650              27              27
  229         137.384     946.550         137.628     946.394             229             229
  244       -2321.351    1151.841       -2321.277    1152.839             244             244
   41         129.160   -1162.336         128.321   -1162.021              41              41
  164       -1945.417   -1960.173       -1946.718   -1959.563             164             164
  169        2401.491     -55.856        2400.836     -56.749             169             169
  217        -128.995    -266.522        -129.463    -266.481             217             217
  228        1294.831   -1427.665        1293.977   -1428.247             228             228
  216         774.325     647.618         774.298     647.110             216             216
  156         114.637    1177.165         114.727    1177.182             156             156
  236        1421.792    -384.417        1421.489    -384.697             236             236
  194        -428.653       9.446        -428.800       9.782             194             194
  219        1153.681   -2453.236        1152.798   -2453.689             219             219
  214       -1005.279     984.917       -1004.986     985.021             214             214
  187       -1942.028     198.187       -1942.421     198.908             187             187
  215         690.057   -1043.192         689.093   -1043.380             215             215
  230        1159.452    -375.547        1158.984    -375.997             230             230
   51         207.330   -1055.943         206.797   -1056.215              51              51
   62        -178.001     457.112        -178.052     456.887              62              62
  196        -705.367    1141.247        -705.256    1141.415             196             196
   87       -1273.717    1085.712       -1273.824    1086.392              87              87
  106         242.135    -836.764         241.435    -836.484             106             106
  170       -1989.638   -1686.093       -1990.626   -1685.341             170             170
  109       -2471.913   -1155.318       -2473.174   -1154.649             109             109
  244       -1205.144    -347.292       -1206.421    -347.060             244             244
  190       -2152.057    -395.447       -2153.706    -394.832             190             190
  181         520.833    -808.677         518.799    -808.973             181             181
  170          40.750    -493.151          38.738    -493.343             170             170
   20        1127.779    -656.660        1125.528    -657.258              20              20
  241       -1611.303     160.540       -1614.093     160.909             241             241
  228        2310.616   -1056.465        2306.055   -1057.391             228             228
   59        4111.226   -1115.121        4103.893   -1116.894              59              59
