SINAL     NFT                         FFT                         NFT INVERSA     FFT INVERSA
-----     -----------------------     -----------------------     -----------     -----------
   99       64502.000       0.000       64502.000       0.000              99              99
  222         725.349    1590.180         725.363    1590.179             222             222
   68       -3258.707    2012.703       -3258.692    2012.707              68              68
  205        2105.186    -416.398        2105.197    -416.398             205             205
   41        -668.976   -1718.057        -668.969   -1718.056              41              41
  147         850.012     782.902         850.023     782.897             147             147
  137        3030.001    -585.020        3030.012    -585.032             137             137
  161         536.533    1457.341         536.553    1457.336             161             161
    4        2162.270     541.869        2162.289     541.859               4               4
   13        -241.562    1032.750        -241.539    1032.753              13              13
  200        1594.722     111.188        1594.741     111.183             200             200
  237       -1070.502    -264.572       -1070.483    -264.562             237             237
   23        -727.493   -1435.447        -727.492   -1435.442              23              23
  248        1518.463    -632.139        1518.470    -632.159             248             248
   69        1128.908    2489.909        1128.949    2489.902              69              69
  209        -212.628   -2558.382        -212.626   -2558.378             209             209
  215          26.435    -906.780          26.447    -906.798             215             215
  101        -701.872    2468.074        -701.828    2468.068             101             101
  227         313.571    1711.669         313.605    1711.670             227             227
  136        1160.983    -779.035        1161.002    -779.045             136             136
  166       -2558.375     794.410       -2558.342     794.439             166             166
   20         -58.634      89.123         -58.622      89.124              20              20
    9       -1061.240     569.586       -1061.224     569.602               9               9
   50         608.721   -1526.100         608.710   -1526.117              50              50
   14        -284.107    1627.652        -284.067    1627.639              14              14
   70       -1076.113    1480.380       -1076.083    1480.394              70              70
  197        -715.873    1595.256        -715.857    1595.272             197             197
   22        2859.227    1217.195        2859.256    1217.166              22              22
  104       -1979.707    -308.063       -1979.701    -308.015             104             104
   19         677.989     552.857         677.984     552.851              19              19
    3        2512.715     402.972        2512.726     402.934               3               3
  166        1528.981     815.210        1529.022     815.196             166             166
  233           3.323     396.769           3.357     396.793             233             233
  163          44.599   -1207.640          44.583   -1207.625             163             163
  142        1936.229    -697.714        1936.228    -697.761             142             142
  195        1959.986     629.892        1960.043     629.843             195             195
   16        -413.205    1451.115        -413.119    1451.138              16              16
    8       -1411.027     161.142       -1411.001     161.206               8               8
   51         495.222   -1814.495         495.184   -1814.491              51              51
   76        1761.570    -917.139        1761.575    -917.191              76              76
  142         952.583    -238.655         952.634    -238.699             142             142
  205       -1853.720    1364.816       -1853.643    1364.857             205             205
  118         659.813    -111.410         659.840    -111.427             118             118
   91        -425.525    1156.093        -425.447    1156.106              91              91
  101       -1743.272     937.040       -1743.215     937.107             101             101
    9         247.039     459.139         247.083     459.161               9               9
  178       -3002.727    -630.376       -3002.729    -630.264             178             178
   66        -895.703    -692.545        -895.751    -692.514              66              66
    8         989.746    1309.708         989.774    1309.695               8               8
  176        -368.171    -299.318        -368.189    -299.263             176             176
  232        3052.130   -2426.999        3052.078   -2427.082             232             232
   45       -1190.119     409.735       -1190.050     409.778              45              45
  233       -1960.195   -2630.801       -1960.279   -2630.743             233             233
  124         424.222    -458.736         424.185    -458.795             124             124
  187        1427.234     159.012        1427.242     158.924             187             187
   51         821.435     610.504         821.481     610.444              51              51
  166        1276.208     491.164        1276.274     491.082             166             166
   56        -743.478    2347.958        -743.338    2347.966              56              56
  189        -644.991    1698.795        -644.894    1698.830             189             189
   76       -1026.583    2848.431       -1026.462    2848.528              76              76
   80         139.957    -361.190         139.956    -361.113              80              80
  134        -973.786    -382.913        -973.801    -382.814             134             134
  113        1378.852   -1265.221        1378.808   -1265.230             113             113
  132         385.535    -650.716         385.545    -650.702             132             132
  119         716.996   -1377.834         716.997   -1377.846             119             119
    6       -1848.274   -1050.810       -1848.277   -1050.737               6               6
  239         583.895    -109.085         583.920    -109.107             239             239
   19       -1155.765   -2472.889       -1155.828   -2472.875              19              19
  175        -834.113    2025.437        -833.997    2025.437             175             175
  149       -1269.768      96.563       -1269.750      96.641             149             149
   63        -527.020   -1634.352        -527.082   -1634.353              63              63
   95       -1589.579    2468.013       -1589.462    2468.076              95              95
   65       -1624.468    -724.654       -1624.530    -724.548              65              65
  249        -969.830    -334.082        -969.898    -334.042             249             249
  220        -728.561     698.073        -728.607     698.109             220             220
    9        1217.079     371.906        1217.025     371.874               9               9
  192        1277.509    -721.808        1277.436    -721.851             192             192
   70        1626.802     -45.529        1626.798     -45.601              70              70
  179         428.135    -267.559         428.138    -267.565             179             179
   45        -347.783    -811.321        -347.836    -811.301              45              45
   33        1004.425    -227.328        1004.383    -227.389              33              33
  186        1351.654    -302.902        1351.631    -302.975             186             186
  239        1037.790   -1117.589        1037.731   -1117.668             239             239
  232        2452.190      -8.360        2452.230      -8.535             232             232
    9         329.705    -135.911         329.767    -135.976               9               9
   70         348.868     296.703         348.929     296.623              70              70
  134         562.552    1179.955         562.656    1179.861             134             134
   82        1283.721    2971.008        1283.954    2970.936              82              82
  110        -196.353    1222.300        -196.195    1222.378             110             110
   16       -1011.142    -642.377       -1011.126    -642.285              16              16
   43          -3.308    1265.671          -3.202    1265.687              43              43
   69        -810.922    1119.192        -810.839    1119.308              69              69
   93         807.127   -1564.032         807.053   -1564.043              93              93
  231          12.988     974.151          13.089     974.151             231             231
  195         -95.069     963.303         -94.971     963.365             195             195
   50        -242.487   -1437.847        -242.539   -1437.809              50              50
  167          18.228    1367.937          18.353    1367.934             167             167
   72        -904.807    1699.510        -904.676    1699.649              72              72
   27        -244.470   -1018.859        -244.535   -1018.757              27              27
   62        -156.566     564.289        -156.536     564.376              62              62
  105         487.147    -759.958         487.097    -759.882             105             105
  159         874.909   -2446.826         874.782   -2446.833             159             159
   31         -54.266   -1673.013         -54.327   -1673.042              31              31
  226        -335.191    -106.899        -335.169    -106.939             226             226
  168        -253.822    2503.942        -253.659    2504.001             168             168
  123        2389.629   -1920.170        2389.564   -1920.253             123             123
   36       -1774.744    -548.767       -1774.703    -548.630              36              36
  242        1119.871    -807.746        1119.878    -807.811             242             242
  146       -1497.390    -799.464       -1497.360    -799.371             146             146
    1       -1305.476     345.681       -1305.424     345.771               1               1
  122       -1705.160    -167.574       -1705.203    -167.421             122             122
  177          45.267    -116.876          45.198    -116.817             177             177
  204         340.199   -2486.239         339.977   -2486.247             204             204
  242        1191.960    -521.293        1191.920    -521.417             242             242
   54         220.037    -579.774         220.011    -579.799              54              54
  233        1767.294   -1827.431        1767.234   -1827.612             233             233
  131       -1849.298     296.277       -1849.205     296.351             131             131
  216        -390.042    -614.512        -390.107    -614.523             216             216
   48         677.581    -424.809         677.536    -424.917              48              48
  183        1536.516     -99.676        1536.570     -99.843             183             183
   14        -494.302   -1319.393        -494.307   -1319.459              14              14
  115        -439.244    1932.372        -439.017    1932.319             115             115
  134       -1887.483    -639.973       -1887.515    -639.897             134             134
   82          56.747    2777.217          56.936    2777.179              82              82
   26         350.075    -467.212         350.042    -467.220              26              26
   62         513.102     316.475         513.168     316.397              62              62
    1         100.764    1236.136         100.942    1236.120               1               1
   36       -1116.371     114.960       -1116.296     115.059              36              36
   64       -1070.035     233.931       -1070.000     234.000              64              64
   63        -109.161    1004.894        -109.050    1004.888              63              63
  129       -2185.867    1227.871       -2185.775    1228.092             129             129
   15       -1132.131    -279.839       -1132.279    -279.718              15              15
  160        2318.356    1581.900        2318.436    1581.746             160             160
  189        -163.155    -234.611        -163.143    -234.509             189             189
  159        -377.732    -677.037        -377.810    -676.956             159             159
  191        1494.826   -1366.626        1494.729   -1366.791             191             191
  179        -524.138     490.936        -524.026     490.888             179             179
  162        -876.053    3292.544        -875.748    3292.675             162             162
  210         -85.596   -1334.917         -85.719   -1334.793             210             210
  140        -657.871    -563.091        -657.937    -563.012             140             140
   80         195.166   -1107.152         195.043   -1107.224              80              80
  252        -242.218    1589.257        -242.079    1589.221             252             252
   79       -1187.716    1963.507       -1187.617    1963.699              79              79
  151        2190.382   -1299.316        2190.214   -1299.437             151             151
  137          66.023      65.105          66.067      65.096             137             137
   47         -54.101    1334.766         -53.961    1334.841              47              47
  187       -1158.875   -1486.607       -1159.090   -1486.430             187             187
  254        2595.086    -439.503        2594.998    -439.775             254             254
  182         679.805    1382.846         680.008    1382.826             182             182
  114         -10.262   -1657.257         -10.370   -1657.200             114             114
   30          95.100   -1347.910          94.994   -1348.003              30              30
  160         628.999    1067.024         629.146    1066.854             160             160
  145        -407.448    2166.967        -407.185    2167.023             145             145
  162        -742.559      58.994        -742.574      59.135             162             162
   54        1030.746     902.806        1030.819     902.771              54              54
   92         218.644     232.816         218.696     232.908              92              92
  175        -212.078   -1321.733        -212.212   -1321.645             175             175
  244        -111.724    -576.308        -111.856    -576.310             244             244
   42        3289.401     132.525        3289.446     132.169              42              42
  176        -246.346     230.135        -246.195     230.144             176             176
   13         192.533    1255.920         192.724    1255.937              13              13
   67         646.699    -365.425         646.733    -365.443              67              67
  236         415.565     859.675         415.757     859.663             236             236
  221        -281.261    1483.304        -281.018    1483.467             221             221
    0        1198.524    -261.422        1198.652    -261.342              -0               0
  248       -2655.807   -1742.624       -2655.869   -1742.192             248             248
   71       -1821.612   -1279.129       -1821.837   -1278.842              71              71
   85        1857.812   -2313.911        1857.504   -2314.079              85              85
  217         730.645   -2300.076         730.478   -2300.253             217             217
  166        -443.552    -266.889        -443.499    -266.973             166             166
  255         -38.385    -702.720         -38.405    -702.839             255             255
  233        -105.373     201.691        -105.277     201.565             233             233
  243       -1103.569     432.111       -1103.492     432.101             243             243
  172         443.205    2224.867         443.472    2224.769             172             172
   59        -647.314     550.795        -647.220     550.898              59              59
  241         -20.704    1177.800         -20.562    1177.849             241             241
   60        -261.324     965.624        -261.206     965.788              60              60
   88          71.835   -1293.095          71.678   -1292.998              88              88
  218        1138.290    -276.362        1138.314    -276.445             218             218
  201        -692.956   -2160.355        -693.130   -2160.338             201             201
   51         102.956    1993.909         103.222    1993.852              51              51
  108         939.474   -1148.127         939.463   -1148.215             108             108
  160       -1945.151     333.569       -1945.004     333.769             160             160
   68       -1204.506    -602.452       -1204.607    -602.341              68              68
  170        -133.503    -724.831        -133.643    -724.961             170             170
  183        -234.260    2850.641        -233.987    2850.593             183             183
  184        2046.743    1208.249        2046.923    1208.112             184             184
  207        -662.775   -1334.141        -662.825   -1334.049             207             207
    3        -145.720    2196.226        -145.397    2196.245               3               3
   92          22.505     206.975          22.623     207.077              92              92
  236       -1644.029     -18.851       -1643.983     -18.582             236             236
  224       -1034.048    -477.424       -1034.168    -477.302             224             224
   95          40.907    1488.152          41.002    1488.154              95              95
  250        1535.601     812.561        1535.741     812.460             250             250
  177       -1994.827     690.281       -1994.723     690.652             177             177
  146         237.027     252.512         236.955     252.611             146             146
  163         982.266    1075.613         982.369    1075.699             163             163
   53         467.715   -2621.378         467.406   -2621.311              53              53
  223        -101.655     816.252        -101.545     816.312             223             223
   15         703.315   -1098.394         703.175   -1098.409              15              15
  101         304.278     500.679         304.360     500.697             101             101
  245         700.263      31.431         700.273      31.472             245             245
  106        1837.847    -982.879        1837.813    -983.013             106             106
   20         853.220     -10.880         853.432     -10.883              20              20
  182        -271.261   -1425.922        -271.220   -1425.784             182             182
  133        -518.430    -995.662        -518.329    -995.561             133             133
  229       -3066.096    -705.722       -3066.092    -705.303             229             229
  214       -1267.542    -302.720       -1267.675    -302.520             214             214
   87         112.242    -594.351         112.060    -594.317              87              87
  197        1296.236    -273.227        1296.212    -273.309             197             197
  131         214.457   -2099.713         214.279   -2099.680             131             131
  125         495.673   -1817.518         495.610   -1817.658             125             125
  101       -2327.565    -991.357       -2327.555    -991.180             101             101
   12       -2526.805     387.495       -2526.856     387.762              12              12
   34        1036.637   -1537.448        1036.299   -1537.690              34              34
  238          40.779     222.678          40.799     222.507             238             238
  177         210.715     577.154         210.795     577.006             177             177
   42         624.694    1923.104         625.037    1923.059              42              42
   74       -1581.600   -1374.753       -1581.790   -1374.444              74              74
   69        1125.705   -1008.355        1125.531   -1008.582              69              69
  124         516.294    -339.033         516.345    -339.248             124             124
  100        -592.013     782.203        -591.800     782.154             100             100
    5        -660.840    1690.052        -660.559    1690.136               5               5
  173         376.945     735.795         377.129     735.848             173             173
  162       -1718.459    -167.574       -1718.436    -167.206             162             162
  103        -387.191    -614.509        -387.316    -614.366             103             103
   10        -996.978   -1684.509        -997.292   -1684.409              10              10
  133        -307.323     967.186        -307.326     967.178             133             133
   32         937.143    -607.306         936.915    -607.417              32              32
  112        2658.661   -1797.565        2658.455   -1798.125             112             112
   99         301.935    2778.474         302.589    2778.318              99              99
   84       -2196.202     403.450       -2196.064     403.872              84              84
   56        -287.486      -8.619        -287.603      -8.498              56              56
   50        2097.085   -1051.986        2096.951   -1052.334              50              50
   30        -671.502    1698.575        -671.152    1698.682              30              30
    8         951.772    -338.517         951.784    -338.570               8               8
   61         161.524     910.929         161.796     911.053              61              61
    4        -563.649   -2189.070        -563.911   -2188.877               4               4
    3         788.128    -925.290         788.050    -925.472               3               3
  119         868.518    -682.947         868.589    -683.195             119             119
  235        -301.856     923.357        -301.503     923.356             235             235
   41         316.096    -900.086         316.202    -900.160              41              41
   68       -1423.204    -150.350       -1422.975    -150.249              68              68
   10       -1849.250    1221.347       -1848.935    1221.585              10              10
  156       -1270.659     345.007       -1270.585     345.248             156             156
  197        -105.753      32.733        -105.707      32.798             197             197
   96        -746.667    -926.424        -746.733    -926.350              96              96
  221        -486.796     982.003        -486.566     982.005             221             221
  140        -264.013    1652.565        -263.625    1652.737             140             140
  242       -1008.247   -1787.280       -1008.394   -1787.005             242             242
  213        -718.100    -330.404        -717.991    -330.324             213             213
    8       -2152.125    -684.351       -2152.099    -684.082               8               8
   45       -2378.060     416.317       -2377.987     416.591              45              45
  136       -2968.485    1172.462       -2968.531    1172.935             136             136
   46        1645.428     -33.554        1645.208     -33.805              46              46
  148        1247.365    1336.407        1247.744    1336.272             148             148
   29       -3926.000      -0.830       -3926.000       0.000              29              29
  159        1248.132   -1336.131        1247.747   -1336.269             159             159
  213        1644.987      34.069        1645.209      33.810             213             213
   93       -2968.574   -1173.431       -2968.528   -1172.942              93              93
   32       -2377.911    -416.884       -2377.986    -416.597              32              32
   29       -2152.076     683.796       -2152.101     684.078              29              29
  127        -717.880     330.236        -717.993     330.322             127             127
   64       -1008.555    1786.708       -1008.398    1787.001              64              64
  181        -263.207   -1652.922        -263.622   -1652.739             181             181
   69        -486.312    -982.010        -486.562    -982.007              69              69
  235        -746.808     926.268        -746.735     926.348             235             235
   70        -105.656     -32.867        -105.706     -32.797              70              70
  164       -1270.504    -345.515       -1270.584    -345.250             164             164
  176       -1848.579   -1221.853       -1848.929   -1221.589             176             176
   44       -1422.715     150.131       -1422.973     150.246              44              44
  165         316.318     900.245         316.200     900.162             165             165
  165        -301.101    -923.354        -301.502    -923.356             165             165
  146         868.670     683.483         868.589     683.198             146             146
   35         787.956     925.684         788.047     925.474              35              35
  160        -564.223    2188.650        -563.916    2188.875             160             160
   83         162.118    -911.194         161.799    -911.050              83              83
   24         951.798     338.636         951.785     338.573              24              24
  190        -670.732   -1698.809        -671.148   -1698.682             190             190
  170        2096.788    1052.755        2096.949    1052.338             170             170
   15        -287.742       8.349        -287.602       8.496              15              15
   55       -2195.892    -404.392       -2196.061    -403.877              55              55
  126         303.401   -2778.123         302.596   -2778.316             126             126
   98        2658.197    1798.823        2658.451    1798.132              98              98
  154         936.628     607.559         936.914     607.420             154             154
   56        -307.326    -967.171        -307.322    -967.179              56              56
  179        -997.693    1684.279        -997.296    1684.407             179             179
  179        -387.476     614.182        -387.318     614.363             179             179
   23       -1718.406     166.729       -1718.436     167.204              23              23
  110         377.370    -735.912         377.131    -735.846             110             110
  118        -660.188   -1690.248        -660.556   -1690.137             118             118
    6        -591.515    -782.093        -591.797    -782.157               6               6
   78         516.412     339.535         516.344     339.250              78              78
   96        1125.294    1008.892        1125.528    1008.586              96              96
  169       -1582.051    1374.023       -1581.793    1374.441             169             169
  183         625.505   -1923.000         625.040   -1923.059             183             183
   45         210.905    -576.804         210.796    -577.007              45              45
  144          40.827    -222.268          40.799    -222.505             144             144
   81        1035.822    1538.031        1036.295    1537.694              81              81
  219       -2526.926    -388.145       -2526.855    -387.767             219             219
   68       -2327.543     990.924       -2327.557     991.176              68              68
   87         495.518    1817.860         495.608    1817.660              87              87
  103         214.018    2099.637         214.275    2099.682             103             103
   63        1296.175     273.431        1296.211     273.312              63              63
   42         111.794     594.266         112.060     594.317              42              42
   40       -1267.872     302.222       -1267.676     302.518              40              40
   23       -3066.090     704.666       -3066.095     705.294              23              23
  248        -518.178     995.410        -518.330     995.560             248             248
  153        -271.163    1425.575        -271.222    1425.784             153             153
  203         853.754      10.890         853.432      10.885             203             203
   32        1837.760     983.221        1837.812     983.016              32              32
   54         700.290     -31.534         700.273     -31.472              54              54
   43         304.488    -500.724         304.361    -500.696              43              43
  151         702.952    1098.436         703.174    1098.412             151             151
   30        -101.368    -816.408        -101.543    -816.312              30              30
  146         466.907    2621.205         467.400    2621.312             146             146
  189         982.539   -1075.838         982.373   -1075.699             189             189
  222         236.838    -252.771         236.956    -252.611             222             222
  221       -1994.552    -691.265       -1994.722    -690.658             221             221
  209        1535.972    -812.289        1535.742    -812.457             209             209
  228          41.163   -1488.157          41.004   -1488.154             228             228
  234       -1034.376     477.093       -1034.171     477.300             234             234
  105       -1643.901      18.117       -1643.981      18.578             105             105
  175          22.827    -207.253          22.624    -207.078             175             175
   43        -144.830   -2196.279        -145.392   -2196.246              43              43
  218        -662.921    1333.886        -662.830    1334.047             218             218
   37        2047.242   -1207.866        2046.925   -1208.108              37              37
  110        -233.494   -2850.510        -233.980   -2850.594             110             110
  113        -133.895     725.193        -133.644     724.961             113             113
  210       -1204.789     602.136       -1204.607     602.338             210             210
  199       -1944.735    -334.140       -1945.003    -333.773             199             199
  165         939.439    1148.380         939.460    1148.218             165             165
   13         103.717   -1993.747         103.226   -1993.851              13              13
    0        -693.460    2160.302        -693.134    2160.335              -0               0
   74        1138.361     276.605        1138.315     276.448              74              74
   66          71.375    1292.813          71.674    1292.997              66              66
   35        -260.977    -966.100        -261.204    -965.788              35              35
  152         -20.279   -1177.946         -20.557   -1177.851             152             152
  182        -647.032    -551.099        -647.219    -550.899             182             182
  100         444.005   -2224.578         443.478   -2224.770             100             100
  220       -1103.340    -432.078       -1103.491    -432.100             220             220
  154        -105.084    -201.314        -105.276    -201.565             154             154
  162         -38.448     703.078         -38.407     702.839             162             162
    4        -443.393     267.141        -443.500     266.971               4               4
   50         730.133    2300.615         730.475    2300.253              50              50
  247        1856.860    2314.435        1857.500    2314.084             247             247
  103       -1822.308    1278.240       -1821.838    1278.840             103             103
  187       -2656.005    1741.273       -2655.874    1742.184             187             187
   35        1198.922     261.176        1198.651     261.345              35              35
  211        -280.488   -1483.820        -281.011   -1483.469             211             211
   30         416.179    -859.638         415.762    -859.663              30              30
  217         646.805     365.483         646.732     365.443             217             217
  253         193.150   -1255.974         192.727   -1255.937             253             253
  252        -245.856    -230.163        -246.194    -230.144             252             252
   22        3289.551    -131.353        3289.447    -132.161              22              22
   62        -112.155     576.313        -111.856     576.309              62              62
  225        -212.523    1321.444        -212.215    1321.645             225             225
  247         218.816    -233.122         218.696    -232.909             247             247
  222        1030.988    -902.685        1030.819    -902.769             222             222
  235        -742.608     -59.469        -742.574     -59.137             235             235
  215        -406.556   -2167.156        -407.181   -2167.024             215             215
   81         629.507   -1066.444         629.150   -1066.853              81              81
  227          94.732    1348.230          94.991    1348.004             227             227
  155         -10.639    1657.061         -10.373    1657.199             155             155
    8         680.510   -1382.772         680.010   -1382.824               8               8
  240        2594.782     440.460        2594.999     439.782             240             240
  103       -1159.633    1485.982       -1159.094    1486.427             103             103
  115         -53.604   -1335.030         -53.959   -1334.843             115             115
   49          66.177     -65.072          66.067     -65.095              49              49
  254        2189.772    1299.760        2190.211    1299.443             254             254
   34       -1187.350   -1964.202       -1187.613   -1963.702              34              34
    8        -241.708   -1589.130        -242.075   -1589.223               8               8
   51         194.715    1107.417         195.042    1107.226              51              51
  193        -658.120     562.796        -657.940     563.009             193             193
   12         -86.060    1334.456         -85.723    1334.792              12              12
   14        -874.903   -3293.036        -875.739   -3292.678              14              14
  211        -523.716    -490.756        -524.025    -490.890             211             211
  155        1494.453    1367.257        1494.726    1366.794             155             155
   48        -378.032     676.726        -377.810     676.956              48              48
  248        -163.110     234.217        -163.142     234.509             248             248
  220        2318.667   -1581.298        2318.438   -1581.740             220             220
  241       -1132.710     279.359       -1132.278     279.714             241             241
   68       -2185.500   -1228.745       -2185.772   -1228.097              68              68
  212        -108.718   -1004.872        -109.048   -1004.889             212             212
  123       -1069.896    -234.206       -1070.000    -234.000             123             123
   34       -1116.069    -115.369       -1116.295    -115.062              34              34
   10         101.498   -1236.066         100.946   -1236.118              10              10
  215         513.377    -316.148         513.170    -316.395             215             215
   58         349.935     467.248         350.041     467.221              58              58
  190          57.555   -2777.061          56.944   -2777.180             190             190
   93       -1887.625     639.640       -1887.517     639.892              93              93
  197        -438.268   -1932.147        -439.011   -1932.319             197             197
  183        -494.327    1319.673        -494.308    1319.458             183             183
  223        1536.755     100.414        1536.572      99.849             223             223
  148         677.388     425.283         677.536     424.919             148             148
  241        -390.333     614.557        -390.108     614.523             241             241
  244       -1848.892    -296.608       -1849.207    -296.353             244             244
   84        1767.019    1828.249        1767.231    1827.617              84              84
  254         219.925     579.890         220.012     579.801             254             254
   87        1191.773     521.854        1191.918     521.419              87              87
  122         339.176    2486.274         339.974    2486.247             122             122
   24          44.948     116.606          45.198     116.818              24              24
   97       -1705.362     166.853       -1705.204     167.418              97              97
  115       -1305.227    -346.117       -1305.422    -345.775             115             115
   65       -1497.255     799.020       -1497.362     799.369              65              65
  247        1119.897     808.063        1119.875     807.814             247             247
  153       -1774.551     548.096       -1774.704     548.626             153             153
  222        2389.299    1920.588        2389.558    1920.259             222             222
  148        -253.007   -2504.235        -253.654   -2504.002             148             148
  205        -335.081     107.094        -335.169     106.937             205             205
  119         -54.578    1673.162         -54.329    1673.043             119             119
  183         874.253    2446.860         874.776    2446.833             183             183
  140         486.885     759.572         487.094     759.883             140             140
   60        -156.405    -564.739        -156.534    -564.377              60              60
  131        -244.804    1018.318        -244.534    1018.754             131             131
   17        -904.102   -1700.248        -904.672   -1699.652              17              17
   51          18.899   -1367.920          18.355   -1367.934              51              51
  184        -242.779    1437.639        -242.542    1437.808             184             184
  192         -94.524    -963.642         -94.968    -963.366             192             192
   52          13.558    -974.154          13.093    -974.152              52              52
  125         806.706    1564.101         807.049    1564.045             125             125
  255        -810.452   -1119.857        -810.837   -1119.311             255             255
  222          -2.695   -1265.767          -3.198   -1265.688             222             222
  118       -1011.059     641.842       -1011.129     642.282             118             118
  254        -195.427   -1222.754        -196.194   -1222.378             254             254
   87        1285.120   -2970.573        1283.962   -2970.933              87              87
  229         563.184   -1179.391         562.660   -1179.860             229             229
  225         349.244    -296.212         348.931    -296.621             225             225
   58         330.077     136.313         329.765     135.978              58              58
  252        2452.434       9.459        2452.230       8.542             252             252
   98        1037.417    1118.094        1037.730    1117.671              98              98
  249        1351.502     303.371        1351.628     302.979             249             249
   73        1004.159     227.719        1004.384     227.389              73              73
  110        -348.140     811.192        -347.839     811.300             110             110
   43         428.157     267.604         428.138     267.566              43              43
  181        1626.772      46.018        1626.797      45.605             181             181
  197        1277.011     722.100        1277.434     721.853             197             197
  170        1216.706    -371.687        1217.023    -371.872             170             170
  238        -728.870    -698.327        -728.604    -698.111             238             238
  175        -970.320     333.793        -969.902     334.039             175             175
  237       -1624.913     723.897       -1624.530     724.546             237             237
   90       -1588.710   -2468.478       -1589.455   -2468.079              90              90
   49        -527.479    1634.359        -527.083    1634.352              49              49
  144       -1269.631     -97.140       -1269.749     -96.643             144             144
  116        -833.233   -2025.441        -833.995   -2025.438             116             116
  154       -1156.264    2472.774       -1155.834    2472.872             154             154
  206         584.089     109.257         583.921     109.109             206             206
  221       -1848.305    1050.227       -1848.281    1050.732             221             221
  231         717.003    1377.927         716.997    1377.846             231             231
  157         385.611     650.602         385.544     650.701             157             157
  124        1378.474    1265.319        1378.806    1265.234             124             124
  227        -973.913     382.062        -973.802     382.809             227             227
  156         139.938     360.531         139.954     361.114             156             156
    6       -1025.491   -2849.288       -1026.455   -2848.532               6               6
  167        -644.110   -1699.120        -644.889   -1698.832             167             167
    1        -742.195   -2348.037        -743.332   -2347.967               1               1
   97        1276.824    -490.404        1276.276    -491.080              97              97
  137         821.876    -609.921         821.483    -610.439             137             137
  248        1427.318    -158.157        1427.243    -158.920             248             248
    5         423.852     459.300         424.184     458.795               5               5
    0       -1961.052    2630.210       -1960.286    2630.739               0              -0
   94       -1189.416    -410.181       -1190.048    -409.782              94              94
    6        3051.580    2427.884        3052.073    2427.090               6               6
  224        -368.368     298.725        -368.191     299.261             224             224
  188         990.051   -1309.567         989.775   -1309.695             188             188
   62        -896.223     692.194        -895.752     692.511              62              62
   61       -3002.758     629.086       -3002.731     630.256              61              61
  191         247.553    -459.402         247.084    -459.162             191             191
   18       -1742.609    -937.841       -1743.215    -937.110              18              18
    4        -424.568   -1156.247        -425.443   -1156.106               4               4
   98         660.150     111.625         659.841     111.428              98              98
   50       -1852.733   -1365.348       -1853.638   -1364.862              50              50
  105         953.242     239.232         952.635     238.701             105             105
  234        1761.632     917.856        1761.575     917.197             234             234
  233         494.711    1814.439         495.182    1814.492             233             233
   61       -1410.646    -162.059       -1410.998    -161.211              61              61
  209        -411.990   -1451.444        -413.118   -1451.139             209             209
   41        1960.832    -629.138        1960.047    -629.837              41              41
   21        1936.214     698.428        1936.227     697.763              21              21
   83          44.348    1207.416          44.581    1207.624              83              83
   13           3.868    -397.142           3.357    -396.792              13              13
  209        1529.697    -814.923        1529.025    -815.191             209             209
  245        2512.913    -402.278        2512.726    -402.929             245             245
  133         677.933    -552.747         677.987    -552.850             133             133
   97       -1979.605     307.162       -1979.702     308.011              97              97
   98        2859.795   -1216.544        2859.257   -1217.158              98              98
  198        -715.519   -1595.603        -715.853   -1595.275             198             198
   98       -1075.467   -1480.659       -1076.079   -1480.396              98              98
   96        -283.233   -1627.381        -284.064   -1627.638              96              96
    5         608.406    1526.517         608.704    1526.120               5               5
   19       -1060.847    -569.990       -1061.222    -569.605              19              19
   90         -58.349     -89.146         -58.621     -89.124              90              90
  131       -2557.535    -795.212       -2558.341    -794.443             131             131
  180        1161.462     779.337        1160.998     779.048             180             180
  220         314.581   -1711.708         313.608   -1711.670             220             220
  221        -700.511   -2467.912        -701.822   -2468.071             221             221
    3          26.803     907.362          26.446     906.798               3               3
   23        -212.709    2558.238        -212.633    2558.377              23              23
  160        1130.519   -2489.571        1128.956   -2489.898             160             160
  240        1518.740     632.994        1518.469     632.163             240             240
  179        -727.481    1435.226        -727.495    1435.442             179             179
  134       -1069.641     264.022       -1070.484     264.558             134             134
   20        1595.760    -110.865        1594.742    -111.178              20              20
  190        -240.179   -1032.936        -241.534   -1032.753             190             190
   74        2163.538    -541.143        2162.291    -541.854              74              74
  229         538.127   -1456.969         536.557   -1457.333             229             229
  151        3030.857     586.256        3030.010     585.040             151             151
  193         851.194    -782.389         850.027    -782.893             193             193
  187        -668.050    1717.939        -668.973    1718.055             187             187
  196        2106.929     416.810        2105.196     416.405             196             196
  134       -3254.821   -2013.906       -3258.688   -2012.713             134             134
  225         732.936   -1589.582         725.368   -1590.177             225             225
