SINAL     NFT                         FFT                         NFT INVERSA     FFT INVERSA
-----     -----------------------     -----------------------     -----------     -----------
  130       64840.000       0.000       64840.000       0.000             130             130
  194        -223.708    -719.797        -223.695    -719.797             194             194
  110       -1109.875     133.621       -1109.861     133.622             110             110
   72         268.163     488.432         268.177     488.431              72              72
  192         184.345    1229.467         184.360    1229.467             192             192
  183        -306.347    -583.052        -306.336    -583.051             183             183
   60         737.582    1922.558         737.600    1922.556              60              60
  215        1257.896    -316.215        1257.911    -316.217             215             215
  238         -75.025    1000.200         -75.002    1000.204             238             238
    3        -869.790     418.150        -869.770     418.162               3               3
  146       -1228.472   -1509.855       -1228.468   -1509.845             146             146
   39        -735.861    1667.225        -735.841    1667.232              39              39
  220         530.282    -429.561         530.290    -429.555             220             220
   74        -315.003    -557.671        -314.995    -557.662              74              74
    8         632.288      35.010         632.301      35.011               8               8
   28         495.441    -306.716         495.459    -306.714              28              28
  150       -2103.198   -1175.380       -2103.197   -1175.357             150             150
   83        1355.383    1071.966        1355.407    1071.953              83              83
  211       -1744.124     422.396       -1744.104     422.427             211             211
  178         404.561    -688.901         404.564    -688.897             178             178
   75       -1612.593      62.611       -1612.585      62.636              75              75
  243        1321.441    1187.841        1321.465    1187.839             243             243
   93        -763.563      39.126        -763.545      39.166              93              93
   65        -812.905   -2107.454        -812.924   -2107.418              65              65
   68        -923.654   -1760.156        -923.678   -1760.130              68              68
  182        -244.696   -1818.577        -244.728   -1818.568             182             182
   31         533.483   -1370.580         533.459   -1370.590              31              31
   25         763.675   -1578.059         763.655   -1578.083              25              25
  194         121.240     821.406         121.263     821.399             194             194
  165         264.198    -396.627         264.198    -396.619             165             165
  168        -202.730   -1226.206        -202.750   -1226.188             168             168
  182        1274.510   -3318.084        1274.452   -3318.123             182             182
   46        1239.330    1561.127        1239.383    1561.087              46              46
   22          91.475   -1304.701          91.480   -1304.697              22              22
    4       -1925.465   -1636.055       -1925.491   -1636.026               4               4
  141         676.026    -803.981         676.000    -804.024             141             141
  171        1606.405      55.456        1606.423      55.388             171             171
   72       -1034.899    1025.761       -1034.863    1025.764              72              72
  118        1840.154    1634.665        1840.207    1634.630             118             118
  232         507.318   -1761.079         507.314   -1761.085             232             232
   85        -446.131    -161.933        -446.093    -161.945              85              85
  159       -1864.188    1765.830       -1864.123    1765.877             159             159
   32          94.524    -391.837          94.527    -391.822              32              32
  205       -2118.318   -1040.088       -2118.346   -1040.033             205             205
    6         899.790     155.769         899.790     155.735               6               6
  123       -1304.986    -344.977       -1304.992    -344.944             123             123
  111        -520.819    -697.664        -520.856    -697.667             111             111
  209        -102.922     404.167        -102.929     404.148             209             209
  104        -307.707     624.648        -307.717     624.641             104             104
   15        1500.145     913.615        1500.151     913.561              15              15
  172         504.004    1672.935         504.049    1672.941             172             172
  228         611.473   -1013.296         611.422   -1013.290             228             228
  207        1778.717     111.307        1778.705     111.258             207             207
   70        2235.715   -1387.065        2235.679   -1387.140              70              70
  129        2076.718    -943.710        2076.728    -943.820             129             129
   76         602.457    1597.469         602.565    1597.418              76              76
   40         653.259     794.028         653.335     793.997              40              40
   91         642.518    2223.728         642.648    2223.734              91              91
  204        1002.117   -1637.748        1002.134   -1637.757             204             204
   29       -2400.160     746.467       -2400.077     746.561              29              29
   35        -410.024   -1431.383        -410.071   -1431.377              35              35
   74         980.797    1381.419         980.883    1381.363              74              74
  175       -1029.194     503.576       -1029.128     503.628             175             175
  228       -1142.111     176.808       -1142.084     176.861             228             228
   75        -103.190     482.903        -103.152     482.917              75              75
   31       -1532.764    -336.316       -1532.774    -336.257              31              31
   55          10.997    1480.359          11.046    1480.353              55              55
  240         263.668    2203.709         263.769    2203.751             240             240
  242        -638.752     -25.540        -638.749     -25.418             242             242
  224        -271.519   -2647.366        -271.652   -2647.311             224             224
  123         741.845    -670.557         741.808    -670.598             123             123
  125         409.552    -970.114         409.521    -970.159             125             125
  226         402.143    1114.799         402.219    1114.759             226             226
   83        -208.850     694.183        -208.790     694.208              83              83
   96        -825.003     736.039        -824.963     736.125              96              96
  228         164.395   -1952.766         164.292   -1952.753             228             228
   92        1390.639    -186.967        1390.669    -187.066              92              92
   95       -2499.276    1248.588       -2499.194    1248.710              95              95
  126        -578.234    -280.398        -578.301    -280.354             126             126
  142        1550.698     968.092        1550.725     968.039             142             142
  186         -77.486    -880.136         -77.518    -880.110             186             186
  240       -1073.947     192.437       -1073.977     192.488             240             240
   46        2472.541    1347.625        2472.586    1347.530              46              46
  253         701.134    -702.194         701.128    -702.171             253             253
  202         795.594   -1825.473         795.539   -1825.526             202             202
   63       -1189.021    1409.604       -1188.929    1409.653              63              63
   69         780.282       8.173         780.264       8.151              69              69
   27        1088.044     945.155        1088.114     945.130              27              27
  173         570.224     -28.186         570.266     -28.160             173             173
  223        -850.464     -91.245        -850.458     -91.134             223             223
   60        1139.393    -566.888        1139.353    -566.872              60              60
  199        1319.597   -2854.434        1319.473   -2854.476             199             199
  127         431.336   -1789.549         431.293   -1789.618             127             127
  204         691.240   -1312.091         691.244   -1312.226             204             204
   13       -1137.647    1198.977       -1137.505    1198.963              13              13
  138        -347.402     409.649        -347.332     409.613             138             138
  118       -1575.214    3065.557       -1575.014    3065.663             118             118
  160         643.765     718.870         643.813     718.921             160             160
  208        -811.549    -305.413        -811.553    -305.277             208             208
   91          -9.561    -900.304          -9.623    -900.245              91              91
   64         -57.936    -528.266         -57.973    -528.211              64              64
   62         459.082   -2328.292         458.939   -2328.314              62              62
  161         322.567   -1218.115         322.522   -1218.210             161             161
    6        -944.902     898.776        -944.829     898.781               6               6
   21         348.689     525.045         348.716     525.018              21              21
  221         283.636       0.151         283.646       0.146             221             221
  162         381.802    -871.669         381.764    -871.712             162             162
  213         459.307     797.479         459.405     797.437             213             213
   52        -450.877   -1189.706        -450.920   -1189.698              52              52
  111         372.559     530.281         372.641     530.193             111             111
  144       -1182.855    1240.833       -1182.735    1240.897             144             144
  159         120.858    1008.764         120.947    1008.796             159             159
   84        -966.644   -1846.302        -966.756   -1846.252              84              84
  176       -1290.908    1788.182       -1290.821    1788.223             176             176
   66        1274.075      96.312        1274.055      96.184              66              66
   44        -815.678    3678.130        -815.420    3678.237              44              44
  248        1833.247    -534.807        1833.222    -534.824             248             248
  228        -288.251    -821.786        -288.221    -821.739             228             228
  135       -2944.237     828.647       -2944.197     828.870             135             135
   85         777.258    1058.956         777.249    1058.935              85              85
  246         624.533     958.520         624.573     958.546             246             246
   81         609.608     616.266         609.636     616.323              81              81
   47        1486.865    -331.569        1486.861    -331.583              47              47
  235         971.543    -176.875         971.629    -176.863             235             235
  239       -1348.113    -869.311       -1348.100    -869.142             239             239
  140        -193.834     119.260        -193.764     119.321             140             140
   48       -3521.085    -149.217       -3521.139    -148.873              48              48
   13         838.885     175.677         838.776     175.680              13              13
  237         478.025     347.914         478.000     348.000             237             237
   39         397.663   -2239.908         397.433   -2239.857              39              39
  149         756.509      68.129         756.490      68.111             149             149
   98         134.258    -529.015         134.178    -528.926              98              98
   64        2122.377   -1813.009        2122.239   -1813.108              64              64
  244        -390.730   -1717.567        -390.819   -1717.498             244             244
    9        -565.300   -2686.187        -565.554   -2686.197               9               9
  214        1155.133     812.872        1155.173     812.723             214             214
  246        1631.588   -2091.596        1631.471   -2091.772             246             246
  255       -1267.823    -150.035       -1267.776    -150.013             255             255
  120        -521.889    -180.101        -521.945    -180.135             120             120
   14         528.167    1174.790         528.211    1174.695              14              14
   98        1348.922    1287.016        1349.018    1286.947              98              98
  150         828.919    -858.640         828.852    -858.655             150             150
  227        1340.896     290.531        1340.966     290.457             227             227
  220          23.817   -1458.270          23.714   -1458.245             220             220
  242        1738.030    -157.880        1738.054    -158.062             242             242
   69        1094.135     546.985        1094.287     546.924              69              69
  117        1360.656   -1727.081        1360.658   -1727.187             117             117
  170        -880.531    -341.976        -880.387    -341.940             170             170
  177       -1715.325     697.573       -1715.200     697.738             177             177
  101         448.077     145.208         448.108     145.247             101             101
    5         313.000   -2373.772         312.839   -2373.787               5               5
  202         223.861    -147.535         223.949    -147.615             202             202
   20        -487.169    -444.632        -487.096    -444.623              20              20
  134        -979.261     308.531        -979.141     308.614             134             134
   86        -939.789    -744.084        -939.794    -743.996              86              86
  123       -2255.727    -468.196       -2255.795    -468.017             123             123
  134         522.746     246.283         522.725     246.193             134             134
   43        -799.047    -403.428        -799.108    -403.395              43              43
  221         685.258    1563.739         685.411    1563.678             221             221
  253        -300.664   -1032.368        -300.726   -1032.309             253             253
   46       -1290.845     593.248       -1290.808     593.379              46              46
  240         699.726     301.809         699.724     301.792             240             240
  181        -411.929    -415.868        -411.978    -415.751             181             181
  102          90.112   -1309.738          89.944   -1309.722             102             102
  110         602.665   -1164.193         602.540   -1164.329             110             110
   48         -49.576    1893.554         -49.363    1893.575              48              48
   44         224.424   -2129.778         224.185   -2129.760              44              44
  164        1153.061    -315.255        1153.063    -315.445             164             164
  222         432.509     347.891         432.655     347.817             222             222
   77       -1020.278    -181.052       -1020.228    -180.942              77              77
  209         -22.114     232.506         -22.069     232.520             209             209
  149         302.629     543.779         302.742     543.838             149             149
  221         309.257   -1770.943         309.186   -1770.889             221             221
  192       -2198.959   -1771.528       -2199.078   -1771.307             192             192
  183       -1084.020    -652.142       -1084.121    -652.066             183             183
  197       -1115.221   -1946.050       -1115.506   -1946.014             197             197
  216        -880.020    -341.688        -880.202    -341.732             216             216
  111        1658.704     131.372        1658.622     131.100             111             111
   45        1052.893   -1831.160        1052.732   -1831.426              45              45
   31       -1196.774    1486.935       -1196.588    1486.944              31              31
  173         514.157   -1730.273         513.906   -1730.460             173             173
   38        1054.037     661.499        1054.162     661.162              38              38
  158       -1500.147     980.973       -1500.020     980.995             158             158
   17         -40.752     813.120         -40.770     812.992              17              17
  166        2073.469    1385.061        2073.595    1384.700             166             166
  224        1902.452    1554.730        1902.780    1554.441             224             224
  170        -550.337    1422.307        -549.984    1422.358             170             170
   52        -319.295    1212.576        -319.002    1212.622              52              52
  194       -1451.440    1598.507       -1451.127    1598.738             194             194
   84       -2145.295    1050.588       -2145.166    1050.962              84              84
  116       -1438.219     558.000       -1438.275     558.332             116             116
   18         462.420   -1498.663         462.123   -1498.638              18              18
   35        -470.674    -579.091        -470.848    -579.083              35              35
  105        2057.970     530.358        2058.039     530.041             105             105
  153       -1760.262     380.053       -1760.187     380.230             153             153
   11        -355.153    1263.458        -355.113    1263.484              11              11
   33        1133.650    1851.163        1133.820    1851.134              33              33
  212        -345.506    -663.966        -345.633    -663.768             212             212
   33         702.627   -1339.661         702.391   -1339.747              33              33
  140        -288.226     418.296        -288.296     418.275             140             140
  125        3897.349     319.813        3897.404     319.263             125             125
   32         475.629    1413.539         476.047    1413.474              32              32
  158       -1807.096    1722.006       -1806.772    1722.379             158             158
   64        -569.866    -211.004        -569.972    -210.733              64              64
  204        2069.616    -737.583        2069.538    -737.711             204             204
   65        -677.111   -1295.732        -677.185   -1295.561              65              65
  120        -386.028   -1956.480        -386.291   -1956.491             120             120
  186         413.755      82.215         413.748      82.014             186             186
   55        1148.055    1410.512        1148.322    1410.340              55              55
  105       -1236.620   -1298.050       -1236.744   -1297.916             105             105
   91         691.438    1327.273         691.623    1327.110              91              91
  203        -137.956     106.492        -137.882     106.496             203             203
  160       -1429.922    1384.438       -1429.799    1384.659             160             160
  166        1726.071    -113.373        1725.974    -113.554             166             166
  129        1140.295     555.459        1140.449     555.333             129             129
  131        -715.072     672.987        -714.957     673.181             131             131
  251        2159.271    -632.575        2159.235    -632.786             251             251
  219         389.712   -1388.573         389.713   -1388.696             219             219
   46        -841.714    1586.299        -841.351    1586.333              46              46
  140        -850.676    1052.440        -850.523    1052.600             140             140
  250        2040.700    1759.327        2041.050    1759.207             250             250
  133        -668.560    -823.125        -668.438    -822.811             133             133
  141       -2574.163   -1652.741       -2574.364   -1652.325             141             141
  217         926.245     461.915         926.294     461.776             217             217
   17        -917.605      36.611        -917.565      36.801              17              17
   98         271.868      80.281         271.877      80.321              98              98
  207         533.357    -523.856         533.349    -523.864             207             207
   10         169.921     271.515         170.108     271.594              10              10
   62       -1538.574   -1285.818       -1538.681   -1285.461              62              62
   76        -320.124   -2913.689        -320.571   -2913.734              76              76
  204         696.171     588.983         696.323     588.695             204             204
  120          97.384     451.844          97.643     451.783             120             120
  197       -1920.464    -728.041       -1920.406    -727.810             197             197
  224       -3146.000    -204.056       -3146.128    -203.725             224             224
  218         921.983     816.891         921.956     816.609             218             218
   18        -235.120    1488.821        -234.915    1488.806              18              18
   83         587.278    1163.493         587.513    1163.459              83              83
   62       -2236.138     260.174       -2236.122     260.593              62              62
  209        1182.460     237.999        1182.441     237.861             209             209
  240        -587.391     844.432        -587.200     844.619             240             240
   54       -1030.793   -1064.070       -1030.982   -1063.849              54              54
  185         440.127     -27.992         440.126     -28.112             185             185
  104       -1130.395     762.019       -1130.242     762.178             104             104
  215        -999.221     353.321        -999.207     353.497             215             215
  132       -1380.773     576.619       -1380.833     576.865             132             132
  131        1099.982     263.435        1099.927     263.281             131             131
   96       -1844.188    1014.073       -1844.156    1014.391              96              96
   79        1918.310    2030.514        1918.513    2030.401              79              79
  160        -717.111    -394.419        -717.190    -394.011             160             160
  231         -94.091   -1698.907         -94.472   -1698.761             231             231
   77         273.558    -208.270         273.401    -208.280              77              77
  119        1413.180    -457.165        1413.085    -457.352             119             119
   21        -885.011      66.993        -885.048      67.195              21              21
  202        1867.288    -486.705        1867.170    -486.921             202             202
   79         291.374   -1478.602         291.224   -1478.663              79              79
   91         -13.468     -38.480         -13.397     -38.566              91              91
  138        -840.000      -0.077        -840.000       0.000             138             138
  178         -13.326      38.654         -13.397      38.567             178             178
   74         291.064    1478.729         291.220    1478.665              74              74
   45        1867.046     487.149        1867.168     486.926              45              45
   30        -885.086     -67.408        -885.048     -67.198              30              30
   78        1412.982     457.552        1413.082     457.356              78              78
   49         273.235     208.289         273.400     208.279              49              49
  196         -94.882    1698.602         -94.478    1698.758             196             196
   19        -717.275     393.572        -717.191     394.009              19              19
  192        1918.740   -2030.273        1918.519   -2030.397             192             192
  198       -1844.120   -1014.741       -1844.155   -1014.396             198             198
  214        1099.868    -263.108        1099.927    -263.278             214             214
  192       -1380.898    -577.140       -1380.832    -576.869             192             192
  217        -999.193    -353.694        -999.208    -353.499             217             217
  176       -1130.068    -762.359       -1130.239    -762.181             176             176
  255         440.122      28.248         440.124      28.113             255             255
   27       -1031.201    1063.599       -1030.984    1063.849              27              27
   14        -586.979    -844.834        -587.199    -844.620              14              14
  140        1182.419    -237.697        1182.441    -237.857             140             140
  174       -2236.104    -261.086       -2236.123    -260.598             174             174
  159         587.794   -1163.417         587.517   -1163.457             159             159
   41        -234.669   -1488.790        -234.912   -1488.807              41              41
   20         921.927    -816.271         921.958    -816.607              20              20
   30       -3146.283     203.319       -3146.129     203.717              30              30
  126       -1920.338     727.528       -1920.406     727.807             126             126
   17          97.959    -451.707          97.644    -451.781              17              17
  227         696.510    -588.338         696.324    -588.692             227             227
   41        -321.130    2913.789        -320.577    2913.734              41              41
  182       -1538.816    1285.013       -1538.682    1285.457             182             182
   51         170.344    -271.693         170.109    -271.593              51              51
   65         533.338     523.876         533.347     523.867              65              65
  102         271.886     -80.372         271.877     -80.321             102             102
   46        -917.514     -37.047        -917.565     -36.802              46              46
    3         926.357    -461.589         926.294    -461.773               3               3
    6       -2574.635    1651.774       -2574.369    1652.320               6               6
  242        -668.281     822.393        -668.440     822.809             242             242
  140        2041.522   -1759.043        2041.055   -1759.204             140             140
   96        -850.313   -1052.815        -850.520   -1052.601              96              96
  162        -840.856   -1586.383        -841.347   -1586.336             162             162
  205         389.710    1388.862         389.710    1388.696             205             205
   84        2159.187     633.079        2159.236     632.789              84              84
  119        -714.794    -673.449        -714.954    -673.181             119             119
  115        1140.666    -555.154        1140.451    -555.330             115             115
  124        1725.836     113.814        1725.973     113.558             124             124
  115       -1429.622   -1384.975       -1429.796   -1384.662             115             115
   82        -137.775    -106.499        -137.882    -106.494              82              82
  253         691.893   -1326.873         691.626   -1327.107             253             253
  220       -1236.928    1297.718       -1236.748    1297.911             220             220
   60        1148.717   -1410.085        1148.325   -1410.338              60              60
  166         413.737     -81.716         413.748     -82.013             166             166
  164        -386.688    1956.508        -386.296    1956.491             164             164
   77        -677.302    1295.303        -677.188    1295.559              77              77
   11        2069.419     737.908        2069.538     737.714              11              11
   41        -570.135     210.317        -569.973     210.730              41              41
  226       -1806.272   -1722.958       -1806.769   -1722.383             226             226
  194         476.700   -1413.374         476.052   -1413.475             194             194
   87        3897.492    -318.401        3897.405    -319.259              87              87
   91        -288.403    -418.244        -288.294    -418.276              91              91
  118         702.013    1339.883         702.388    1339.748             118             118
  153        -345.839     663.451        -345.634     663.767             153             153
  163        1134.098   -1851.085        1133.825   -1851.131             163             163
  100        -355.044   -1263.528        -355.109   -1263.486             100             100
  151       -1760.063    -380.523       -1760.185    -380.233             151             151
  220        2058.154    -529.512        2058.041    -530.035             220             220
   89        -471.138     579.070        -470.848     579.083              89              89
   89         461.612    1498.600         462.117    1498.640              89              89
   93       -1438.368    -558.903       -1438.273    -558.336              93              93
  222       -2144.940   -1051.613       -2145.163   -1050.969             222             222
  176       -1450.583   -1599.137       -1451.124   -1598.739             176             176
  153        -318.491   -1212.702        -319.000   -1212.622             153             153
  107        -549.360   -1422.447        -549.980   -1422.358             107             107
  108        1903.365   -1553.924        1902.784   -1554.437             108             108
  201        2073.821   -1384.054        2073.596   -1384.698             201             201
  126         -40.797    -812.760         -40.767    -812.991             126             126
   71       -1499.786    -981.038       -1500.017    -980.996              71              71
  220        1054.391    -660.540        1054.163    -661.159             220             220
   61         513.439    1730.806         513.903    1730.462              61              61
   47       -1196.238   -1486.963       -1196.585   -1486.945              47              47
  243        1052.424    1831.930        1052.729    1831.431             243             243
  174        1658.468    -130.581        1658.622    -131.096             174             174
  229        -880.549     341.815        -880.202     341.731             229             229
  195       -1116.065    1945.943       -1115.512    1946.013             195             195
   87       -1084.317     651.912       -1084.122     652.063              87              87
    4       -2199.316    1770.863       -2199.082    1771.301               4               4
   65         309.041    1770.784         309.183    1770.890              65              65
   54         302.971    -543.952         302.744    -543.836              54              54
  235         -21.977    -232.546         -22.068    -232.519             235             235
   86       -1020.128     180.715       -1020.229     180.939              86              86
  191         432.954    -347.666         432.654    -347.817             191             191
   50        1153.067     315.844        1153.063     315.449              50              50
   96         223.680    2129.722         224.181    2129.761              96              96
   84         -48.909   -1893.620         -49.358   -1893.576              84              84
   41         602.271    1164.619         602.538    1164.330              41              41
  226          89.578    1309.688          89.940    1309.724             226             226
   96        -412.084     415.498        -411.978     415.752              96              96
  195         699.720    -301.751         699.724    -301.789             195             195
   68       -1290.723    -593.669       -1290.806    -593.381              68              68
  130        -300.871    1032.174        -300.729    1032.308             130             130
  112         685.763   -1563.537         685.415   -1563.675             112             112
    2        -799.245     403.318        -799.108     403.393               2               2
  254         522.675    -245.986         522.724    -246.192             254             254
   92       -2255.956     467.594       -2255.797     468.012              92              92
  125        -939.808     743.790        -939.795     743.995             125             125
  221        -978.856    -308.813        -979.139    -308.616             221             221
   16        -486.928     444.599        -487.097     444.622              16              16
  191         224.161     147.806         223.951     147.616             191             191
  172         312.441    2373.826         312.834    2373.788             172             172
  215         448.185    -145.340         448.109    -145.246             215             215
   93       -1714.890    -698.151       -1715.198    -697.742              93              93
  206        -880.030     341.848        -880.386     341.938             206             206
  151        1360.658    1727.456        1360.654    1727.190             151             151
  133        1094.674    -546.767        1094.288    -546.921             133             133
  250        1738.114     158.533        1738.053     158.066             250             250
  113          23.444    1458.179          23.712    1458.244             113             113
  145        1341.147    -290.260        1340.966    -290.455             145             145
  185         828.675     858.697         828.851     858.657             185             185
  123        1349.276   -1286.757        1349.021   -1286.944             123             123
   39         528.335   -1174.438         528.214   -1174.694              39              39
   69        -522.095     180.230        -521.944     180.136              69              69
    2       -1267.648     149.948       -1267.776     150.010               2               2
  180        1631.142    2092.262        1631.467    2091.774             180             180
  100        1155.290    -812.304        1155.176    -812.720             100             100
   70        -566.281    2686.224        -565.561    2686.194              70              70
  168        -391.076    1717.302        -390.823    1717.498             168             168
   39        2121.839    1813.399        2122.235    1813.113              39              39
  244         133.943     528.666         134.177     528.926             244             244
  105         756.432     -68.054         756.489     -68.108             105             105
  222         396.747    2239.703         397.427    2239.857             222             222
  167         477.926    -348.259         478.000    -348.000             167             167
  163         838.447    -175.690         838.776    -175.680             163             163
   73       -3521.311     147.792       -3521.140     148.864              73              73
  234        -193.545    -119.516        -193.763    -119.323             234             234
   22       -1348.065     868.610       -1348.102     869.140              22              22
  104         971.899     176.835         971.628     176.865             104             104
  110        1486.850     331.637        1486.861     331.586             110             110
   45         609.728    -616.509         609.637    -616.324              45              45
   68         624.707    -958.631         624.574    -958.547              68              68
   33         777.223   -1058.862         777.251   -1058.933              33              33
  163       -2944.053    -829.631       -2944.194    -828.877             163             163
  172        -288.126     821.578        -288.223     821.737             172             172
  228        1833.135     534.889        1833.222     534.827             228             228
  186        -814.506   -3678.609        -815.411   -3678.239             186             186
  110        1273.988     -95.735        1274.056     -96.182             110             110
  143       -1290.505   -1788.376       -1290.817   -1788.227             143             143
   66        -967.164    1846.071        -966.759    1846.251              66              66
   81         121.281   -1008.911         120.951   -1008.796              81              81
   94       -1182.285   -1241.136       -1182.732   -1240.900              94              94
  106         372.952    -529.863         372.644    -530.191             106             106
   94        -451.089    1189.668        -450.923    1189.698              94              94
  113         459.779    -797.267         459.407    -797.433             113             113
   15         381.610     871.881         381.761     871.714              15              15
   94         283.683      -0.123         283.646      -0.145              94              94
   66         348.822    -524.910         348.716    -525.018              66              66
  109        -944.535    -898.804        -944.827    -898.782             109             109
  198         322.336    1218.587         322.520    1218.209             198             198
  145         458.345    2328.409         458.933    2328.316             145             145
  222         -58.123     527.984         -57.973     528.210             222             222
  109          -9.884     900.001          -9.625     900.246             109             109
  171        -811.572     304.698        -811.554     305.274             171             171
    2         644.017    -719.135         643.813    -718.920               2               2
  179       -1574.138   -3066.123       -1575.010   -3065.664             179             179
  213        -347.020    -409.457        -347.330    -409.613             213             213
  242       -1136.856   -1198.911       -1137.500   -1198.965             242             242
   89         691.253    1312.834         691.241    1312.227              89              89
  124         431.084    1789.938         431.289    1789.619             124             124
   58        1318.870    2854.684        1319.465    2854.480              58              58
   19        1139.168     566.806        1139.353     566.875              19              19
   66        -850.428      90.592        -850.459      91.130              66              66
   85         570.467      28.035         570.265      28.160              85              85
  187        1088.461    -944.997        1088.116    -945.126             187             187
   64         780.184      -8.034         780.266      -8.150              64              64
  239       -1188.463   -1409.908       -1188.926   -1409.657             239             239
  131         795.252    1825.797         795.535    1825.527             131             131
   74         701.089     702.068         701.125     702.175              74              74
  184        2472.827   -1347.019        2472.588   -1347.524             184             184
  112       -1074.134    -192.766       -1073.977    -192.492             112             112
  186         -77.699     879.966         -77.521     880.110             186             186
  115        1550.881    -967.729        1550.728    -968.035             115             115
  156        -578.675     280.109        -578.302     280.353             156             156
  224       -2498.715   -1249.421       -2499.189   -1248.716             224             224
  122        1390.837     187.637        1390.668     187.067             122             122
  211         163.672    1952.679         164.286    1952.753             211             211
  117        -824.718    -736.640        -824.961    -736.126             117             117
   15        -208.420    -694.361        -208.787    -694.209              15              15
  236         402.684   -1114.515         402.220   -1114.760             236             236
  170         409.315     970.444         409.518     970.161             170             170
   12         741.571     670.865         741.808     670.598              12              12
  110        -272.518    2646.956        -271.658    2647.310             110             110
   16        -638.730      24.616        -638.750      25.415              16              16
  238         264.448   -2204.027         263.774   -2203.750             238             238
  187          11.384   -1480.313          11.049   -1480.351             187             187
   75       -1532.844     335.840       -1532.775     336.252              75              75
  226        -102.888    -483.013        -103.152    -482.917             226             226
    6       -1141.896    -177.256       -1142.084    -176.865               6               6
   22       -1028.627    -504.006       -1029.125    -503.628              22              22
  166         981.551   -1380.938         980.889   -1381.360             166             166
   40        -410.439    1431.319        -410.073    1431.375              40              40
  192       -2399.434    -747.320       -2400.076    -746.567             192             192
  115        1002.248    1637.843        1002.130    1637.760             115             115
  138         643.714   -2223.779         642.655   -2223.733             138             138
  206         653.947    -793.737         653.335    -793.997             206             206
  224         603.480   -1596.965         602.570   -1597.413             224             224
  125        2076.805     944.775        2076.726     943.825             125             125
   45        2235.352    1387.814        2235.675    1387.146              45              45
   39        1778.604    -110.824        1778.706    -111.257              39              39
   45         610.939    1013.251         611.418    1013.294              45              45
  163         504.472   -1672.990         504.050   -1672.939             163             163
  161        1500.214    -913.031        1500.153    -913.557             161             161
   26        -307.815    -624.576        -307.716    -624.642              26              26
   50        -102.996    -403.938        -102.929    -404.146              50              50
   58        -521.233     697.689        -520.856     697.666              58              58
  110       -1305.059     344.593       -1304.993     344.942             110             110
  124         899.796    -155.366         899.790    -155.734             124             124
  136       -2118.667    1039.406       -2118.349    1040.028             136             136
  152          94.550     391.659          94.525     391.823             152             152
   26       -1863.349   -1766.432       -1864.117   -1765.880              26              26
  161        -445.654     162.084        -446.095     161.943             161             161
  188         507.240    1761.180         507.309    1761.088             188             188
  141        1840.879   -1634.174        1840.211   -1634.627             141             141
  158       -1034.373   -1025.821       -1034.859   -1025.767             158             158
  106        1606.655     -54.483        1606.423     -55.388             106             106
   53         675.638     804.618         675.998     804.027              53              53
  255       -1925.876    1635.618       -1925.497    1636.024             255             255
   94          91.528    1304.652          91.477    1304.698              94              94
   63        1240.194   -1560.457        1239.385   -1561.083              63              63
  245        1273.461    3318.766        1274.444    3318.127             245             245
  116        -203.107    1225.904        -202.754    1226.188             116             116
  231         264.201     396.493         264.198     396.619             231             231
  243         121.676    -821.281         121.264    -821.400             243             243
   51         763.258    1578.519         763.650    1578.084              51              51
  155         532.984    1370.783         533.456    1370.590             155             155
   30        -245.384    1818.396        -244.732    1818.567              30              30
    0        -924.195    1759.577        -923.681    1760.128               0              -0
   73        -813.393    2106.619        -812.930    2107.416              73              73
  160        -763.155     -40.074        -763.546     -39.170             160             160
    5        1322.042   -1187.780        1321.469   -1187.837               5               5
  212       -1612.386     -63.299       -1612.585     -62.640             212             212
  211         404.627     688.771         404.562     688.897             211             211
  248       -1743.558    -423.303       -1744.104    -422.431             248             248
  164        1356.127   -1071.563        1355.410   -1071.950             164             164
   55       -2103.167    1174.630       -2103.200    1175.354              55              55
  205         496.025     306.631         495.458     306.714             205             205
  235         632.772     -35.004         632.302     -35.009             235             235
   53        -314.720     557.336        -314.996     557.662              53              53
  211         530.589     429.343         530.289     429.556             211             211
  255        -734.866   -1667.637        -735.837   -1667.236             255             255
  196       -1228.280    1509.286       -1228.471    1509.843             196             196
   84        -868.664    -418.852        -869.767    -418.164              84              84
   96         -73.510   -1000.442         -75.000   -1000.205              96              96
   57        1258.926     316.388        1257.909     316.219              57              57
   87         739.259   -1922.431         737.605   -1922.557              87              87
   53        -305.274     582.904        -306.338     583.049              53              53
    3         186.423   -1229.505         184.362   -1229.467               3               3
  160         270.454    -488.255         268.177    -488.431             160             160
   61       -1106.469    -133.872       -1109.862    -133.623              61              61
  114        -216.986     719.725        -223.696     719.794             114             114
