SINAL     NFT                         FFT                         NFT INVERSA     FFT INVERSA
-----     -----------------------     -----------------------     -----------     -----------
  133       67588.000       0.000       67588.000       0.000             133             133
   62        1515.879     582.166        1515.893     582.166              62              62
    2        1570.454    -611.248        1570.468    -611.249               2               2
   84        1605.546     144.707        1605.562     144.706              84              84
  217        -269.900    -913.827        -269.885    -913.826             217             217
  245         373.417     582.395         373.433     582.395             245             245
  113        1418.408   -1840.401        1418.419   -1840.404             113             113
  249         -39.992     287.066         -39.972     287.064             249             249
  105        -171.466      10.461        -171.448      10.463             105             105
  185         585.347    -529.627         585.363    -529.629             185             185
  213        -719.881     415.050        -719.861     415.057             213             213
  249         890.059    -529.564         890.074    -529.564             249             249
  212        -170.541   -2309.470        -170.536   -2309.470             212             212
  253         131.345     333.059         131.369     333.052             253             253
  180        -619.977     257.388        -619.955     257.394             180             180
  149         483.424    -993.757         483.440    -993.760             149             149
  232       -1742.350    -586.008       -1742.332    -585.992             232             232
  134        -783.297   -1344.040        -783.297   -1344.036             134             134
  235         844.369   -1282.869         844.378   -1282.893             235             235
   85       -1254.734    1541.464       -1254.687    1541.469              85              85
  206       -2126.858    -511.177       -2126.844    -511.152             206             206
  146       -1737.580   -1374.730       -1737.590   -1374.722             146             146
  151        -894.686    1203.748        -894.669    1203.747             151             151
   46         368.057    -392.617         368.060    -392.632              46              46
   98       -1243.103     334.375       -1243.088     334.378              98              98
   70       -1393.579    1458.893       -1393.562    1458.905              70              70
  104         935.293     206.797         935.287     206.779             104             104
  156         562.515     928.694         562.530     928.685             156             156
  206        1236.373    -647.636        1236.365    -647.656             206             206
   79        2188.033   -1079.499        2188.037   -1079.558              79              79
   68         244.843    1188.095         244.898    1188.060              68              68
   16         422.439    2933.799         422.530    2933.787              16              16
  163        -491.482     661.198        -491.426     661.228             163             163
  255       -2515.529   -1097.104       -2515.533   -1097.048             255             255
  201         501.278     264.614         501.294     264.591             201             201
   17       -1137.833    -112.246       -1137.820    -112.244              17              17
  210        -549.340    2640.907        -549.280    2640.911             210             210
  240        1095.663     137.785        1095.676     137.759             240             240
  135        -442.400    3343.651        -442.305    3343.681             135             135
  143        1577.319    -912.629        1577.325    -912.631             143             143
  249        -623.705    -576.883        -623.675    -576.858             249             249
  177        -238.075    -100.762        -238.034    -100.762             177             177
   88       -2277.510    1104.293       -2277.449    1104.353              88              88
  236       -1552.280     790.571       -1552.253     790.628             236             236
  142        -840.547     410.668        -840.537     410.715             142             142
   11        -556.343    -642.520        -556.359    -642.488              11              11
   13       -1479.909     269.546       -1479.915     269.597              13              13
  216        1181.763    -620.428        1181.738    -620.456             216             216
    1        -362.769    -138.100        -362.759    -138.093               1               1
  104         -28.116     138.876         -28.102     138.871             104             104
  216         -62.136     265.000         -62.110     264.995             216             216
  142        -572.702    1310.180        -572.643    1310.207             142             142
  159        -613.685     434.185        -613.657     434.235             159             159
   24       -1347.365    -564.592       -1347.389    -564.522              24              24
  248         407.751    -239.017         407.734    -239.015             248             248
  217          54.293   -1713.365          54.247   -1713.384             217             217
  200        -823.082    2397.230        -822.987    2397.254             200             200
   95        -175.355     -47.380        -175.347     -47.332              95              95
  159       -1499.956   -1465.295       -1500.017   -1465.227             159             159
   40         328.556     -45.825         328.541     -45.844              40              40
  175       -1002.485     299.556       -1002.491     299.604             175             175
   19        1734.730      45.098        1734.741      45.062              19              19
   67       -2687.854   -2508.137       -2687.949   -2508.037              67              67
  206          34.950     763.353          34.935     763.332             206             206
  173         242.090    -844.011         242.023    -844.007             173             173
  119         569.889   -3237.060         569.728   -3237.133             119             119
   73        1276.698     152.930        1276.701     152.774              73              73
  142        1094.130    1245.851        1094.220    1245.724             142             142
  187       -1838.893    2639.015       -1838.767    2639.074             187             187
  175        1181.033    -298.473        1181.015    -298.532             175             175
  202        -352.306    1216.860        -352.220    1216.854             202             202
   38       -2223.896      41.039       -2223.910      41.108              38              38
   27       -1248.431    2758.656       -1248.401    2758.706              27              27
  142        3504.670     718.478        3504.635     718.350             142             142
   45        2782.792     131.403        2782.849     131.291              45              45
  124       -1445.843     433.265       -1445.780     433.346             124             124
  140        1438.897    -424.911        1438.895    -424.991             140             140
  198        -220.055    1101.379        -219.949    1101.367             198             198
  225       -2202.409    2162.127       -2202.315    2162.272             225             225
   14        1395.642   -1331.365        1395.532   -1331.404              14              14
  103        1438.459     175.079        1438.488     174.982             103             103
  248          63.674     535.224          63.738     535.187             248             248
  177         331.168    2910.653         331.353    2910.656             177             177
   42         375.113     286.756         375.179     286.812              42              42
   79       -1043.581    -999.665       -1043.589    -999.576              79              79
  159       -1331.850    -453.609       -1331.871    -453.556             159             159
   17        -712.785     911.330        -712.764     911.341              17              17
  114         131.783    1282.268         131.822    1282.260             114             114
  127         271.259    1208.297         271.308    1208.306             127             127
   48         665.869     943.138         665.929     943.143              48              48
  193        -861.370     200.756        -861.361     200.839             193             193
  222         371.899    1421.922         371.963    1421.948             222             222
  187        -664.879     -74.068        -664.913     -73.967             187             187
   36         317.244     883.456         317.236     883.503              36              36
  221        1471.549    -506.559        1471.480    -506.571             221             221
  253        1735.863    -995.435        1735.815    -995.501             253             253
   19         596.426    -737.822         596.419    -737.859              19              19
  170         326.563     469.200         326.612     469.185             170             170
  245        1760.188    -475.359        1760.213    -475.464             245             245
  167        -241.958     582.516        -241.832     582.537             167             167
   26       -1133.301    -415.270       -1133.287    -415.197              26              26
    6          19.462    1080.772          19.549    1080.776               6               6
   23        -514.864     279.360        -514.828     279.432              23              23
  241        -615.326    -760.505        -615.390    -760.461             241             241
  126         866.121     841.478         866.176     841.404             126             126
  242         144.686    1129.049         144.795    1129.062             242             242
   99        -313.962     690.670        -313.885     690.745              99              99
   29        -464.195    -361.216        -464.203    -361.155              29              29
  155        -740.881    1374.140        -740.789    1374.221             155             155
   91        -574.794    2003.522        -574.690    2003.701              91              91
  193         553.111   -3021.620         552.877   -3021.554             193             193
  245       -1525.688    -632.516       -1525.801    -632.427             245             245
   49        2631.781    1167.223        2631.809    1167.055              49              49
  251         754.793     988.622         754.900     988.703             251             251
   17         352.393   -3944.939         352.137   -3944.887              17              17
   28         442.834   -2284.224         442.710   -2284.363              28              28
  151        -414.330     888.540        -414.215     888.447             151             151
  150       -1743.625    1629.873       -1743.530    1629.970             150             150
  236         173.038     835.336         173.008     835.350             236             236
  123        1642.094     411.949        1642.082     411.874             123             123
   17         -22.550   -1254.122         -22.691   -1254.126              17              17
   97        3515.462    1309.207        3515.587    1308.913              97              97
   52         164.091    -197.632         164.188    -197.643              52              52
   21        -170.668     603.299        -170.557     603.277              21              21
   46        -130.541    2646.472        -130.300    2646.529              46              46
   67         599.250     256.875         599.307     256.943              67              67
  222        -310.193    -264.429        -310.179    -264.313             222             222
  173          83.127   -1134.319          83.039   -1134.303             173             173
   86        1315.867    1010.099        1316.000    1010.000              86              86
   48        -724.221     617.703        -724.112     617.837              48              48
  207         149.675     128.152         149.696     128.250             207             207
  102         990.800   -2282.355         990.647   -2282.407             102             102
  186         904.915     472.898         905.071     472.791             186             186
   45       -1176.406     144.048       -1176.277     144.158              45              45
  146       -1290.241     598.335       -1290.139     598.484             146             146
  236       -1076.065    -404.624       -1076.093    -404.482             236             236
  198       -1422.477    -914.881       -1422.611    -914.766             198             198
   42         275.660      93.690         275.585      93.598              42              42
   44        1087.377    1802.231        1087.521    1802.101              44              44
    9        -564.548    2472.763        -564.351    2472.910               9               9
  218        2202.297     504.067        2202.364     504.045             218             218
  239        -785.915    -591.787        -785.907    -591.551             239             239
   60         502.077   -2267.917         501.893   -2267.911              60              60
  241         423.497     971.185         423.660     971.175             241             241
   64       -1695.369    -821.154       -1695.428    -820.915              64              64
  118         383.862    -535.433         383.766    -535.412             118             118
  152         972.992   -1418.086         972.869   -1418.155             152             152
   87         817.312   -1300.642         817.275   -1300.786              87              87
  142       -1114.463     163.803       -1114.375     163.795             142             142
   28        -358.733    1677.045        -358.545    1677.008              28              28
  187       -1397.543    2823.568       -1397.304    2823.774             187             187
   36         762.228    1022.245         762.268    1022.361              36              36
  183         485.552    -484.442         485.498    -484.305             183             183
   71         527.576    -646.839         527.520    -646.736              71              71
  223        1252.028   -1886.732        1251.912   -1886.767             223             223
   76        -673.322    -816.823        -673.310    -816.732              76              76
  111       -1002.736    -380.956       -1002.775    -380.812             111             111
   54        1350.406    -762.974        1350.360    -763.043              54              54
   21        -988.780   -2367.606        -988.957   -2367.517              21              21
   95        -149.875    -754.183        -149.940    -754.272              95              95
  247        -354.963       3.755        -354.962       3.688             247             247
  223         417.737     504.264         417.799     504.122             223             223
   78          48.971    2430.568          49.261    2430.573              78              78
  225          39.572     590.231          39.669     590.352             225             225
   37         426.325    -586.689         426.338    -586.636              37              37
   24       -1682.605    -406.932       -1682.630    -406.704              24              24
   26         900.176    -560.644         900.100    -560.738              26              26
  132         637.155     932.996         637.347     932.935             132             132
  192       -1082.347    1995.386       -1082.034    1995.683             192             192
  252       -1388.967   -2229.962       -1389.210   -2229.608             252             252
    1        -344.804   -1511.870        -345.022   -1511.749               1               1
   61         559.333   -2811.193         559.017   -2811.301              61              61
   76        -202.058     465.112        -201.970     465.058              76              76
  211        -733.446   -1265.183        -733.588   -1265.146             211             211
  107        -302.467    -125.037        -302.532    -125.090             107             107
  139         762.005     -80.257         761.953     -80.424             139             139
  227        1772.157     352.754        1772.273     352.464             227             227
  239          59.256    1299.981          59.574    1299.932             239             239
  139        -935.106    1548.763        -934.786    1548.947             139             139
  243       -1158.945    -540.416       -1158.915    -540.191             243             243
  121       -1435.790    -121.668       -1435.757    -121.478             121             121
  194       -1549.679     555.529       -1549.637     555.756             194             194
  248        -282.375    -475.637        -282.459    -475.567             248             248
  177        -899.736     849.732        -899.627     849.890             177             177
  167       -2324.351    -454.855       -2324.509    -454.498             167             167
  129         501.801    -120.162         501.625    -120.167             129             129
  187        1416.986    -395.831        1416.935    -395.949             187             187
  141        -961.922   -1096.446        -961.996   -1096.366             141             141
    9       -1498.879    2144.324       -1498.680    2144.539               9               9
  159         492.684    -438.524         492.553    -438.435             159             159
   86         256.027    -639.616         255.970    -639.534              86              86
   73        -939.807   -1978.939        -940.004   -1978.824              73              73
  101       -2230.030     563.749       -2230.023     563.992             101             101
  110       -1682.403    -346.900       -1682.683    -346.672             110             110
  138        1101.672     338.889        1101.467     338.789             138             138
  109        2154.524    -856.236        2154.369    -856.480             109             109
  233       -1313.794     304.303       -1313.792     304.488             233             233
  162         479.367    -249.728         479.190    -249.725             162             162
  206        1216.008   -1043.411        1215.786   -1043.544             206             206
  110         872.915    -519.991         872.804    -520.131             110             110
  126        2431.484    -842.156        2431.475    -842.561             126             126
  223       -1175.934    1184.586       -1175.627    1184.670             223             223
   74       -1039.246      43.405       -1039.229      43.499              74              74
   81        -904.009    2772.172        -903.734    2772.364              81              81
   34        1493.055     599.457        1493.116     599.529              34              34
   10       -1059.855   -2056.265       -1060.083   -2055.951              10              10
  163       -1099.269      96.553       -1099.331      96.837             163             163
  138        -451.472   -3854.281        -452.142   -3854.234             138             138
  198        1040.738    1702.365        1040.847    1702.172             198             198
  197         559.314   -2310.169         558.957   -2310.240             197             197
  168         267.723    -211.372         267.651    -211.549             168             168
  163         822.210    1793.936         822.442    1793.845             163             163
   14         -57.328   -1756.185         -57.569   -1756.133              14              14
   90         499.561     -24.857         499.561     -24.991              90              90
    6          71.784      16.175          71.832      16.114               6               6
  112       -1498.238     932.065       -1498.156     932.287             112             112
  240         263.131    -731.817         262.892    -731.850             240             240
    9        1080.631    1685.350        1080.825    1685.260               9               9
  136        -680.091   -1278.219        -680.331   -1278.023             136             136
   41        2048.738     189.443        2048.792     189.194              41              41
  123       -2564.881    -856.888       -2565.017    -856.486             123             123
   41         749.828     -82.400         749.658     -82.505              41              41
   12        -133.674     416.146        -133.741     416.256              12              12
  172        1302.981   -2740.002        1302.486   -2740.234             172             172
  221         681.686    1978.950         681.969    1978.776             221             221
  167       -1245.696     -65.305       -1245.834     -65.019             167             167
  233        2095.292    -682.040        2095.048    -682.287             233             233
   30         -15.936    -219.705         -16.067    -219.666              30              30
  246        1977.142     -75.164        1977.013     -75.367             246             246
   87        1834.403   -1449.027        1834.180   -1449.220              87              87
   32        1825.401   -2034.152        1825.175   -2034.495              32              32
  150        1082.813    -782.642        1082.827    -783.003             150             150
   11         359.078    1585.778         359.409    1585.651              11              11
   55        2152.792   -1609.568        2152.749   -1609.963              55              55
  177       -1882.283    1923.935       -1881.814    1924.170             177             177
   90        -963.261   -1201.234        -963.550   -1201.083              90              90
  239        2954.638     668.806        2954.741     668.291             239             239
   84         308.348     376.913         308.586     376.873              84              84
  220        -241.613     326.944        -241.480     327.019             220             220
   35        1664.564     418.270        1664.764     418.121              35              35
  203         -90.921   -1295.276         -90.897   -1295.175             203             203
  140          82.810   -1993.902          82.732   -1994.057             140             140
  150       -1421.551    2457.212       -1420.963    2457.376             150             150
  128       -1622.458   -1124.616       -1622.562   -1124.280             128             128
   84       -1394.944    -647.483       -1395.099    -647.323              84              84
   32         871.393     242.233         871.447     242.022              32              32
   77       -1332.900     634.967       -1332.703     635.180              77              77
  147       -2152.415     -75.256       -2152.514     -74.865             147             147
   66        -403.076    -141.563        -403.315    -141.443              66              66
   78        1603.931    -927.798        1603.725    -928.033              78              78
   75       -1269.110   -1395.239       -1269.333   -1395.154              75              75
  161        -721.235     968.559        -721.238     968.555             161             161
  181         946.343      42.106         946.220      41.920             181             181
  255        -471.835     266.630        -471.928     266.684             255             255
   83        1873.628    -155.994        1873.506    -156.331              83              83
  133          64.726     485.589          64.769     485.565             133             133
   50        1756.000       0.268        1756.000       0.000              50              50
   23          64.816    -485.538          64.771    -485.563              23              23
  113        1873.381     156.680        1873.505     156.335             113             113
   30        -472.022    -266.741        -471.927    -266.685              30              30
  150         946.092     -41.726         946.219     -41.919             150             150
  185        -721.238    -968.552        -721.236    -968.555             185             185
  198       -1269.574    1395.061       -1269.338    1395.151             198             198
   81        1603.506     928.286        1603.724     928.038              81              81
  185        -403.570     141.316        -403.315     141.443             185             185
   23       -2152.621      74.437       -2152.515      74.859              23              23
  182       -1332.488    -635.417       -1332.701    -635.184             182             182
  188         871.507    -241.788         871.448    -242.019             188             188
  201       -1395.275     647.142       -1395.102     647.320             201             201
  109       -1622.677    1123.904       -1622.563    1124.277             109             109
  124       -1420.298   -2457.562       -1420.956   -2457.379             124             124
  235          82.638    1994.232          82.727    1994.058             235             235
    3         -90.872    1295.061         -90.898    1295.175               3               3
   50        1664.995    -417.940        1664.766    -418.114              50              50
  220        -241.325    -327.104        -241.479    -327.018             220             220
  217         308.864    -376.823         308.587    -376.870             217             217
  226        2954.861    -667.678        2954.742    -668.284             226             226
   65        -963.894    1200.904        -963.552    1201.082              65              65
  191       -1881.249   -1924.452       -1881.807   -1924.172             191             191
  184        2152.693    1610.443        2152.745    1609.968             184             184
  155         359.811   -1585.498         359.412   -1585.650             155             155
   43        1082.843     783.448        1082.825     783.006              43              43
  156        1824.892    2034.922        1825.171    2034.501             156             156
  241        1833.899    1449.465        1834.175    1449.225             241             241
  106        1976.852      75.625        1977.012      75.372             106             106
  243         -16.234     219.617         -16.068     219.665             243             243
   59        2094.739     682.605        2095.047     682.293              59              59
  112       -1246.008      64.653       -1245.834      65.016             112             112
  144         682.336   -1978.551         681.971   -1978.775             144             144
   36        1301.831    2740.543        1302.479    2740.239              36              36
  219        -133.829    -416.401        -133.741    -416.256             219             219
   39         749.434      82.646         749.658      82.506              39              39
  243       -2565.201     855.944       -2565.020     856.481             243             243
  187        2048.865    -188.854        2048.792    -189.190             187             187
   93        -680.655    1277.756        -680.332    1278.022              93              93
  100        1081.092   -1685.138        1080.827   -1685.259             100             100
   72         262.561     731.895         262.891     731.850              72              72
  251       -1498.040    -932.600       -1498.155    -932.291             251             251
    4          71.900     -16.028          71.832     -16.114               4               4
  252         499.558      25.185         499.559      24.995             252             252
  160         -57.915    1756.060         -57.573    1756.133             160             160
   50         822.779   -1793.708         822.446   -1793.841              50              50
   99         267.547     211.804         267.650     211.550              99              99
  138         558.430    2310.345         558.949    2310.242             138             138
  236        1041.010   -1701.888        1040.850   -1702.171             236             236
   30        -453.147    3854.163        -452.153    3854.233              30              30
  168       -1099.422     -97.262       -1099.330     -96.839             168             168
   53       -1060.433    2055.475       -1060.090    2055.947              53              53
  170        1493.210    -599.635        1493.117    -599.527             170             170
   51        -903.306   -2772.659        -903.727   -2772.366              51              51
  219       -1039.200     -43.647       -1039.227     -43.502             219             219
   48       -1175.148   -1184.802       -1175.623   -1184.674              48              48
  194        2431.459     843.199        2431.473     842.566             194             194
  187         872.628     520.355         872.802     520.133             187             187
    3        1215.432    1043.759        1215.783    1043.547               3               3
  244         478.905     249.722         479.188     249.726             244             244
   46       -1313.789    -304.790       -1313.792    -304.491              46              46
  241        2154.112     856.882        2154.365     856.486             241             241
  213        1101.129    -338.622        1101.466    -338.787             213             213
  210       -1683.146     346.294       -1682.684     346.668             210             210
  136       -2230.010    -564.400       -2230.022    -563.993             136             136
  127        -940.349    1978.623        -940.010    1978.821             127             127
  108         255.869     639.398         255.968     639.535             108             108
   17         492.327     438.283         492.552     438.435              17              17
   53       -1498.329   -2144.915       -1498.676   -2144.542              53              53
  243        -962.132    1096.222        -962.000    1096.363             243             243
   79        1416.847     396.162        1416.935     395.952              79              79
   82         501.313     120.177         501.624     120.167              82              82
    9       -2324.791     453.853       -2324.510     454.494               9               9
  119        -899.424    -850.182        -899.624    -849.894             119             119
  188        -282.613     475.437        -282.460     475.565             188             188
   11       -1549.560    -556.175       -1549.636    -555.760              11              11
  159       -1435.698     121.121       -1435.758     121.474             159             159
   89       -1158.857     539.769       -1158.915     540.189              89              89
  181        -934.179   -1549.289        -934.782   -1548.947             181             181
   89          60.181   -1299.841          59.578   -1299.932              89              89
  176        1772.496    -351.907        1772.273    -352.462             176             176
  133         761.854      80.750         761.953      80.426             133             133
  175        -302.659     125.195        -302.532     125.091             175             175
  173        -733.870    1265.072        -733.591    1265.145             173             173
  166        -201.796    -464.951        -201.970    -465.057             166             166
  148         558.374    2811.520         559.009    2811.303             148             148
   48        -345.463    1511.506        -345.024    1511.749              48              48
  234       -1389.708    2228.883       -1389.214    2229.603             234             234
  226       -1081.388   -1996.294       -1082.031   -1995.685             226             226
  147         637.748    -932.811         637.350    -932.936             147             147
  134         899.938     560.937         900.097     560.739             134             134
  241       -1682.684     406.216       -1682.631     406.697             241             241
   38         426.363     586.526         426.336     586.637              38              38
  241          39.879    -590.614          39.671    -590.353             241             241
  113          49.893   -2430.584          49.266   -2430.573             113             113
  245         417.935    -503.813         417.801    -504.121             245             245
  152        -354.959      -3.542        -354.962      -3.689             152             152
   62        -150.087     754.469        -149.941     754.271              62              62
   37        -989.366    2367.313        -988.963    2367.514              37              37
   66        1350.254     763.203        1350.359     763.045              66              66
  211       -1002.863     380.480       -1002.775     380.810             211             211
  105        -673.287     816.514        -673.313     816.728             105             105
  144        1251.638    1886.851        1251.908    1886.769             144             144
  169         527.387     646.494         527.518     646.735             169             169
  142         485.370     483.983         485.498     484.306             142             142
  152         762.374   -1022.637         762.271   -1022.360             152             152
    8       -1396.714   -2824.278       -1397.297   -2823.778               8               8
   94        -358.082   -1676.919        -358.542   -1677.009              94              94
  185       -1114.155    -163.779       -1114.374    -163.798             185             185
  255         817.178    1301.148         817.272    1300.789             255             255
  132         972.555    1418.336         972.865    1418.159             132             132
   26         383.519     535.359         383.764     535.412              26              26
   63       -1695.580     820.299       -1695.429     820.912              63              63
   35         424.087    -971.151         423.663    -971.175              35              35
  135         501.402    2267.897         501.887    2267.912             135             135
  179        -785.888     590.922        -785.909     591.547             179             179
  249        2202.543    -503.983        2202.365    -504.041             249             249
  147        -563.811   -2473.305        -564.344   -2472.911             147             147
  229        1087.916   -1801.747        1087.525   -1802.099             229             229
  154         275.381     -93.348         275.587     -93.599             154             154
   94       -1422.985     914.447       -1422.614     914.764              94              94
   26       -1076.170     404.081       -1076.094     404.479              26              26
  156       -1289.849    -598.909       -1290.138    -598.487             156             156
  169       -1175.905    -144.475       -1176.275    -144.161             169             169
  212         905.522    -472.482         905.072    -472.789             212             212
   24         990.197    2282.563         990.642    2282.409              24              24
   23         149.758    -128.537         149.696    -128.249              23              23
  145        -723.787    -618.236        -724.109    -617.839             145             145
  109        1316.400   -1009.704        1316.000   -1010.000             109             109
   11          82.766    1134.249          83.037    1134.302              11              11
   95        -310.135     263.953        -310.179     264.312              95              95
   67         599.488    -257.160         599.308    -256.945              67              67
  156        -129.530   -2646.704        -130.295   -2646.529             156             156
  186        -170.198    -603.210        -170.554    -603.278             186             186
   28         164.496     197.680         164.187     197.644              28              28
  165        3515.998   -1307.947        3515.591   -1308.905             165             165
  181         -23.157    1254.138         -22.693    1254.126             181             181
  252        1642.045    -411.611        1642.083    -411.869             252             252
   47         172.913    -835.391         173.011    -835.348              47              47
  128       -1743.200   -1630.306       -1743.526   -1629.974             128             128
  125        -413.820    -888.134        -414.214    -888.448             125             125
  233         442.264    2284.846         442.703    2284.364             233             233
   85         351.222    3944.712         352.127    3944.889              85              85
  241         755.282    -988.989         754.902    -988.702             241             241
   29        2631.912   -1166.447        2631.810   -1167.051              29              29
  204       -1526.217     632.087       -1525.804     632.422             204             204
  139         552.000    3021.314         552.869    3021.553             139             139
   25        -574.292   -2004.371        -574.685   -2003.704              25              25
  239        -740.442   -1374.524        -740.788   -1374.221             239             239
   61        -464.232     360.918        -464.203     361.153              61              61
   14        -313.585    -691.035        -313.882    -690.746              14              14
  178         145.225   -1129.113         144.799   -1129.062             178             178
  131         866.389    -841.107         866.176    -841.403             131             131
   34        -615.650     760.280        -615.392     760.458              34              34
  233        -514.680    -279.731        -514.828    -279.435             233             233
  221          19.911   -1080.795          19.553   -1080.776             221             221
   89       -1133.232     414.889       -1133.289     415.195              89              89
    1        -241.299    -582.626        -241.829    -582.540               1               1
   27        1760.317     475.915        1760.211     475.467              27              27
   71         326.826    -469.115         326.614    -469.182              71              71
  150         596.383     738.019         596.417     737.860             150             150
    0        1735.602     995.796        1735.814     995.503              -0               0
   95        1471.164     506.628        1471.478     506.572              95              95
  255         317.211    -883.714         317.239    -883.502             255             255
  116        -665.066      73.510        -664.912      73.968             116             116
    5         372.272   -1422.070         371.967   -1421.948               5               5
  201        -861.321    -201.238        -861.361    -200.843             201             201
  233         666.219    -943.163         665.930    -943.141             233             233
  121         271.550   -1208.349         271.310   -1208.306             121             121
  203         132.023   -1282.217         131.824   -1282.258             203             203
  200        -712.660    -911.401        -712.763    -911.343             200             200
  176       -1331.983     453.289       -1331.873     453.555             176             176
  251       -1043.634     999.116       -1043.591     999.574             251             251
  187         375.521    -287.096         375.179    -286.811             187             187
  137         332.334   -2910.670         331.359   -2910.656             137             137
   21          64.082    -534.990          63.740    -535.186              21              21
   86        1438.640    -174.453        1438.487    -174.980              86              86
   35        1394.918    1331.625        1395.529    1331.406              35              35
   79       -2201.780   -2163.098       -2202.310   -2162.278              79              79
  178        -219.339   -1101.299        -219.945   -1101.367             178             178
  216        1438.881     425.458        1438.893     424.995             216             216
   99       -1445.413    -433.831       -1445.779    -433.349              99              99
  164        2783.189    -130.609        2782.849    -131.283             164             164
  116        3504.431    -717.556        3504.637    -718.339             116             116
   57       -1248.212   -2759.013       -1248.398   -2758.707              57              57
  237       -2223.993     -41.558       -2223.909     -41.114             237             237
  166        -351.673   -1216.817        -352.218   -1216.854             166             166
  232        1180.905     298.919        1181.015     298.536             232             232
  108       -1837.930   -2639.464       -1838.761   -2639.077             108             108
  131        1094.826   -1244.873        1094.223   -1245.722             131             131
   58        1276.714    -151.711        1276.698    -152.770              58              58
   26         568.599    3237.637         569.718    3237.136              26              26
  235         241.550     843.980         242.023     844.008             235             235
  208          34.846    -763.196          34.938    -763.334             208             208
  137       -2688.668    2507.270       -2687.955    2508.030             137             137
   23        1734.825     -44.771        1734.741     -45.058              23              23
   41       -1002.533    -299.959       -1002.490    -299.603              41              41
  183         328.423      45.999         328.541      45.845             183             183
  116       -1500.510    1464.672       -1500.021    1465.222             116             116
   17        -175.301      46.947        -175.350      47.331              17              17
  201        -822.193   -2397.455        -822.983   -2397.255             201             201
  225          53.840    1713.545          54.244    1713.385             225             225
  201         407.590     239.003         407.734     239.016             201             201
  215       -1347.603     563.911       -1347.390     564.520             215             215
  168        -613.408    -434.684        -613.656    -434.236             168             168
  111        -572.089   -1310.456        -572.640   -1310.208             111             111
   25         -61.877    -264.950         -62.111    -264.995              25              25
  166         -27.969    -138.830         -28.104    -138.872             166             166
   53        -362.682     138.020        -362.761     138.092              53              53
  151        1181.474     620.742        1181.735     620.458             151             151
  110       -1479.966    -270.155       -1479.914    -269.602             110             110
   60        -556.530     642.157        -556.360     642.487              60              60
  187        -840.421    -411.225        -840.537    -410.716             187             187
   25       -1551.945    -791.273       -1552.251    -790.632              25              25
  145       -2276.738   -1105.050       -2277.445   -1104.358             145             145
  252        -237.554     100.755        -238.033     100.762             252             252
   41        -623.335     576.571        -623.677     576.859              41              41
  237        1577.384     912.666        1577.323     912.634             237             237
  245        -441.066   -3344.072        -442.296   -3343.682             245             245
   33        1095.851    -137.415        1095.677    -137.756              33              33
  161        -548.457   -2640.959        -549.274   -2640.910             161             161
  139       -1137.651     112.188       -1137.821     112.239             139             139
  105         501.512    -264.259         501.294    -264.589             105             105
   85       -2515.600    1096.210       -2515.536    1097.040              85              85
  220        -490.587    -661.677        -491.425    -661.229             220             220
  216         424.029   -2933.602         422.538   -2933.787             216             216
  112         245.844   -1187.495         244.903   -1188.060             112             112
  180        2188.078    1080.600        2188.034    1079.564             180             180
   16        1236.224     648.046        1236.364     647.660              16              16
   56         562.825    -928.511         562.532    -928.684              56              56
  224         935.199    -206.424         935.288    -206.777             224             224
   24       -1393.216   -1459.181       -1393.560   -1458.910              24              24
  129       -1242.773    -334.435       -1243.087    -334.379             129             129
   75         368.104     392.964         368.058     392.633              75              75
  229        -894.249   -1203.707        -894.665   -1203.745             229             229
  183       -1737.849    1374.491       -1737.594    1374.718             183             183
  214       -2126.525     510.495       -2126.845     511.148             214             214
    8       -1253.427   -1541.596       -1254.682   -1541.471               8               8
  232         844.575    1283.596         844.374    1282.896             232             232
  153        -783.304    1343.923        -783.298    1344.033             153             153
  242       -1741.796     585.469       -1742.333     585.989             242             242
  194         483.924     993.880         483.438     993.760             194             194
  150        -619.113    -257.626        -619.952    -257.395             150             150
  185         132.313    -332.774         131.370    -333.051             185             185
   82        -170.409    2309.486        -170.542    2309.470              82              82
   18         890.729     529.618         890.073     529.568              18              18
   34        -718.825    -415.388        -719.859    -415.057              34              34
  175         586.231     529.793         585.362     529.630             175             175
  126        -170.337     -10.578        -171.448     -10.461             126             126
  237         -38.498    -286.974         -39.970    -287.066             237             237
  146        1419.258    1840.815        1418.415    1840.409             146             146
  188         375.165    -582.422         373.436    -582.394             188             188
  198        -268.093     913.645        -269.886     913.826             198             198
   50        1608.335    -144.319        1605.564    -144.702              50              50
  253        1573.962     611.598        1570.465     611.251             253             253
  125        1523.196    -581.822        1515.896    -582.163             125             125
