SINAL     NFT                         FFT                         NFT INVERSA     FFT INVERSA
-----     -----------------------     -----------------------     -----------     -----------
  226       65450.000       0.000       65450.000       0.000             226             226
   95        -988.551      95.129        -988.537      95.130              95              95
  167        1578.705    -154.491        1578.718    -154.493             167             167
   53         495.499     392.509         495.514     392.509              53              53
  135        -246.330   -1286.719        -246.317   -1286.719             135             135
   51        -943.856    1616.981        -943.838    1616.983              51              51
  140         213.473     -71.029         213.486     -71.029             140             140
   86         435.678    1311.265         435.698    1311.265              86              86
    1        -695.610     -68.046        -695.595     -68.036               1               1
   78         423.644    -557.608         423.658    -557.605              78              78
   89       -1149.400   -1539.062       -1149.392   -1539.054              89              89
  107       -1352.721    -318.863       -1352.710    -318.855             107             107
  169       -1294.365    -843.387       -1294.364    -843.380             169             169
  247         508.197    -700.608         508.196    -700.618             247             247
  223        1704.499     860.052        1704.521     860.032             223             223
  214       -1038.442     477.434       -1038.419     477.444             214             214
   10        -160.268    -693.274        -160.258    -693.276              10              10
  224       -1278.689    1034.401       -1278.664    1034.411             224             224
  224        -963.742      84.741        -963.732      84.751             224             224
  117       -1115.503     237.665       -1115.495     237.675             117             117
  139        -920.361      13.767        -920.362      13.774             139             139
  216        -743.486     346.318        -743.493     346.317             216             216
  158        2693.503    1754.022        2693.526    1753.975             158             158
  171        -609.473    2878.716        -609.422    2878.731             171             171
   51         357.272    1453.586         357.293    1453.604              51              51
  147        1465.650    1311.663        1465.678    1311.675             147             147
  217         144.431   -2116.352         144.409   -2116.330             217             217
    5         885.388    -225.801         885.401    -225.810               5               5
  108        -530.322     -25.716        -530.307     -25.699             108             108
   32         255.639     470.153         255.656     470.161              32              32
   22         -55.023   -1252.067         -55.040   -1252.060              22              22
   42         319.103     201.166         319.115     201.150              42              42
  103        -240.698    2907.550        -240.636    2907.573             103             103
  224        1612.081    -510.852        1612.084    -510.850             224             224
  191       -1743.517     128.880       -1743.509     128.949             191             191
  112        1496.084   -1248.414        1496.046   -1248.418             112             112
  165        2896.801    -983.854        2896.811    -983.904             165             165
  113        -944.011    -370.290        -943.969    -370.249             113             113
    4       -1896.300   -2686.026       -1896.346   -2685.983               4               4
  106        -416.452     602.527        -416.434     602.517             106             106
  106       -2001.943    1198.836       -2001.929    1198.899             106             106
  153         547.530    -814.560         547.475    -814.555             153             153
  150         493.284    -115.197         493.247    -115.199             150             150
  188        2644.669    -188.422        2644.645    -188.479             188             188
  243        2964.654     333.271        2964.691     333.216             243             243
  179         368.062   -1604.004         368.063   -1603.990             179             179
  156          26.150   -1333.476          26.142   -1333.479             156             156
  214         287.323     329.981         287.356     329.972             214             214
   25          18.194     412.462          18.226     412.494              25              25
   47         421.307   -2996.982         421.228   -2996.978              47              47
  156        1423.883   -1066.862        1423.887   -1066.928             156             156
   94       -1326.998    -615.985       -1326.981    -615.961              94              94
   47         -78.176    -639.912         -78.182    -639.928              47              47
   17        -558.950    -277.053        -558.946    -277.053              17              17
   32        -296.475    -657.896        -296.496    -657.908              32              32
   89         669.729    -198.716         669.736    -198.775              89              89
   71       -1579.773    1706.142       -1579.712    1706.193              71              71
  188         101.931   -1299.882         101.853   -1299.883             188             188
  218         870.569    -175.070         870.534    -175.131             218             218
  242        2291.962     649.411        2291.991     649.301             242             242
  157         679.054    1659.734         679.149    1659.719             157             157
  227         727.371    -845.438         727.373    -845.445             227             227
  250         130.503    -316.211         130.525    -316.217             250             250
   89         194.436    -807.559         194.434    -807.586              89              89
  112         122.395    -148.973         122.421    -149.025             112             112
  250          16.282    2404.295          16.418    2404.285             250             250
   36         -55.178    -600.980         -55.155    -600.967              36              36
   19       -2475.385    1127.804       -2475.325    1127.910              19              19
  216        -139.177     388.093        -139.189     388.127             216             216
   98         404.776   -1985.319         404.684   -1985.365              98              98
  181       -1451.871    3161.226       -1451.755    3161.270             181             181
  138        1096.854     468.647        1096.832     468.640             138             138
  209        1221.702     528.223        1221.725     528.213             209             209
  245          64.816   -1025.204          64.777   -1025.175             245             245
   72        -227.874    -583.827        -227.918    -583.823              72              72
   50        1022.907     345.942        1022.904     345.877              50              50
  239         657.577    1188.660         657.629    1188.642             239             239
   50         997.684    -166.127         997.675    -166.149              50              50
  141        1231.065     683.662        1231.122     683.631             141             141
  119        -102.735    -721.136        -102.756    -721.106             119             119
   73        1223.292     965.021        1223.351     964.995              73              73
   42         754.386   -1673.557         754.327   -1673.563              42              42
  115         967.278    -359.573         967.301    -359.634             115             115
  246         354.597     235.030         354.667     235.016             246             246
  138        -672.279    -619.874        -672.273    -619.835             138             138
  175        -997.558     118.380        -997.568     118.429             175             175
   25        1954.621    -192.404        1954.613    -192.516              25              25
  235        -503.478     757.070        -503.405     757.111             235             235
  133        -216.574    -731.604        -216.633    -731.572             133             133
    2        1758.977    -301.568        1758.961    -301.674               2               2
    3         721.028    -528.864         721.035    -528.936               3               3
   50         854.203    1556.940         854.347    1556.885              50              50
   55        -791.903     -44.427        -791.877     -44.351              55              55
  241        1461.746     152.510        1461.781     152.447             241             241
   67         210.166    -302.731         210.212    -302.722              67              67
  107         215.802      -7.697         215.879      -7.687             107             107
    3       -2439.525   -1238.294       -2439.586   -1238.145               3               3
  118         314.044    -269.225         313.977    -269.289             118             118
  104        1253.436     953.454        1253.483     953.348             104             104
  108        1876.919    1084.385        1877.049    1084.297             108             108
  108        -888.171   -1068.163        -888.169   -1068.088             108             108
  102         668.425     765.027         668.535     764.984             102             102
  155       -1555.230    -417.854       -1555.204    -417.740             155             155
   53       -1263.368     514.680       -1263.359     514.771              53              53
  166         228.919     227.387         228.886     227.412             166             166
  160        1041.138   -1172.024        1041.048   -1172.071             160             160
   58         672.564   -1314.925         672.510   -1315.027              58              58
  229        -983.325    1684.103        -983.201    1684.134             229             229
   85         338.618    -762.067         338.535    -762.106              85              85
  124        1117.768    1277.240        1117.863    1277.136             124             124
  130        -395.840     638.249        -395.791     638.293             130             130
   41         685.340     821.693         685.371     821.690              41              41
   14        1695.141   -1026.396        1695.083   -1026.494              14              14
  225         823.122     -24.124         823.180     -24.212             225             225
  191         607.225    1104.014         607.381    1103.964             191             191
  132        -548.113     419.254        -548.024     419.319             132             132
  123        -397.745     748.452        -397.679     748.530             123             123
   70         429.956    -216.938         429.935    -216.913              70              70
  126        1053.252    -441.890        1053.248    -441.932             126             126
  218         524.318    -960.290         524.311    -960.338             218             218
    2        -987.091     326.276        -987.050     326.317               2               2
   76        1688.578    1798.600        1688.725    1798.522              76              76
  205        1388.505   -1571.627        1388.490   -1571.672             205             205
   55       -1167.161    -514.288       -1167.103    -514.211              55              55
   85        -465.258     603.800        -465.180     603.859              85              85
  147        -379.253   -1885.883        -379.420   -1885.861             147             147
  171        2415.149      93.177        2415.207      92.912             171             171
  243         180.183     179.621         180.344     179.550             243             243
  140        -975.208    1068.944        -975.000    1069.000             140             140
   25       -1536.182     565.670       -1536.093     565.827              25              25
  191         409.542   -1385.635         409.462   -1385.697             191             191
   19       -1062.314     246.059       -1062.244     246.032              19              19
   20         557.635    2906.542         557.964    2906.459              20              20
   72       -3087.231     929.343       -3087.121     929.662              72              72
   30         182.714    1389.840         182.796    1389.910              30              30
  209        -736.693    -325.397        -736.713    -325.228             209             209
   20       -1447.183   -1624.738       -1447.370   -1624.605              20              20
  211        -313.182     333.195        -313.238     333.160             211             211
   89         247.242     581.964         247.218     581.882              89              89
  197         672.150    2050.184         672.296    2050.107             197             197
   99        -533.349    1913.813        -533.246    1913.940              99              99
  193        2001.924     669.905        2001.918     669.832             193             193
  252        2732.067    1338.111        2732.280    1338.008             252             252
  132           4.828    -656.883           4.950    -656.715             132             132
  148       -2018.992   -1562.494       -2019.052   -1562.232             148             148
  115        -462.669     516.097        -462.607     516.207             115             115
   21       -1355.634   -1933.324       -1355.833   -1933.155              21              21
  127        -820.050    -131.477        -820.156    -131.440             127             127
  144        1732.298    1218.975        1732.382    1218.839             144             144
   83        -796.362    -185.405        -796.366    -185.235              83              83
   13         -21.064   -1257.134         -21.225   -1257.097              13              13
  214         303.180      80.601         303.157      80.570             214             214
  177         466.874     149.754         466.879     149.742             177             177
   13         418.982    -151.247         419.001    -151.234              13              13
   32       -1856.256    -592.875       -1856.363    -592.644              32              32
  219        1063.617    -339.851        1063.483    -339.909             219             219
  162         307.487   -1573.978         307.273   -1573.993             162             162
  158         543.728   -1169.683         543.528   -1169.802             158             158
  193        1886.102    -203.839        1886.036    -204.111             193             193
   60        1893.897    -225.742        1893.941    -225.999              60              60
  236        -810.050    -677.570        -810.093    -677.584             236             236
  108        1979.084     -47.275        1979.077     -47.645             108             108
  169        1383.634    1863.861        1383.930    1863.576             169             169
  112         642.514    3046.449         642.983    3046.411             112             112
  108       -1337.140       8.509       -1337.068       8.760             108             108
  178         560.048    -866.808         559.958    -866.889             178             178
  214         697.260    2028.481         697.518    2028.395             214             214
   99        1148.117    -100.691        1148.212    -100.784              99              99
   21        -448.024    1224.022        -447.771    1224.087              21              21
  197         220.445     857.306         220.650     857.352             197             197
   31       -1130.425     -70.381       -1130.333     -70.207              31              31
  243       -1880.134     580.705       -1880.107     580.925             243             243
  207        1376.943    1504.655        1377.072    1504.570             207             207
  219          76.560     570.028          76.683     570.146             219             219
  102        -447.249      33.859        -447.204      34.021             102             102
  158       -1011.089     581.951       -1011.068     582.197             158             158
   10        1767.150    -374.241        1767.104    -374.271              10              10
  178        -399.310   -1811.849        -399.446   -1811.693             178             178
  124        -414.479   -2368.702        -414.740   -2368.720             124             124
  209        -433.742     532.813        -433.726     532.734             209             209
   55         478.459     765.090         478.452     764.977              55              55
  189        2702.505    1602.576        2702.701    1602.301             189             189
   99        1981.127     356.945        1981.378     356.843              99              99
   66       -1131.493   -1410.846       -1131.448   -1410.659              66              66
  106        -889.444     149.974        -889.347     150.063             106             106
  157         839.672     435.620         839.843     435.552             157             157
  193       -1978.391     -77.725       -1978.307     -77.411             193             193
  236           3.465   -2026.328           3.239   -2026.377             236             236
  120        -102.244    1925.089        -101.935    1925.058             120             120
  169        -999.806    -408.650        -999.795    -408.448             169             169
  218        -738.321   -1947.759        -738.548   -1947.744             218             218
  136          43.515    1256.594          43.716    1256.481             136             136
   30       -2130.292    -831.180       -2130.421    -831.026              30              30
   51         762.940    1740.355         763.099    1740.112              51              51
  217        -685.695    1731.146        -685.494    1731.178             217             217
   52         782.400    2306.569         782.699    2306.507              52              52
   45        -864.544    1476.156        -864.337    1476.374              45              45
  231         320.070    1999.910         320.323    2000.064             231             231
   79           8.344     104.453           8.412     104.709              79              79
   38       -1003.437   -1727.603       -1003.635   -1727.369              38              38
   17        -211.704    1096.284        -211.569    1096.368              17              17
  187        -414.354     -69.058        -414.342     -68.880             187             187
  205       -1703.985      87.319       -1704.038      87.666             205             205
  215         384.414    -975.402         384.185    -975.375             215             215
  111        -866.607     340.579        -866.678     340.752             111             111
  160        1325.226     -81.609        1325.105     -81.648             160             160
   74         791.480   -2600.947         791.127   -2601.035              74              74
  171         363.057   -1104.635         362.925   -1104.892             171             171
   44         642.505    2563.824         642.896    2563.617              44              44
  210        -352.470    1128.500        -352.275    1128.622             210             210
  110        -156.495     154.267        -156.491     154.380             110             110
  194        1081.259    -515.493        1081.229    -515.630             194             194
   79        -339.902     783.634        -339.708     783.659              79              79
   39         118.102     650.503         118.296     650.499              39              39
   64       -2739.317    1213.147       -2739.194    1213.591              64              64
  194        1525.143      92.129        1525.061      91.984             194             194
   45        -532.426    1639.818        -532.211    1640.003              45              45
  230        1956.474    -155.973        1956.547    -156.087             230             230
  125       -2689.649     -62.005       -2689.585     -61.525             125             125
  152         247.014     -33.855         246.946     -33.834             152             152
  154        -732.938    1708.313        -732.726    1708.577             154             154
   31        -197.626   -1157.284        -197.859   -1157.041              31              31
  209          41.224   -1757.435          40.929   -1757.422             209             209
    2        -980.978    1141.900        -980.920    1142.064               2               2
  240        1106.595   -1083.777        1106.316   -1083.867             240             240
  131        1199.810    -872.028        1199.702    -872.281             131             131
  157        -221.328    1327.219        -221.079    1327.189             157             157
   97          89.639     980.158          89.815     980.206              97              97
  189        -568.294     448.741        -568.214     448.942             189             189
   75        -234.033   -1072.264        -234.209   -1072.224              75              75
   73        -713.605    2142.154        -713.345    2142.303              73              73
   87         390.086    -594.560         389.935    -594.505              87              87
  177         -79.635     317.171         -79.598     317.198             177             177
  218        -911.902    1410.417        -911.754    1410.642             218             218
  125        -633.886     424.596        -634.003     424.852             125             125
   93        1311.193     364.037        1311.093     364.007              93              93
  249         937.385       1.047         937.349       1.085             249             249
   30         258.534    -408.810         258.462    -408.669              30              30
  156        -263.184   -1949.806        -263.553   -1949.738             156             156
   66           4.448     979.247           4.415     979.219              66              66
   68        3264.653     213.822        3264.652     213.381              68              68
  109         382.727     166.345         382.898     166.328             109             109
  114        -348.006    2310.902        -347.609    2311.181             114             114
  126        1357.780   -2115.415        1357.513   -2115.369             126             126
  134        -910.672   -1268.891        -910.804   -1268.714             134             134
   49         177.855    -358.970         177.779    -359.025              49              49
   87        -196.705     295.579        -196.705     295.609              87              87
  147        1026.375     428.015        1026.413     427.916             147             147
  232         350.006    -194.844         349.996    -194.816             232             232
   34         233.667    -108.100         233.619    -108.056              34              34
   82        2278.855   -1844.722        2278.658   -1845.183              82              82
   51        -819.294    2785.154        -818.694    2785.245              51              51
  217        1031.223    -366.555        1031.296    -366.633             217             217
  192       -1407.653    1683.069       -1407.275    1683.405             192             192
  102         794.566      50.355         794.644      50.423             102             102
  182         125.729     -97.372         125.965     -97.241             182             182
   36       -4348.000      -0.865       -4348.000       0.000              36              36
  177         126.202      97.106         125.965      97.239             177             177
  124         794.724     -50.489         794.644     -50.421             124             124
   61       -1406.879   -1683.756       -1407.270   -1683.410              61              61
  234        1031.370     366.714        1031.295     366.633             234             234
  104        -818.056   -2785.341        -818.685   -2785.247             104             104
  253        2278.445    1845.672        2278.653    1845.187             253             253
  206         233.570     108.010         233.620     108.056             206             206
  231         349.983     194.788         349.995     194.817             231             231
  144        1026.456    -427.805        1026.415    -427.913             144             144
   11        -196.706    -295.643        -196.706    -295.611              11              11
  219         177.696     359.087         177.779     359.026             219             219
  196        -910.952    1268.516        -910.807    1268.711             196             196
  108        1357.209    2115.320        1357.507    2115.371             108             108
   84        -347.160   -2311.493        -347.605   -2311.182              84              84
  124         383.092    -166.307         382.899    -166.327             124             124
   23        3264.652    -212.875        3264.652    -213.377              23              23
  115           4.381    -979.188           4.417    -979.220             115             115
  180        -263.984    1949.660        -263.557    1949.738             180             180
  156         258.377     408.506         258.461     408.669             156             156
  210         937.306      -1.129         937.349      -1.085             210             210
  135        1310.975    -363.965        1311.093    -364.003             135             135
   61        -634.141    -425.160        -634.002    -424.855              61              61
  210        -911.570   -1410.914        -911.749   -1410.644             210             210
  252         -79.553    -317.232         -79.598    -317.199             252             252
  228         389.749     594.438         389.933     594.506             228             228
  105        -713.021   -2142.487        -713.341   -2142.305             105             105
  229        -234.429    1072.171        -234.211    1072.221             229             229
  102        -568.114    -449.193        -568.214    -448.944             102             102
  161          90.039    -980.268          89.817    -980.208             161             161
  231        -220.763   -1327.152        -221.078   -1327.189             231             231
  191        1199.563     872.605        1199.700     872.283             191             191
  178        1105.956    1083.986        1106.315    1083.869             178             178
  173        -980.841   -1142.282        -980.918   -1142.068             173             173
   26          40.538    1757.406          40.925    1757.423              26              26
  243        -198.168    1156.717        -197.861    1157.038             243             243
    0        -732.442   -1708.934        -732.723   -1708.580              -0               0
  102         246.856      33.807         246.946      33.835             102             102
   71       -2689.500      60.869       -2689.586      61.519              71              71
  209        1956.647     156.248        1956.548     156.091             209             209
   88        -531.913   -1640.258        -532.208   -1640.004              88              88
  245        1524.947     -91.776        1525.060     -91.980             245             245
  184       -2739.015   -1214.219       -2739.189   -1213.597             184             184
  221         118.570    -650.496         118.298    -650.501             221             221
  184        -339.431    -783.699        -339.706    -783.662             184             184
   80        1081.180     515.828        1081.226     515.632              80              80
  135        -156.483    -154.540        -156.490    -154.378             135             135
  102        -351.989   -1128.801        -352.272   -1128.624             102             102
  138         643.472   -2563.314         642.899   -2563.616             138             138
  240         362.722    1105.272         362.920    1104.893             240             240
    7         790.594    2601.168         791.122    2601.036               7               7
  146        1324.924      81.710        1325.105      81.651             146             146
   10        -866.784    -341.019        -866.677    -340.755              10              10
  109         383.831     975.333         384.180     975.374             109             109
   93       -1704.120     -88.204       -1704.038     -87.671              93              93
   75        -414.325      68.604        -414.343      68.878              75              75
   77        -211.355   -1096.497        -211.566   -1096.367              77              77
  214       -1003.952    1726.993       -1003.640    1727.364             214             214
  188           8.520    -105.117           8.412    -104.709             188             188
  107         320.734   -2000.311         320.329   -2000.066             107             107
   88        -863.999   -1476.730        -864.333   -1476.378              88              88
  105         783.188   -2306.404         782.703   -2306.506             105             105
  155        -685.163   -1731.230        -685.490   -1731.178             155             155
   56         763.365   -1739.709         763.103   -1740.110              56              56
  125       -2130.636     830.767       -2130.421     831.025             125             125
  171          44.061   -1256.288          43.720   -1256.480             171             171
   15        -738.939    1947.710        -738.551    1947.741              15              15
  115        -999.773     408.102        -999.794     408.447             115             115
  179        -101.394   -1925.007        -101.931   -1925.059             179             179
  243           2.836    2026.462           3.233    2026.376             243             243
  191       -1978.153      76.854       -1978.304      77.407             191             191
  236         840.149    -435.430         839.845    -435.550             236             236
  241        -889.175    -150.225        -889.347    -150.065             241             241
  239       -1131.375    1410.315       -1131.452    1410.654             239             239
    4        1981.838    -356.650        1981.380    -356.838               4               4
   14        2703.066   -1601.788        2702.705   -1602.294              14              14
  106         478.444    -764.769         478.455    -764.977             106             106
   14        -433.698    -532.592        -433.727    -532.737              14              14
  139        -415.237    2368.753        -414.745    2368.719             139             139
  134        -399.711    1811.398        -399.451    1811.693             134             134
   18        1767.014     374.332        1767.103     374.273              18              18
  137       -1011.025    -582.680       -1011.067    -582.201             137             137
  133        -447.113     -34.343        -447.203     -34.025             133             133
  100          76.928    -570.379          76.685    -570.147             100             100
  142        1377.332   -1504.397        1377.075   -1504.567             142             142
   48       -1880.050    -581.372       -1880.105    -580.932              48              48
  160       -1130.142      69.852       -1130.330      70.204             160             160
  105         221.070    -857.445         220.654    -857.351             105             105
  114        -447.249   -1224.219        -447.769   -1224.086             114             114
  158        1148.409     100.979        1148.212     100.785             158             158
  175         698.065   -2028.212         697.524   -2028.393             175             175
   36         559.766     867.061         559.956     866.890              36              36
  215       -1336.913      -9.293       -1337.067      -8.762             215             215
  127         644.000   -3046.330         642.992   -3046.410             127             127
   52        1384.575   -1862.955        1383.934   -1863.571              52              52
  193        1979.059      48.457        1979.077      47.651             193             193
   24        -810.190     677.616        -810.095     677.584              24              24
  215        1894.039     226.583        1893.940     226.005             215             215
  158        1885.891     204.728        1886.037     204.115             158             158
  107         543.071    1170.072         543.525    1169.802             107             107
  223         306.777    1574.029         307.270    1573.994             223             223
  221        1063.173     340.044        1063.482     339.911             221             221
   73       -1856.611     592.101       -1856.362     592.641              73              73
  109         419.043     151.205         418.999     151.235             109             109
  154         466.893    -149.711         466.879    -149.740             154             154
   61         303.097     -80.496         303.155     -80.571              61              61
  106         -21.618    1257.007         -21.227    1257.096             106             106
  179        -796.377     184.817        -796.367     185.233             179             179
  166        1732.593   -1218.501        1732.384   -1218.836             166             166
   67        -820.422     131.342        -820.158     131.437              67              67
  132       -1356.334    1932.727       -1355.836    1933.152             132             132
  243        -462.446    -516.487        -462.605    -516.209             243             243
   20       -2019.209    1561.557       -2019.055    1562.228              20              20
  232           5.258     656.278           4.948     656.713             232             232
  201        2732.844   -1337.733        2732.285   -1338.004             201             201
  220        2001.903    -669.635        2001.919    -669.828             220             220
   36        -532.965   -1914.280        -533.242   -1913.941              36              36
   72         672.692   -2049.901         672.300   -2050.106              72              72
   34         247.159    -581.661         247.222    -581.881              34              34
   99        -313.392    -333.065        -313.238    -333.160              99              99
  143       -1447.888    1624.234       -1447.372    1624.604             143             143
    6        -736.773     324.750        -736.715     325.224               6               6
   31         183.032   -1390.108         182.798   -1389.910              31              31
  204       -3086.807    -930.582       -3087.119    -929.670             204             204
  110         558.919   -2906.217         557.970   -2906.457             110             110
  255       -1062.040    -245.955       -1062.244    -246.034             255             255
  191         409.227    1385.882         409.461    1385.698             191             191
   69       -1535.826    -566.294       -1536.090    -565.831              69              69
   11        -974.375   -1069.168        -975.000   -1069.000              11              11
    7         180.834    -179.330         180.345    -179.548               7               7
  185        2415.385     -92.085        2415.208     -92.907             185             185
   83        -379.944    1885.790        -379.422    1885.860              83              83
   14        -464.935    -604.044        -465.179    -603.859              14              14
   93       -1166.922     513.956       -1167.103     514.208              93              93
   89        1388.435    1571.824        1388.488    1571.675              89              89
  225        1689.212   -1798.255        1688.731   -1798.517             225             225
  114        -986.919    -326.457        -987.050    -326.319             114             114
  149         524.279     960.496         524.308     960.338             149             149
  157        1053.226     442.077        1053.246     441.934             157             157
  161         429.863     216.826         429.935     216.913             161             161
  108        -397.449    -748.794        -397.677    -748.529             108             108
  133        -547.710    -419.556        -548.022    -419.323             133             133
  239         607.934   -1103.792         607.384   -1103.965             239             239
  241         823.385      24.531         823.181      24.215             241             241
   89        1694.869    1026.849        1695.081    1026.495              89              89
  208         685.488    -821.676         685.373    -821.689             208             208
   32        -395.610    -638.457        -395.791    -638.294              32              32
  139        1118.224   -1276.745        1117.866   -1277.133             139             139
   74         338.217     762.252         338.533     762.107              74              74
   36        -982.717   -1684.261        -983.196   -1684.136              36              36
    3         672.297    1315.423         672.508    1315.029               3               3
  177        1040.693    1172.265        1041.045    1172.076             177             177
  204         228.758    -227.508         228.887    -227.411             204             204
    2       -1263.316    -515.143       -1263.356    -514.776               2               2
  177       -1555.106     417.279       -1555.206     417.738             177             177
  149         668.989    -764.808         668.538    -764.983             149             149
   50        -888.168    1067.777        -888.171    1068.087              50              50
   17        1877.603   -1083.916        1877.052   -1084.292              17              17
  223        1253.681    -952.895        1253.484    -953.345             223             223
  151         313.686     269.563         313.976     269.289             151             151
  151       -2439.854    1237.487       -2439.588    1238.142             151             151
  159         216.218       7.646         215.879       7.687             159             159
  235         210.418     302.686         210.213     302.722             235             235
   72        1461.947    -152.153        1461.783    -152.444              72              72
   85        -791.757      43.996        -791.877      44.349              85              85
    9         855.031   -1556.620         854.351   -1556.882               9               9
  122         721.072     529.278         721.036     528.938             122             122
  165        1758.876     302.190        1758.959     301.679             165             165
   83        -216.922     731.422        -216.634     731.572              83              83
  130        -503.040    -757.317        -503.403    -757.113             130             130
  163        1954.573     193.087        1954.613     192.520             163             163
  115        -997.615    -118.683        -997.567    -118.430             115             115
   35        -672.239     619.631        -672.273     619.833              35              35
   86         355.030    -234.937         354.667    -235.014              86              86
  222         967.418     359.959         967.300     359.636             222             222
  121         754.002    1673.603         754.322    1673.566             121             121
  128        1223.671    -964.853        1223.351    -964.995             128             128
  110        -102.879     720.936        -102.758     721.105             110             110
   68        1231.438    -683.453        1231.122    -683.630              68              68
  226         997.623     166.285         997.674     166.152             226             226
   10         657.937   -1188.538         657.633   -1188.641              10              10
   59        1022.894    -345.495        1022.905    -345.875              59              59
  203        -228.182     583.796        -227.920     583.822             203             203
  237          64.539    1025.003          64.774    1025.176             237             237
  160        1221.867    -528.145        1221.726    -528.211             160             160
  213        1096.696    -468.591        1096.833    -468.638             213             213
  131       -1451.005   -3161.559       -1451.749   -3161.272             131             131
  214         404.079    1985.663         404.678    1985.366             214             214
  205        -139.268    -388.344        -139.187    -388.126             205             205
  135       -2474.922   -1128.632       -2475.323   -1127.917             135             135
  106         -55.004     600.887         -55.158     600.968             106             106
    7          17.367   -2404.213          16.425   -2404.284               7               7
  106         122.604     149.387         122.421     149.026             106             106
   73         194.416     807.784         194.433     807.587              73              73
  149         130.686     316.273         130.525     316.218             149             149
   46         727.378     845.507         727.372     845.448              46              46
   48         679.893   -1659.597         679.154   -1659.717              48              48
  116        2292.228    -648.412        2291.994    -649.294             116             116
  104         870.258     175.624         870.534     175.134             104             104
  127         101.210    1299.896         101.848    1299.885             127             127
   50       -1579.202   -1706.620       -1579.709   -1706.195              50              50
  130         669.788     199.272         669.735     198.776             130             130
   45        -296.691     658.013        -296.498     657.909              45              45
   23        -558.926     277.043        -558.949     277.051              23              23
  170         -78.241     640.073         -78.182     639.929             170             170
  206       -1326.835     615.729       -1326.982     615.958             206             206
   30        1423.916    1067.551        1423.884    1066.931              30              30
  107         420.451    2996.942         421.220    2996.979             107             107
  231          18.530    -412.816          18.226    -412.496             231             231
  161         287.685    -329.879         287.357    -329.972             161             161
   44          26.035    1333.516          26.138    1333.479              44              44
  254         368.045    1603.847         368.058    1603.990             254             254
   42        2965.087    -332.592        2964.691    -333.209              42              42
  161        2644.374     189.146        2644.644     188.487             161             161
  112         492.839     115.233         493.248     115.201             112             112
  171         546.823     814.501         547.472     814.555             171             171
  124       -2001.757   -1199.659       -2001.927   -1198.901             124             124
  116        -416.208    -602.410        -416.433    -602.520             116             116
   38       -1896.959    2685.427       -1896.353    2685.979              38              38
  247        -943.443     369.712        -943.970     370.245             247             247
   88        2896.918     984.601        2896.808     983.911              88              88
  171        1495.503    1248.494        1496.041    1248.422             171             171
  210       -1743.395    -129.945       -1743.510    -128.955             210             210
  126        1612.120     510.818        1612.082     510.852             126             126
  255        -239.683   -2907.910        -240.633   -2907.573             255             255
   45         319.294    -200.903         319.114    -201.151              45              45
   32         -55.307    1251.934         -55.040    1252.058              32              32
  230         255.943    -470.310         255.658    -470.163             230             230
  100        -530.073      25.407        -530.309      25.699             100             100
  171         885.598     225.982         885.398     225.812             171             171
  119         143.974    2115.903         144.406    2116.330             119             119
  251        1466.241   -1311.890        1465.679   -1311.673             251             251
   66         357.747   -1453.960         357.296   -1453.602              66              66
  168        -608.284   -2879.084        -609.415   -2878.734             168             168
  194        2694.082   -1752.893        2693.530   -1753.971             194             194
   36        -743.664    -346.301        -743.493    -346.319              36              36
  148        -920.400     -13.946        -920.363     -13.776             148             148
  247       -1115.297    -237.979       -1115.495    -237.679             247             247
   45        -963.455     -85.056        -963.731     -84.754              45              45
  180       -1277.906   -1034.709       -1278.661   -1034.414             180             180
  133        -159.988     693.325        -160.259     693.274             133             133
   40       -1037.629    -477.789       -1038.418    -477.447              40              40
   40        1705.345    -859.276        1704.523    -860.029              40              40
  190         508.146     701.033         508.193     700.619             190             190
  127       -1294.365     843.028       -1294.367     843.378             127             127
   80       -1352.229     318.458       -1352.712     318.852              80              80
  191       -1149.028    1538.586       -1149.394    1539.050             191             191
  224         424.380     557.441         423.656     557.605             224             224
  109        -694.656      67.452        -695.595      68.037             109             109
  115         437.229   -1311.301         435.702   -1311.265             115             115
  192         214.563      71.014         213.485      71.028             192             192
   76        -941.886   -1617.211        -943.832   -1616.985              76              76
   86        -244.804    1286.730        -246.320    1286.719              86              86
   58         498.155    -392.427         495.515    -392.507              58              58
   33        1582.032     154.995        1578.718     154.494              33              33
  220        -981.711     -95.501        -988.537     -95.131             220             220
