SINAL     NFT                         FFT                         NFT INVERSA     FFT INVERSA
-----     -----------------------     -----------------------     -----------     -----------
  246       66811.000       0.000       66811.000       0.000             246             246
  233        2693.824   -2112.810        2693.837   -2112.810             233             233
  216         314.925   -1434.183         314.938   -1434.182             216             216
   65        1969.771      89.238        1969.785      89.238              65              65
  142        1640.981   -3164.335        1640.991   -3164.337             142             142
  149         -52.193    -165.363         -52.177    -165.363             149             149
   58        2481.292   -1534.005        2481.307   -1534.010              58              58
  201       -1633.501   -2456.437       -1633.488   -2456.433             201             201
  211       -1555.993   -1353.021       -1555.982   -1353.019             211             211
  173       -1049.583     956.651       -1049.566     956.651             173             173
  190         960.395     101.655         960.408     101.651             190             190
  212       -1708.890   -1135.677       -1708.886   -1135.667             212             212
  204         953.430     543.660         953.440     543.653             204             204
  226         981.485   -1660.971         981.483   -1660.981             226             226
   98        1290.649    1278.253        1290.674    1278.239              98              98
  141         401.986   -1175.787         401.995   -1175.794             141             141
  190        -306.495    2204.636        -306.457    2204.639             190             190
   22         127.712    -464.290         127.717    -464.282              22              22
  203        1314.352    -331.841        1314.361    -331.848             203             203
  204         845.051   -2027.477         845.046   -2027.489             204             204
  218         750.465    -190.723         750.485    -190.744             218             218
  220        -869.465      -3.722        -869.448      -3.723             220             220
  227         411.470    1594.993         411.499    1594.981             227             227
  129        1045.669     914.862        1045.694     914.854             129             129
  222        1313.363     -72.619        1313.382     -72.632             222             222
  237        1693.991      45.685        1694.029      45.661             237             237
  248       -1602.354     820.031       -1602.307     820.067             248             248
  113        -631.060   -1359.354        -631.068   -1359.338             113             113
  170         520.423     811.638         520.453     811.629             170             170
  190        -866.495    -476.645        -866.490    -476.622             190             190
  214         527.744    -388.358         527.747    -388.365             214             214
  143        -693.504   -1223.772        -693.522   -1223.765             143             143
  192        1500.436    -632.989        1500.431    -633.047             192             192
  138        -108.222    2212.818        -108.159    2212.806             138             138
  238         754.886      20.148         754.902      20.132             238             238
   61         700.707    1420.310         700.765    1420.300              61              61
  198        -880.049    -583.246        -880.042    -583.219             198             198
  241        -450.654    -215.747        -450.656    -215.753             241             241
  203         507.154    2195.304         507.206    2195.287             203             203
  209           9.959     481.748           9.967     481.762             209             209
  217        1317.512     211.059        1317.511     211.031             217             217
   72        1992.892     441.401        1992.915     441.349              72              72
   83        2456.868    1041.780        2456.939    1041.714              83              83
  196        -308.612    1639.853        -308.513    1639.876             196             196
   96        -411.401     643.154        -411.355     643.185              96              96
  237        1190.007    1441.295        1190.087    1441.284             237             237
   79       -1537.071    1945.502       -1536.981    1945.601              79              79
  119         231.667    -670.114         231.666    -670.056             119             119
  227       -1608.757   -1002.552       -1608.786   -1002.461             227             227
   30        1256.092    -893.388        1256.055    -893.405              30              30
  109        1111.022    -466.221        1111.030    -466.245             109             109
  123        -320.258     414.109        -320.219     414.138             123             123
  133        -669.586    -273.004        -669.595    -272.953             133             133
   84         651.358    -667.010         651.320    -667.013              84              84
   97        1782.870     290.414        1782.880     290.375              97              97
   45        1945.228    -804.594        1945.231    -804.634              45              45
  190        1261.705   -1065.201        1261.724   -1065.242             190             190
   31         374.750      -5.825         374.813      -5.842              31              31
  184         210.518    -484.229         210.563    -484.247             184             184
  231        -805.600    1475.838        -805.490    1475.872             231             231
   62        -512.583     750.618        -512.515     750.680              62              62
   24        -901.592   -1125.412        -901.604   -1125.347              24              24
  150       -1117.517     558.946       -1117.489     559.008             150             150
  152        -172.010      63.237        -172.018      63.288             152             152
  131         781.653   -1492.396         781.600   -1492.403             131             131
  204        -303.196     344.318        -303.164     344.352             204             204
  253         353.841   -1848.012         353.779   -1848.022             253             253
   26        -454.827     927.919        -454.768     927.932              26              26
   70        -675.537     761.412        -675.508     761.487              70              70
    7          -6.690   -1319.763          -6.768   -1319.711               7               7
  102          72.123   -1755.697          72.008   -1755.692             102             102
   83        2702.585    -418.332        2702.566    -418.462              83              83
  135         539.082   -1130.661         539.073   -1130.700             135             135
   66         559.493    -575.322         559.503    -575.387              66              66
  130         639.184     859.465         639.282     859.407             130             130
  203       -2221.153     812.428       -2221.095     812.548             203             203
   80        -574.815   -1010.929        -574.927   -1010.900              80              80
   53        2303.835     583.232        2303.819     583.099              53              53
  189        2308.080    1350.057        2308.170    1349.969             189             189
  167        1217.949   -1846.728        1217.909   -1846.794             167             167
    2        1545.024    2869.284        1545.252    2869.207               2               2
  165        -434.416     338.526        -434.321     338.630             165             165
  203         297.216    -585.285         297.248    -585.223             203             203
   61       -1126.592   -2086.916       -1126.664   -2086.824              61              61
  208          82.919   -1082.498          82.867   -1082.527             208             208
  226         426.932     192.693         426.948     192.646             226             226
  173        1803.705     286.234        1803.772     286.135             173             173
  214       -1129.186     143.345       -1129.131     143.429             214             214
  253        1203.011   -1004.475        1202.980   -1004.537             253             253
  154         845.290    -407.702         845.345    -407.771             154             154
  227       -1116.581   -1068.219       -1116.588   -1068.229             227             227
  100        1447.927    3918.516        1448.226    3918.424             100             100
  185       -2427.468    -630.876       -2427.454    -630.669             185             185
   74         856.604     187.617         856.626     187.589              74              74
  210          -9.621     184.364          -9.549     184.385             210             210
  157       -1558.645     740.554       -1558.575     740.693             157             157
   42         -64.322    -677.206         -64.376    -677.154              42              42
   90         -16.680    -420.351         -16.721    -420.327              90              90
    6        2067.215   -1161.128        2067.183   -1161.282               6               6
  144        -506.810    1635.312        -506.618    1635.333             144             144
  200        -556.868     -20.235        -556.804     -20.176             200             200
  179       -1973.514    1908.021       -1973.382    1908.218             179             179
    8        -323.574   -1466.574        -323.720   -1466.470               8               8
  233        1020.500    -161.957        1020.469    -161.984             233             233
  254         286.631   -1359.994         286.545   -1359.991             254             254
   61        1061.176    -894.522        1061.139    -894.636              61              61
  254         377.688    1881.007         377.860    1880.979             254             254
  161        1333.762     -72.134        1333.850     -72.168             161             161
   92       -1906.042    -235.033       -1905.984    -234.864              92              92
   80         543.145     663.037         543.237     663.066              80              80
  217       -1949.945   -1494.093       -1950.021   -1493.890             217             217
  154         362.703   -1510.055         362.597   -1510.093             154             154
  229        -770.910     562.747        -770.842     562.796             229             229
  143       -1674.126   -1158.108       -1674.253   -1157.986             143             143
  152         958.596     145.494         958.545     145.401             152             152
   97        1230.169    -464.862        1230.158    -464.982              97              97
  148        -781.232     983.049        -781.126     983.082             148             148
   49        -576.240    1225.043        -576.178    1225.127              49              49
  204        1520.047     -51.941        1520.052     -51.990             204             204
  110       -1165.610     298.439       -1165.561     298.607             110             110
  109        -733.764   -2020.877        -733.983   -2020.789             109             109
  233        2124.218     107.177        2124.215     106.986             233             233
   70       -1439.244     542.544       -1439.217     542.675              70              70
   82        2083.180    -126.709        2083.136    -126.829              82              82
   33         525.583    -491.939         525.570    -491.952              33              33
  171        1800.035    -348.608        1800.083    -348.744             171             171
  144       -1074.531     404.679       -1074.405     404.793             144             144
   36       -1757.417    -303.836       -1757.485    -303.637              36              36
   16        1997.194   -1741.827        1997.001   -1742.000              16              16
  245         617.583     563.346         617.659     563.256             245             245
   17         704.905     509.137         704.974     509.092              17              17
  117        1893.708     640.539        1893.868     640.446             117             117
  157       -1612.719   -1220.399       -1612.717   -1220.201             157             157
  143        -402.822    -538.314        -402.839    -538.270             143             143
   84       -1296.797      20.246       -1296.813      20.394              84              84
  163          60.470   -1854.624          60.242   -1854.630             163             163
  103         589.254    -926.681         589.117    -926.839             103             103
   78        1147.089    2327.318        1147.270    2327.176              78              78
  196         705.110     671.421         705.152     671.440             196             196
   46        2526.450    -167.221        2526.481    -167.343              46              46
  188         882.420   -1400.813         882.435   -1400.823             188             188
   60        -988.661   -1554.199        -988.715   -1554.125              60              60
   36         139.654     170.422         139.689     170.386              36              36
  191         833.787    -326.205         833.802    -326.248             191             191
  213         122.917   -2125.099         122.779   -2125.140             213             213
  208         601.988    -315.650         602.031    -315.800             208             208
  136        -633.663    -343.880        -633.644    -343.909             136             136
   74         213.166     527.075         213.214     526.982              74              74
  199        1937.795     -89.977        1937.863     -90.235             199             199
  170        -306.322    1606.242        -306.041    1606.239             170             170
  102         321.932     585.434         322.112     585.453             102             102
  232       -2042.234    -569.647       -2042.235    -569.406             232             232
  210         763.316   -1474.824         763.180   -1474.956             210             210
   75        -483.651     838.554        -483.527     838.516              75              75
  249         477.290    -451.453         477.288    -451.602             249             249
   39        -605.188    2930.212        -604.859    2930.234              39              39
  220         351.918     693.394         351.999     693.448             220             220
  251         753.731    -740.988         753.704    -741.049             251             251
  121         845.883    1619.506         846.162    1619.434             121             121
  176         273.528     628.642         273.786     628.732             176             176
  151       -2823.995   -2096.808       -2824.090   -2096.491             151             151
  175       -2447.457     652.891       -2447.471     653.076             175             175
  205         525.196    1449.724         525.217    1449.694             205             205
  130         898.594     154.777         898.550     154.761             130             130
  229        2001.215     299.310        2001.299     299.196             229             229
  218         -26.382   -1932.959         -26.465   -1932.927             218             218
   28       -1242.561    -249.993       -1242.571    -249.931              28              28
  200        1727.804     158.161        1727.840     157.901             200             200
  154         508.997    1043.201         509.231    1043.091             154             154
  178         318.363    2283.524         318.760    2283.570             178             178
  159        -652.228   -1059.105        -652.197   -1058.932             159             159
  150       -1003.005     634.560       -1002.838     634.728             150             150
  193        -414.080    -986.599        -414.107    -986.508             193             193
  150       -1016.922     279.161       -1016.820     279.282             150             150
  214          -0.801     246.136          -0.666     246.194             214             214
  122       -2595.096    -936.547       -2595.131    -936.214             122             122
   28       -1601.851    -933.010       -1602.025    -932.875              28              28
  249          98.302     626.811          98.334     626.745             249             249
   94       -1761.610     409.696       -1761.626     409.903              94              94
  218         621.116    -201.359         621.014    -201.431             218             218
  173        -342.268       5.463        -342.279       5.468             173             173
   40       -1208.734     966.117       -1208.705     966.250              40              40
   92         445.238    1120.021         445.223    1120.072              92              92
   84        2845.689   -1721.125        2845.525   -1721.378              84              84
  196       -1404.032   -1481.480       -1404.111   -1481.395             196             196
   77         219.782    -260.584         219.766    -260.791              77              77
  161        -600.097    2021.497        -599.840    2021.470             161             161
  252         476.915    -103.432         476.939    -103.555             252             252
  129       -1408.677    1961.068       -1408.418    1961.163             129             129
    0        -721.529    2061.154        -721.360    2061.293              -0               0
   87         455.227     718.876         455.237     718.919              87              87
  103         821.426     -59.925         821.427     -60.012             103             103
   58        -929.924    2725.417        -929.600    2725.596              58              58
   72        1186.129    1435.819        1186.298    1435.905              72              72
   80        -478.943    -621.042        -478.990    -620.761              80              80
   75         133.610    -291.725         133.579    -291.584              75              75
  211        -373.613   -1233.136        -373.771   -1232.997             211             211
  242         291.640     -54.115         291.644     -54.094             242             242
   22       -1098.851   -1804.027       -1099.116   -1803.932              22              22
    3         747.469    2551.056         747.737    2550.961               3               3
  180         785.528    -385.106         785.532    -385.072             180             180
   27       -1508.651    -228.575       -1508.667    -228.311              27              27
  223        -446.810     687.227        -446.843     687.402             223             223
  163        2080.016   -1188.719        2079.859   -1188.869             163             163
   19       -1829.409   -1008.584       -1829.540   -1008.321              19              19
  231        1209.573     393.147        1209.575     393.044             231             231
    6       -1358.858   -1855.104       -1359.172   -1854.883               6               6
  175         936.790    -954.697         936.507    -954.897             175             175
  124        2006.721    -883.946        2006.580    -884.355             124             124
  194         588.779     412.894         588.901     412.651             194             194
  106           6.855    1020.558           7.012    1020.448             106             106
   56         752.411    1497.111         752.599    1496.995              56              56
  232        1816.943     443.649        1817.096     443.440             232             232
    2         -89.788     223.801         -89.599     223.825               2               2
   99        -809.992     180.693        -809.915     180.770              99              99
  162        1076.637    1174.686        1076.859    1174.508             162             162
  148        -492.158    1488.115        -491.844    1488.243             148             148
   79        -359.700    1028.833        -359.509    1029.034              79              79
  131         180.557    -670.487         180.528    -670.404             131             131
   57       -1055.927     480.259       -1055.826     480.461              57              57
  149         331.068     328.625         331.150     328.682             149             149
  102       -2309.277   -1163.164       -2309.515   -1162.812             102             102
   18        1017.432     866.761        1017.387     866.598              18              18
   58        1661.741       9.362        1661.764       9.152              58              58
   88       -1947.875     -76.643       -1947.965     -76.383              88              88
  105        2922.881      95.591        2922.774      95.043             105             105
   88        2424.044    3524.650        2424.740    3524.308              88              88
   21        -524.494    1559.570        -524.055    1559.913              21              21
   83         571.483    -650.428         571.557    -650.288              83              83
   74       -1096.150     336.343       -1095.958     336.677              74              74
  225         140.330   -1481.127         140.225   -1481.059             225             225
   22       -1607.602     114.376       -1607.514     114.579              22              22
   72        -366.078    1847.622        -365.815    1847.770              72              72
   13        -644.079    -260.814        -644.168    -260.537              13              13
    5        1345.521    -117.952        1345.545    -118.014               5               5
   49       -1884.973   -1478.894       -1885.189   -1478.582              49              49
  181        1299.125     430.867        1299.148     430.579             181             181
   42         -93.880    2772.377         -93.408    2772.507              42              42
   16         632.202    -277.696         632.221    -277.530              16              16
  102        -137.682    -844.463        -137.729    -844.292             102             102
  101         933.387    -387.037         933.501    -387.112             101             101
  164       -2809.839     489.322       -2809.709     489.871             164             164
  209        1896.797    -852.158        1896.698    -852.349             209             209
   99       -1273.987     215.860       -1273.759     216.158              99              99
  121       -2484.800   -1513.823       -2485.063   -1513.394             121             121
   77         -76.193     727.675         -76.207     727.698              77              77
  179         144.094    -841.772         143.905    -841.765             179             179
  199         173.703     271.441         173.751     271.402             199             199
   54        -512.495    -246.479        -512.532    -246.423              54              54
  226          93.531    1539.338          93.781    1539.373             226             226
  252        -699.975    -832.447        -700.126    -832.264             252             252
   80         207.038     570.071         207.098     570.033              80              80
  255          66.822      72.643          66.859      72.610             255             255
  130        -725.791    1959.276        -725.479    1959.424             130             130
  250          63.931    1280.621          64.105    1280.779             250             250
   57        -294.143    1592.322        -293.924    1592.661              57              57
  127         771.000      -0.261         771.000       0.000             127             127
  229        -293.697   -1593.009        -293.920   -1592.665             229             229
  203          64.284   -1280.941          64.107   -1280.780             203             203
   53        -725.152   -1959.584        -725.474   -1959.430              53              53
  141          66.894     -72.574          66.857     -72.609             141             141
   44         207.162    -569.993         207.099    -570.033              44              44
  143        -700.288     832.071        -700.128     832.263             143             143
  211          94.048   -1539.411          93.783   -1539.374             211             211
    1        -512.574     246.364        -512.533     246.423               1               1
   79         173.804    -271.360         173.752    -271.403              79              79
    7         143.700     841.754         143.904     841.764               7               7
  204         -76.222    -727.724         -76.207    -727.699             204             204
   40       -2485.355    1512.917       -2485.065    1513.390              40              40
  235       -1273.506    -216.494       -1273.759    -216.163             235             235
   12        1896.587     852.566        1896.697     852.351              12              12
  108       -2809.562    -490.496       -2809.708    -489.879             108             108
  113         933.629     387.202         933.500     387.114             113             113
  254        -137.784     844.096        -137.730     844.291             254             254
  225         632.242     277.341         632.220     277.531             225             225
  157         -92.853   -2772.660         -93.401   -2772.508             157             157
   42        1299.175    -430.237        1299.149    -430.576              42              42
  152       -1885.449    1478.207       -1885.192    1478.577             152             152
   79        1345.573     118.091        1345.545     118.016              79              79
   45        -644.273     260.200        -644.167     260.534              45              45
  229        -365.494   -1847.951        -365.812   -1847.772             229             229
   99       -1607.404    -114.836       -1607.512    -114.586              99              99
  192         140.091    1480.975         140.221    1481.059             192             192
  162       -1095.720    -337.093       -1095.956    -336.680             162             162
   65         571.648     650.115         571.557     650.289              65              65
   52        -523.498   -1560.346        -524.048   -1559.916              52              52
  192        2425.629   -3523.871        2424.747   -3524.304             192             192
  241        2922.637     -94.336        2922.775     -95.035             241             241
  200       -1948.080      76.048       -1947.965      76.382             200             200
   16        1661.797      -8.871        1661.765      -9.147              16              16
   94        1017.329    -866.384        1017.387    -866.597              94              94
  143       -2309.832    1162.338       -2309.518    1162.805             143             143
  239         331.258    -328.756         331.150    -328.681             239             239
  171       -1055.689    -480.738       -1055.824    -480.466             171             171
   54         180.486     670.293         180.526     670.405              54              54
   28        -359.245   -1029.310        -359.505   -1029.036              28              28
  132        -491.409   -1488.420        -491.841   -1488.244             132             132
  122        1077.175   -1174.259        1076.865   -1174.506             122             122
   39        -809.809    -180.883        -809.916    -180.774              39              39
   37         -89.331    -223.859         -89.597    -223.825              37              37
   90        1817.314    -443.137        1817.097    -443.436              90              90
   21         752.876   -1496.828         752.606   -1496.994              21              21
   15           7.240   -1020.289           7.013   -1020.447              15              15
  210         589.080    -412.297         588.903    -412.649             210             210
  250        2006.369     884.958        2006.577     884.359             250             250
  241         936.087     955.194         936.506     954.899             241             241
   78       -1359.647    1854.549       -1359.178    1854.879              78              78
  155        1209.580    -392.886        1209.576    -393.041             155             155
  205       -1829.743    1007.920       -1829.543    1008.318             205             205
  178        2079.616    1189.104        2079.857    1188.874             178             178
  124        -446.893    -687.675        -446.842    -687.405             124             124
   12       -1508.694     227.896       -1508.669     228.305              12              12
  124         785.537     385.021         785.531     385.075             124             124
  155         748.169   -2550.808         747.745   -2550.959             155             155
   86       -1099.540    1803.778       -1099.119    1803.929              86              86
   20         291.649      54.062         291.644      54.095              20              20
   31        -374.028    1232.771        -373.773    1232.996              31              31
  172         133.529     291.355         133.579     291.583             172             172
   76        -479.066     620.301        -478.991     620.759              76              76
  212        1186.580   -1436.044        1186.301   -1435.903             212             212
  186        -929.057   -2725.897        -929.598   -2725.597             186             186
  228         821.426      60.165         821.426      60.015             228             228
   14         455.256    -718.996         455.238    -718.920              14              14
   31        -721.059   -2061.534        -721.354   -2061.294              31              31
  236       -1407.965   -1961.332       -1408.414   -1961.166             236             236
   76         476.979     103.771         476.938     103.556              76              76
  183        -599.384   -2021.425        -599.836   -2021.472             183             183
   88         219.736     261.155         219.765     260.790              88              88
  193       -1404.257    1481.242       -1404.113    1481.394             193             193
   55        2845.217    1721.847        2845.519    1721.386              55              55
  177         445.204   -1120.167         445.227   -1120.073             177             177
   65       -1208.651    -966.497       -1208.704    -966.253              65              65
  254        -342.298      -5.477        -342.278      -5.468             254             254
  108         620.823     201.566         621.013     201.431             108             108
    1       -1761.654    -410.298       -1761.624    -409.907               1               1
  108          98.394    -626.620          98.334    -626.745             108             108
   34       -1602.359     932.615       -1602.026     932.873              34              34
  237       -2595.205     935.559       -2595.134     936.207             237             237
  161          -0.403    -246.306          -0.666    -246.194             161             161
  194       -1016.617    -279.523       -1016.819    -279.285             194             194
   24        -414.164     986.327        -414.109     986.507              24              24
   92       -1002.501    -635.070       -1002.835    -634.732              92              92
   42        -652.138    1058.579        -652.199    1058.929              42              42
  218         319.575   -2283.664         318.767   -2283.570             218             218
  122         509.713   -1042.864         509.234   -1043.090             122             122
   57        1727.917    -157.355        1727.841    -157.896              57              57
  196       -1242.591     249.795       -1242.571     249.927             196             196
  255         -26.643    1932.859         -26.469    1932.927             255             255
   53        2001.477    -298.950        2001.300    -299.192              53              53
   83         898.453    -154.725         898.550    -154.760              83              83
  175         525.267   -1449.629         525.222   -1449.694             175             175
  188       -2447.502    -653.486       -2447.471    -653.082             188             188
  176       -2824.301    2095.789       -2824.091    2096.488             176             176
  215         274.361    -628.932         273.787    -628.732             215             215
   22         846.793   -1619.272         846.165   -1619.434              22              22
   73         753.644     741.191         753.704     741.051              73              73
   81         352.187    -693.566         352.000    -693.446              81              81
   55        -604.086   -2930.285        -604.851   -2930.235              55              55
   84         477.281     451.950         477.286     451.604              84              84
   97        -483.234    -838.429        -483.524    -838.518              97              97
  244         762.856    1475.273         763.178    1474.958             244             244
   25       -2042.241     568.819       -2042.237     569.400              25              25
  121         322.553    -585.498         322.115    -585.453             121             121
   12        -305.348   -1606.232        -306.036   -1606.239              12              12
  223        1938.028      90.877        1937.862      90.240             223             223
  220         213.339    -526.749         213.219    -526.981             220             220
  111        -633.597     343.981        -633.644     343.908             111             111
  151         602.137     316.180         602.030     315.802             151             151
   47         122.422    2125.242         122.775    2125.139              47              47
  182         833.840     326.366         833.803     326.252             182             182
   42         139.781    -170.293         139.690    -170.387              42              42
   66        -988.863    1553.926        -988.717    1554.122              66              66
   96         882.467    1400.855         882.431    1400.826              96              96
  159        2526.567     167.683        2526.482     167.350             159             159
   95         705.268    -671.493         705.154    -671.440              95              95
   60        1147.773   -2326.783        1147.277   -2327.172              60              60
  177         588.734     927.277         589.114     926.841             177             177
   93          59.598    1854.645          60.238    1854.630              93              93
  147       -1296.858     -20.816       -1296.811     -20.397             147             147
   77        -402.887     538.141        -402.839     538.268              77              77
  101       -1612.716    1219.628       -1612.720    1220.197             101             101
  222        1894.336    -640.173        1893.870    -640.443             222             222
   57         705.178    -508.958         704.977    -509.090              57              57
   32         617.886    -562.984         617.661    -563.253              32              32
  111        1996.417    1742.520        1996.999    1742.000             111             111
  143       -1757.694     303.013       -1757.486     303.631             143             143
  185       -1074.019    -405.150       -1074.404    -404.795             185             185
  179        1800.232     349.177        1800.084     348.748             179             179
  219         525.522     491.994         525.567     491.953             219             219
  169        2082.994     127.225        2083.135     126.835             169             169
   62       -1439.126    -543.101       -1439.215    -542.678              62              62
  106        2124.200    -106.354        2124.213    -106.980             106             106
  183        -734.710    2020.497        -733.986    2020.788             183             183
   43       -1165.395    -299.175       -1165.560    -298.611              43              43
   21        1520.073      52.163        1520.054      51.993              21              21
    3        -575.961   -1225.413        -576.175   -1225.129               3               3
  165        -780.759    -983.198        -781.125    -983.084             165             165
  166        1230.116     465.405        1230.156     464.986             166             166
  205         958.368    -145.072         958.546    -145.399             205             205
  210       -1674.707    1157.549       -1674.257    1157.982             210             210
   33        -770.596    -562.976        -770.841    -562.798              33              33
  186         362.205    1510.230         362.594    1510.093             186             186
  222       -1950.309    1493.128       -1950.024    1493.884             222             222
  119         543.586    -663.171         543.240    -663.066             119             119
  125       -1905.772     234.217       -1905.985     234.859             125             125
  202        1334.183      72.303        1333.850      72.170             202             202
  105         378.534   -1880.870         377.866   -1880.978             105             105
   51        1060.993     895.085        1061.136     894.639              51              51
  246         286.204    1359.982         286.543    1359.991             246             246
  158        1020.345     162.090        1020.469     161.984             158             158
  125        -324.312    1466.051        -323.721    1466.469             125             125
   99       -1972.831   -1909.030       -1973.376   -1908.223              99              99
  121        -556.544      19.932        -556.804      20.175             121             121
   39        -505.811   -1635.423        -506.615   -1635.335              39              39
  239        2067.041    1161.940        2067.180    1161.287             239             239
  100         -16.902     420.223         -16.723     420.327             100             100
   37         -64.610     676.929         -64.376     677.155              37              37
   75       -1558.255    -741.317       -1558.572    -740.696              75              75
  139          -9.223    -184.487          -9.548    -184.387             139             139
  181         856.735    -187.452         856.629    -187.587             181             181
   55       -2427.392     629.703       -2427.455     630.663              55              55
  230        1449.636   -3917.981        1448.234   -3918.418             230             230
    2       -1116.625    1068.269       -1116.590    1068.226               2               2
   76         845.601     408.107         845.343     407.774              76              76
   41        1202.832    1004.838        1202.980    1004.538              41              41
   89       -1128.853    -143.844       -1129.129    -143.431              89              89
  151        1804.112    -285.631        1803.774    -286.132             151             151
  129         427.034    -192.400         426.950    -192.642             129             129
  161          82.593    1082.676          82.864    1082.527             161             161
  249       -1127.049    2086.345       -1126.670    2086.823             249             249
   43         297.412     584.901         297.247     585.224              43              43
   20        -433.808    -339.184        -434.319    -338.630              20              20
  180        1546.489   -2868.786        1545.255   -2869.205             180             180
  242        1217.678    1847.167        1217.906    1846.797             242             242
  209        2308.684   -1349.461        2308.174   -1349.964             209             209
  117        2303.730    -582.330        2303.820    -583.093             117             117
   26        -575.569    1010.726        -574.928    1010.898              26              26
  112       -2220.753    -813.266       -2221.094    -812.554             112             112
   98         639.875    -859.063         639.285    -859.406              98              98
  217         559.565     575.781         559.502     575.388             217             217
  229         539.011    1130.938         539.070    1130.700             229             229
  212        2702.443     419.290        2702.565     418.469             212             212
   55          71.270    1755.663          72.005    1755.692              55              55
   49          -7.280    1319.377          -6.772    1319.711              49              49
   47        -675.311    -761.984        -675.505    -761.488              47              47
  144        -454.372    -928.024        -454.765    -927.934             144             144
   86         353.355    1848.089         353.775    1848.023              86              86
   31        -302.945    -344.585        -303.163    -344.353              31              31
  254         781.223    1492.451         781.599    1492.404             254             254
  251        -172.063     -63.660        -172.016     -63.289             251             251
  147       -1117.273    -559.489       -1117.488    -559.013             147             147
    0        -901.710    1124.854        -901.607    1125.345               0              -0
   34        -511.988    -751.160        -512.513    -750.682              34              34
  222        -804.633   -1476.139        -805.487   -1475.873             222             222
   61         210.918     484.383         210.562     484.247              61              61
   78         375.312       5.974         374.814       5.841              78              78
    9        1261.869    1065.577        1261.722    1065.242               9               9
   29        1945.257     804.995        1945.230     804.639              29              29
   48        1782.969    -290.029        1782.881    -290.372              48              48
  155         650.978     667.049         651.317     667.015             155             155
  198        -669.679     272.498        -669.595     272.953             198             198
   14        -319.851    -414.405        -320.217    -414.140              14              14
  130        1111.103     466.478        1111.030     466.247             130             130
  232        1255.697     893.570        1256.053     893.406             232             232
  171       -1609.076    1001.573       -1608.787    1002.459             171             171
  152         231.654     669.479         231.665     670.055             152             152
  230       -1536.035   -1946.631       -1536.975   -1945.606             230             230
  104        1190.932   -1441.166        1190.090   -1441.283             104             104
   96        -410.844    -643.531        -411.352    -643.187              96              96
   91        -307.419   -1640.123        -308.509   -1639.876              91              91
    0        2457.759   -1040.949        2456.943   -1041.709               0               0
  186        1993.171    -440.720        1992.915    -441.344             186             186
   70        1317.500    -210.698        1317.511    -211.030              70              70
  240          10.071    -481.933           9.967    -481.762             240             240
   11         507.892   -2195.073         507.212   -2195.286              11              11
  227        -450.691     215.821        -450.656     215.752             227             227
  155        -879.944     582.864        -880.042     583.218             155             155
   98         701.566   -1420.141         700.768   -1420.296              98              98
  178         755.111     -19.896         754.901     -20.130             178             178
   33        -107.221   -2212.639        -108.154   -2212.806              33              33
   24        1500.368     633.916        1500.431     633.049              24              24
   90        -693.811    1223.655        -693.524    1223.764              90              90
  159         527.798     388.477         527.747     388.365             159             159
  189        -866.405     476.224        -866.490     476.621             189             189
  236         520.996    -811.476         520.456    -811.628             236             236
  255        -631.253    1359.055        -631.072    1359.340             255             255
   46       -1601.415    -820.758       -1602.305    -820.071              46              46
  232        1694.747     -45.173        1694.028     -45.656             232             232
   68        1313.752      72.907        1313.382      72.633              68              68
   17        1046.239    -914.652        1045.697    -914.850              17              17
  156         412.200   -1594.704         411.504   -1594.980             156             156
   73        -869.045       3.751        -869.448       3.723              73              73
  132         750.987     191.285         750.485     190.746             132             132
  138         844.870    2027.813         845.043    2027.492             138             138
   74        1314.589     332.073        1314.360     331.852              74              74
  167         127.848     464.044         127.715     464.282             167             167
   57        -305.268   -2204.734        -306.455   -2204.639              57              57
   94         402.238    1176.048         401.992    1175.795              94              94
  196        1291.644   -1277.686        1290.678   -1278.236             196             196
  113         981.354    1661.427         981.478    1660.984             113             113
  162         953.882    -543.320         953.441    -543.650             162             162
   77       -1708.747    1135.145       -1708.889    1135.662              77              77
   74         961.116    -101.404         960.409    -101.648              74              74
    0       -1048.607    -956.760       -1049.565    -956.655               0              -0
   96       -1555.383    1352.890       -1555.986    1353.015              96              96
  250       -1632.657    2455.945       -1633.492    2456.427             250             250
   68        2482.499    1534.592        2481.303    1534.017              68              68
  153         -50.511     165.246         -52.175     165.361             153             153
  153        1642.090    3164.584        1640.986    3164.340             153             153
  218        1972.288     -89.057        1969.787     -89.234             218             218
   96         318.153    1433.941         314.935    1434.182              96              96
  250        2700.271    2112.991        2693.831    2112.816             250             250
