SINAL     NFT                         FFT                         NFT INVERSA     FFT INVERSA
-----     -----------------------     -----------------------     -----------     -----------
  137       65724.000       0.000       65724.000       0.000             137             137
  228         969.953    2532.993         969.968    2532.993             228             228
  152        -704.336    -612.183        -704.322    -612.181             152             152
  201         454.230     559.361         454.244     559.363             201             201
  169         348.069    -264.447         348.081    -264.445             169             169
  223        1588.593    -615.175        1588.605    -615.176             223             223
  234         578.878    -943.039         578.892    -943.039             234             234
   77       -1488.737     865.938       -1488.719     865.947              77              77
  235         394.184    -632.059         394.192    -632.053             235             235
  226         559.572   -1893.056         559.576   -1893.055             226             226
   62        -317.389     481.076        -317.374     481.081              62              62
  226         623.903    -263.161         623.913    -263.156             226             226
  238        1618.355   -1926.084        1618.358   -1926.091             238             238
    6        -402.232     398.439        -402.209     398.446               6               6
   47        -456.956    -810.039        -456.948    -810.026              47              47
  143         174.819   -2011.012         174.814   -2011.010             143             143
  204         402.036    -495.999         402.041    -496.005             204             204
  152        1758.034    -338.103        1758.049    -338.120             152             152
   34        -894.505    -500.714        -894.490    -500.703              34              34
  199         401.834     579.614         401.850     579.619             199             199
  244        2699.134   -2909.588        2699.123   -2909.619             244             244
  118       -1496.229     436.063       -1496.194     436.075             118             118
  146        1007.069    -873.852        1007.080    -873.869             146             146
    3        -250.731     334.888        -250.695     334.885               3               3
   52        -727.290     -61.026        -727.265     -61.020              52              52
   34         228.708    1920.492         228.769    1920.497              34              34
   79       -3106.118    -997.284       -3106.118    -997.218              79              79
  160         868.293    -474.089         868.294    -474.100             160             160
  195       -1854.084     552.648       -1854.064     552.686             195             195
  106         184.515     686.675         184.527     686.693             106             106
  224          25.114   -1236.360          25.096   -1236.336             224             224
  209         683.693   -1060.733         683.683   -1060.737             209             209
   40         615.262     283.461         615.288     283.467              40              40
  227        -113.098   -2693.645        -113.128   -2693.634             227             227
   51       -1075.827     778.626       -1075.792     778.659              51              51
   89        -946.172   -2734.982        -946.237   -2734.949              89              89
  227        2412.011   -1992.600        2411.981   -1992.675             227             227
  127       -2015.168    -382.881       -2015.155    -382.863             127             127
   77         497.664     899.446         497.685     899.423              77              77
  122        1384.774     -63.456        1384.797     -63.481             122             122
   46       -1099.242   -1356.988       -1099.243   -1356.959              46              46
  208       -1849.611    -699.709       -1849.634    -699.672             208             208
  104        2043.918   -1228.486        2043.892   -1228.563             104             104
    0       -1769.772    -245.667       -1769.766    -245.653               0               0
   95         992.228     316.409         992.239     316.347              95              95
  116        -783.902    1219.449        -783.859    1219.449             116             116
  170         394.581    1510.480         394.622    1510.475             170             170
  218         171.481    -459.028         171.473    -459.024             218             218
   10        -271.168     151.027        -271.171     151.031              10              10
  142        1441.213    -434.274        1441.196    -434.339             142             142
   76         685.914    2159.097         685.995    2159.073              76              76
  244        1136.758    -564.844        1136.759    -564.875             244             244
  236         819.217    1956.022         819.313    1956.003             236             236
   46         -50.077     239.216         -50.040     239.247              46              46
  251         827.259    1398.176         827.332    1398.194             251             251
   25         432.977   -1427.169         432.963   -1427.134              25              25
   39         993.699   -1327.317         993.704   -1327.344              39              39
  112       -1183.618     299.632       -1183.558     299.680             112             112
  178        -462.470    -790.924        -462.479    -790.896             178             178
  134         228.540      -8.734         228.564      -8.733             134             134
  136        -118.434   -1146.206        -118.448   -1146.202             136             136
   50         -14.734     478.717         -14.681     478.715              50              50
   11        -679.211    -697.425        -679.213    -697.393              11              11
    9         145.480    -267.211         145.490    -267.217               9               9
  250         475.781   -1543.833         475.761   -1543.886             250             250
  185       -1182.152    1164.529       -1182.058    1164.531             185             185
   79        -908.097    1252.358        -908.021    1252.382              79              79
  197       -1643.376    1353.577       -1643.332    1353.653             197             197
   29        2046.700    2363.613        2046.812    2363.582              29              29
  113        -374.973    -652.554        -374.929    -652.456             113             113
  161       -3409.825    -475.829       -3409.840    -475.617             161             161
    6         112.533   -1496.839         112.424   -1496.803               6               6
    5        -658.095   -1303.313        -658.196   -1303.273               5               5
  160        2241.190    -756.597        2241.150    -756.700             160             160
   94        -803.375   -2556.210        -803.473   -2556.224              94              94
  179         249.168    1850.009         249.253    1849.935             179             179
   95         428.361    1154.241         428.422    1154.228              95              95
  197         698.493     188.447         698.526     188.439             197             197
   58        -169.884    -453.782        -169.882    -453.767              58              58
  170         674.221     972.546         674.296     972.525             170             170
  113         674.732     515.095         674.822     515.121             113             113
   83       -1026.581   -2641.104       -1026.650   -2641.037              83              83
  212       -1795.561     270.609       -1795.523     270.668             212             212
   25        -838.418     323.506        -838.408     323.548              25              25
  212       -1244.464   -1231.805       -1244.566   -1231.776             212             212
  182         758.983    2737.378         759.104    2737.327             182             182
  102        -703.932     153.565        -703.947     153.667             102             102
   85        1055.245   -1604.833        1055.133   -1604.886              85              85
   51         100.313    1109.873         100.364    1109.850              51              51
  244        2154.999    1071.824        2155.092    1071.743             244             244
   32        -751.241    -960.594        -751.237    -960.510              32              32
  247         113.878    -540.084         113.884    -540.095             247             247
  136       -1130.647     238.957       -1130.615     239.009             136             136
   43         170.763     142.595         170.776     142.563              43              43
   13        -686.916    1772.794        -686.806    1772.838              13              13
  211        -233.933    1532.348        -233.861    1532.428             211             211
   93         662.399     638.385         662.432     638.447              93              93
   95         289.084    -577.179         289.070    -577.105              95              95
  146        -763.835     320.176        -763.811     320.328             146             146
  158         327.390   -2529.964         327.215   -2529.915             158             158
  132         -52.166    -672.579         -52.223    -672.573             132             132
   97         843.441    1057.285         843.501    1057.302              97              97
  144         894.117   -3118.487         893.937   -3118.493             144             144
  163         848.788    -333.169         848.830    -333.238             163             163
  213       -1010.045     350.264       -1009.967     350.398             213             213
  120       -1125.177   -3790.326       -1125.456   -3790.219             120             120
  105        1818.279   -3245.917        1818.058   -3246.187             105             105
  215        -435.727    1616.502        -435.578    1616.369             215             215
  101         641.633    1463.942         641.759    1463.830             101             101
   70        1227.808    2431.863        1228.080    2431.808              70              70
   47       -3060.105    -488.847       -3060.086    -488.567              47              47
  145         135.273     649.127         135.294     649.178             145             145
   81        -968.050   -1336.629        -968.178   -1336.499              81              81
  248        1220.523   -1756.053        1220.367   -1756.167             248             248
  122        1406.076     439.235        1406.179     439.093             122             122
  151       -1256.599    -749.488       -1256.574    -749.425             151             151
   42       -1216.771     -12.608       -1216.765     -12.582              42              42
   33        -385.176    1360.145        -385.097    1360.149              33              33
  204         -73.652    -217.289         -73.695    -217.293             204             204
   55        1422.265     821.923        1422.369     821.778              55              55
  254       -1707.132    2504.812       -1706.889    2504.990             254             254
  161        -652.367     -83.392        -652.388     -83.241             161             161
  255       -1162.723    -180.872       -1162.791    -180.722             255             255
   90         682.403     574.760         682.395     574.778              90              90
    3        -663.534   -1040.095        -663.672   -1039.986               3               3
   74        1272.875     674.694        1272.874     674.649              74              74
  122         756.177   -1357.798         756.070   -1357.803             122             122
  169         178.652    -462.780         178.614    -462.803             169             169
  242         630.899    1237.005         631.000    1237.000             242             242
   39         500.344    -799.489         500.289    -799.438              39              39
  162         309.922   -1569.230         309.799   -1569.245             162             162
  240         758.608    1094.324         758.724    1094.288             240             240
  147        -157.779   -1282.611        -157.871   -1282.540             147             147
  166          93.455      14.991          93.419      15.021             166             166
  152        2662.281    -889.611        2662.231    -889.778             152             152
  225         888.149   -2156.458         888.094   -2156.550             225             225
   59        -682.377      47.259        -682.271      47.261              59              59
   98        -182.072     154.786        -182.014     154.793              98              98
  131         462.994     -19.766         463.037     -19.777             131             131
    5         751.355   -1749.772         751.277   -1749.870               5               5
  110         733.231    1527.774         733.512    1527.689             110             110
  178       -1058.307    -440.105       -1058.205    -439.938             178             178
  205        -869.620   -2649.575        -869.769   -2649.555             205             205
  132       -1090.440    1936.787       -1090.209    1936.804             132             132
   38        1218.157     805.682        1218.371     805.614              38              38
  148       -3339.431      61.872       -3339.291      62.265             148             148
  119       -1404.946    -924.000       -1405.003    -923.812             119             119
   51       -2368.681    -723.917       -2368.747    -723.687              51              51
  223       -2535.946      11.242       -2536.053      11.497             223             223
   62         272.043    -658.083         271.877    -658.092              62              62
    7       -1489.789    -214.608       -1489.887    -214.454               7               7
   93        -892.898      14.267        -893.053      14.407              93              93
   26        1116.856   -1599.615        1116.564   -1599.678              26              26
   48        1099.443   -2392.798        1099.165   -2392.981              48              48
   50         385.501    -804.872         385.422    -805.094              50              50
  188          38.403    2102.206          38.605    2102.112             188             188
  186         818.171    -551.826         818.141    -551.935             186             186
  123        -412.111     841.566        -411.967     841.565             123             123
   91       -1571.045    -305.920       -1571.108    -305.803              91              91
   75         848.475    1459.895         848.580    1459.780              75              75
  255        -481.582     513.947        -481.535     514.026             255             255
  222         -32.917    1023.262         -32.840    1023.340             222             222
   36         259.049    -803.224         258.961    -803.168              36              36
   12        -196.644   -1033.562        -196.732   -1033.542              12              12
    5        -977.107    -715.864        -977.195    -715.841               5               5
   72        -704.008     427.388        -704.034     427.339              72              72
   39         147.355    2332.144         147.527    2332.077              39              39
  190         205.256    2676.179         205.495    2676.283             190             190
    2        -197.813     489.694        -197.813     489.949               2               2
   12         333.789   -1162.884         333.608   -1162.731              12              12
   20         108.444   -1715.333         108.217   -1715.270              20              20
  209        -200.728    -317.176        -200.817    -317.123             209             209
  212        -346.208    -587.324        -346.388    -587.216             212             212
   48        1554.377   -2313.130        1554.020   -2313.327              48              48
  177        1224.181    -296.891        1224.140    -297.150             177             177
  214         654.795    1202.192         654.947    1202.075             214             214
   27         879.067     101.953         879.116     101.884              27              27
   77         377.242    -497.028         377.253    -497.081              77              77
  184        -540.722     703.628        -540.605     703.680             184             184
  141         225.131     175.898         225.167     175.890             141             141
  205        -771.385     471.008        -771.339     471.113             205             205
   19         174.490    1125.707         174.582    1125.751              19              19
  252        -272.526     866.353        -272.468     866.527             252             252
  119          92.487     717.767          92.503     717.998             119             119
  209        -150.027   -2713.509        -150.468   -2713.321             209             209
  180        2086.623    -591.560        2086.482    -591.759             180             180
  202         726.567    -566.597         726.513    -566.590             202             202
  255         547.382   -1070.042         547.236   -1070.003             255             255
  197        1673.534   -1532.643        1673.367   -1532.761             197             197
  105         792.621   -2246.789         792.421   -2246.884             105             105
  134        1021.962    -533.468        1021.994    -533.589             134             134
   49         283.760   -3039.879         283.502   -3039.963              49              49
  183         344.305   -1517.647         344.240   -1517.886             183             183
   43        -519.420     -13.337        -519.303     -13.450              43              43
   45       -1109.338    -225.950       -1109.328    -225.937              45              45
  104        -470.156    -785.438        -470.296    -785.569             104             104
  189         543.044    2451.165         543.324    2450.992             189             189
   63         642.488     145.987         642.545     145.938              63              63
   62        -910.357     210.440        -910.340     210.583              62              62
   52         654.845    -622.629         654.668    -622.717              52              52
   48        3368.674     683.521        3368.862     683.108              48              48
    1         225.874   -1540.947         225.967   -1540.972               1               1
  185       -1785.536      -3.622       -1785.329      -3.440             185             185
  213       -2384.461   -1189.567       -2384.598   -1189.348             213             213
   91       -1163.846    1098.352       -1163.832    1098.424              91              91
    8        1031.825    -263.176        1031.713    -263.326               8               8
   84        -804.444    -279.905        -804.536    -279.859              84              84
  248         705.807     684.342         705.796     684.209             248             248
  124        1722.183     662.445        1722.294     662.293             124             124
  206        -292.810   -3101.497        -293.164   -3101.527             206             206
  251          54.117    1262.298          54.285    1262.112             251             251
  176         468.103    -133.180         468.061    -133.348             176             176
  145        1676.922    1132.925        1677.132    1132.590             145             145
   65        1081.468    1579.413        1081.885    1579.285              65              65
   14       -1524.337    -130.722       -1524.217    -130.447              14              14
   81         537.642    -868.032         537.609    -868.179              81              81
   67       -1605.469    2188.894       -1605.115    2189.083              67              67
  199         535.247     426.378         535.293     426.393             199             199
  120         146.789     199.966         146.863     200.018             120             120
   23         577.754     371.753         577.897     371.762              23              23
   39         -20.302    -677.235         -20.260    -677.170              39              39
  112          83.060     216.096          83.283     216.129             112             112
   74       -1906.589    -878.860       -1906.553    -878.569              74              74
  129       -1833.792     149.249       -1833.744     149.483             129             129
  205       -1608.198     602.775       -1608.188     603.046             205             205
  150        -612.887    -294.169        -613.055    -294.009             150             150
   47           1.274    -547.592           1.096    -547.555              47              47
   50         229.627   -1055.381         229.426   -1055.465              50              50
   16         423.564    -100.617         423.596    -100.827              16              16
  159       -2089.142    2157.004       -2088.871    2157.269             159             159
   35        1195.043    1717.323        1195.218    1717.334              35              35
  192        -223.882    -391.505        -223.895    -391.199             192             192
  155        -884.635   -2101.707        -884.941   -2101.436             155             155
  171       -1262.816   -1263.147       -1263.087   -1262.966             171             171
  147        -977.895    -903.170        -978.235    -903.089             147             147
   99        1002.121     -64.648        1001.916     -64.872              99              99
   41        1174.431     546.774        1174.457     546.623              41              41
  131        -419.978   -1549.079        -420.299   -1549.015             131             131
  120        2138.999       3.203        2138.965       2.793             120             120
   50         402.001     719.963         402.208     719.947              50              50
  111         310.902   -1965.354         310.707   -1965.396             111             111
  221       -1292.501    -329.564       -1292.517    -329.473             221             221
   86        -147.232    -153.528        -147.314    -153.572              86              86
  223        -366.226   -1244.107        -366.512   -1244.184             223             223
   46         975.043     199.102         975.010     198.726              46              46
  228         407.091    1505.739         407.342    1505.563             228             228
   70          19.272     -24.411          19.264     -24.492              70              70
   76         322.116    2160.103         322.429    2160.056              76              76
  114        1340.439     -85.465        1340.487     -85.563             114             114
   29        -278.273    -767.013        -278.269    -766.975              29              29
   71       -1119.500     774.504       -1119.378     774.657              71              71
   26         937.276     -17.980         937.274     -18.129              26              26
   91       -1435.426     859.867       -1435.342     860.145              91              91
  254        2469.197    -657.240        2469.094    -657.603             254             254
  133        -594.649     399.898        -594.428     399.999             133             133
  116        -211.784     -12.551        -211.685     -12.482             116             116
   53       -1722.000      -0.314       -1722.000       0.000              53              53
  151        -211.584      12.413        -211.684      12.482             151             151
  210        -594.202    -400.102        -594.427    -399.999             210             210
   91        2468.986     657.985        2469.092     657.610              91              91
  155       -1435.251    -860.438       -1435.339    -860.149             155             155
   70         937.273      18.284         937.274      18.130              70              70
   13       -1119.248    -774.821       -1119.377    -774.659              13              13
  241        -278.268     766.935        -278.272     766.975             241             241
  117        1340.536      85.672        1340.486      85.566             117             117
  216         322.773   -2160.005         322.434   -2160.055             216             216
  219          19.256      24.581          19.265      24.493             219             219
  251         407.618   -1505.370         407.343   -1505.562             251             251
   56         974.973    -198.313         975.010    -198.726              56              56
  107        -366.834    1244.271        -366.516    1244.185             107             107
  101        -147.406     153.621        -147.314     153.573             101             101
  201       -1292.535     329.368       -1292.518     329.471             201             201
   33         310.482    1965.444         310.705    1965.396              33              33
  108         402.448    -719.924         402.210    -719.944             108             108
   53        2138.925      -2.310        2138.964      -2.786              53              53
   54        -420.678    1548.940        -420.303    1549.015              54              54
   83        1174.488    -546.445        1174.458    -546.622              83              83
   96        1001.672      65.140        1001.915      64.875              96              96
   23        -978.639     902.992        -978.236     903.088              23              23
   60       -1263.415    1262.748       -1263.090    1262.964              60              60
  144        -885.315    2101.107        -884.945    2101.434             144             144
  240        -223.913     390.826        -223.897     391.199             240             240
  253        1195.436   -1717.341        1195.221   -1717.330             253             253
  211       -2088.530   -2157.604       -2088.866   -2157.275             211             211
  181         423.635     101.090         423.596     100.828             181             181
  220         229.171    1055.573         229.423    1055.467             220             220
  181           0.869     547.510           1.094     547.557             181             181
  111        -613.269     293.803        -613.055     294.007             111             111
  110       -1608.172    -603.397       -1608.186    -603.048             110             110
   29       -1833.681    -149.794       -1833.743    -149.488              29              29
   68       -1906.510     878.184       -1906.556     878.566              68              68
   26          83.578    -216.170          83.284    -216.128              26              26
  168         -20.207     677.083         -20.262     677.169             168             168
  115         578.091    -371.771         577.899    -371.761             115             115
  124         146.965    -200.086         146.864    -200.017             124             124
  109         535.360    -426.415         535.296    -426.392             109             109
  172       -1604.625   -2189.345       -1605.111   -2189.085             172             172
    0         537.560     868.388         537.607     868.183              -0               0
   25       -1524.052     130.058       -1524.219     130.444              25              25
  222        1082.474   -1579.100        1081.889   -1579.281             222             222
  226        1677.431   -1132.112        1677.133   -1132.588             226             226
  128         467.999     133.591         468.059     133.351             128             128
  188          54.529   -1261.843          54.287   -1262.111             188             188
  193        -293.684    3101.570        -293.171    3101.527             193             193
  181        1722.459    -662.068        1722.295    -662.291             181             181
  198         705.783    -684.009         705.797    -684.207             198             198
  120        -804.672     279.789        -804.536     279.858             120             120
  126        1031.543     263.555        1031.712     263.329             126             126
   79       -1163.807   -1098.536       -1163.829   -1098.427              79              79
  137       -2384.810    1189.005       -2384.601    1189.342             137             137
  225       -1785.008       3.156       -1785.327       3.437             225             225
    2         226.107    1541.009         225.964    1540.971               2               2
  249        3369.156    -682.457        3368.863    -683.102             249             249
  126         654.387     622.859         654.666     622.719             126             126
  245        -910.314    -210.810        -910.340    -210.584             245             245
  103         642.634    -145.856         642.545    -145.936             103             103
   40         543.780   -2450.712         543.328   -2450.991              40              40
   90        -470.527     785.781        -470.299     785.568              90              90
  157       -1109.313     225.915       -1109.328     225.936             157             157
  173        -519.111      13.636        -519.303      13.449             173             173
   15         344.129    1518.285         344.239    1517.886              15              15
    5         283.056    3040.104         283.496    3039.963               5               5
   75        1022.047     533.803        1021.994     533.594              75              75
  210         792.068    2247.050         792.415    2246.886             210             210
  185        1673.074    1532.971        1673.365    1532.764             185             185
   70         546.977    1069.933         547.234    1070.002              70              70
  150         726.416     566.585         726.512     566.594             150             150
  231        2086.228     592.117        2086.479     591.763             231             231
  169        -151.266    2712.986        -150.474    2713.321             169             169
  218          92.532    -718.417          92.504    -718.000             218             218
   52        -272.362    -866.843        -272.467    -866.527              52              52
  191         174.753   -1125.829         174.584   -1125.750             191             191
  203        -771.254    -471.308        -771.339    -471.114             203             203
   95         225.236    -175.876         225.167    -175.890              95              95
   37        -540.385    -703.778        -540.604    -703.680              37              37
   24         377.276     497.180         377.253     497.081              24              24
  207         879.210    -101.750         879.116    -101.883             207             207
  113         655.244   -1201.846         654.949   -1202.073             113             113
  231        1224.055     297.662        1224.138     297.155             231             231
  123        1553.311    2313.717        1554.013    2313.330             123             123
  170        -346.748     587.002        -346.390     587.215             170             170
  152        -200.995     317.013        -200.817     317.120             152             152
  196         107.758    1715.146         108.215    1715.272             196             196
  255         333.236    1162.420         333.604    1162.730             255             255
  255        -197.811    -490.473        -197.812    -489.950             255             255
   62         206.002   -2676.501         205.502   -2676.284              62              62
   98         147.893   -2331.934         147.532   -2332.075              98              98
  160        -704.088    -427.238        -704.034    -427.341             160             160
  255        -977.384     715.789        -977.196     715.840             255             255
  121        -196.924    1033.499        -196.734    1033.541             121             121
   70         258.768     803.049         258.959     803.171              70              70
   70         -32.665   -1023.511         -32.836   -1023.340              70              70
  115        -481.427    -514.201        -481.533    -514.027             115             115
  190         848.819   -1459.519         848.584   -1459.778             190             190
  198       -1571.251     305.540       -1571.109     305.802             198             198
  246        -411.640    -841.569        -411.967    -841.567             246             246
   52         818.068     552.186         818.139     551.936              52              52
  165          39.080   -2101.893          38.611   -2102.111             165             165
  191         385.233     805.610         385.419     805.096             191             191
  113        1098.503    2393.414        1099.158    2392.984             113             113
   59        1115.866    1599.828        1116.560    1599.680              59              59
  160        -893.427     -14.743        -893.055     -14.407             160             160
  208       -1490.127     214.079       -1489.888     214.452             208             208
  151         271.465     658.114         271.873     658.092             151             151
   63       -2536.314     -12.132       -2536.052     -11.503              63              63
  127       -2368.911     723.104       -2368.749     723.680             127             127
  100       -1405.149     923.339       -1405.006     923.811             100             100
  125       -3338.932     -63.269       -3339.289     -62.274             125             125
  235        1218.917    -805.440        1218.370    -805.612             235             235
   78       -1089.602   -1936.850       -1090.203   -1936.806              78              78
   22        -870.166    2649.502        -869.774    2649.554              22              22
   77       -1057.934     439.492       -1058.205     439.934              77              77
   33         734.264   -1527.460         733.516   -1527.688              33              33
  103         751.066    1750.139         751.275    1749.872             103             103
  124         463.153      19.809         463.039      19.779             124             124
   14        -181.853    -154.816        -182.011    -154.795              14              14
  182        -681.976     -47.269        -682.272     -47.262             182             182
  156         887.935    2156.813         888.089    2156.553             156             156
   64        2662.088     890.261        2662.229     889.787              64              64
  255          93.317     -15.110          93.420     -15.023             255             255
   20        -158.141    1282.336        -157.873    1282.540              20              20
   65         759.065   -1094.183         758.727   -1094.287              65              65
  227         309.434    1569.289         309.795    1569.245             227             227
  243         500.123     799.290         500.287     799.440             243             243
  217         631.303   -1236.985         631.000   -1237.000             217             217
  141         178.497     462.870         178.613     462.802             141             141
  198         755.727    1357.826         756.065    1357.805             198             198
  178        1272.878    -674.506        1272.877    -674.648             178             178
   93        -664.109    1039.638        -663.674    1039.984              93              93
   97         682.373    -574.835         682.396    -574.777              97              97
  127       -1163.011     180.237       -1162.792     180.719             127             127
  217        -652.457      82.745        -652.389      83.238             217             217
  134       -1706.083   -2505.583       -1706.885   -2504.993             134             134
   60        1422.715    -821.284        1422.370    -821.774              60              60
  157         -73.842     217.308         -73.696     217.294             157             157
  154        -384.824   -1360.168        -385.094   -1360.151             154             154
   90       -1216.742      12.482       -1216.763      12.578              90              90
  143       -1256.490     749.199       -1256.576     749.423             143             143
  160        1406.536    -438.588        1406.178    -439.089             160             160
  133        1219.811    1756.576        1220.365    1756.170             133             133
  126        -968.640    1336.027        -968.180    1336.497             126             126
  196         135.375    -649.361         135.295    -649.177             196             196
  204       -3060.021     487.523       -3060.088     488.560             204             204
  134        1229.102   -2431.596        1228.086   -2431.805             134             134
   65         642.241   -1463.410         641.762   -1463.829              65              65
  133        -435.001   -1615.867        -435.574   -1616.369             133             133
   81        1817.196    3247.234        1818.051    3246.192              81              81
  204       -1126.559    3789.796       -1125.465    3790.216             204             204
  127       -1009.656    -350.927       -1009.966    -350.400             127             127
  176         848.996     333.523         848.829     333.241             176             176
   67         893.190    3118.521         893.927    3118.495              67              67
   36         843.750   -1057.365         843.504   -1057.300              36              36
  239         -52.460     672.552         -52.223     672.573             239             239
  250         326.473    2529.712         327.209    2529.916             250             250
   28        -763.711    -320.977        -763.812    -320.331              28              28
  237         289.011     576.788         289.070     577.104             237             237
  203         662.577    -638.712         662.433    -638.445             203             203
  185        -233.532   -1532.780        -233.857   -1532.428             185             185
  178        -686.305   -1773.036        -686.802   -1772.839             178             178
  119         170.832    -142.421         170.775    -142.564             119             119
  194       -1130.465    -239.257       -1130.614    -239.012             194             194
  180         113.907     540.151         113.883     540.096             180             180
  240        -751.228     960.111        -751.240     960.508             240             240
   47        2155.541   -1071.349        2155.096   -1071.739              47              47
   12         100.617   -1109.733         100.366   -1109.849              12              12
  168        1054.568    1605.156        1055.127    1604.889             168             168
  222        -704.022    -154.176        -703.948    -153.669             222             222
  165         759.726   -2737.062         759.109   -2737.324             165             165
   82       -1245.087    1231.616       -1244.566    1231.773              82              82
  182        -838.358    -323.773        -838.408    -323.551             182             182
  220       -1795.323    -270.989       -1795.523    -270.673             220             220
  175       -1027.023    2640.669       -1026.655    2641.033             175             175
  121         675.309    -515.257         674.822    -515.120             121             121
   30         674.719    -972.404         674.299    -972.523              30              30
   22        -169.876     453.685        -169.882     453.767              22              22
  224         698.709    -188.385         698.526    -188.437             224             224
   96         428.783   -1154.149         428.426   -1154.227              96              96
   42         249.764   -1849.497         249.258   -1849.934              42              42
   56        -804.071    2556.304        -803.478    2556.222              56              56
   66        2240.904     757.330        2241.148     756.705              66              66
  237        -658.820    1303.025        -658.199    1303.272             237             237
  217         111.730    1496.581         112.418    1496.802             217             217
  156       -3409.938     474.251       -3409.841     475.607             156             156
  164        -374.661     651.827        -374.933     652.455             164             164
  145        2047.557   -2363.369        2046.817   -2363.578             145             145
  148       -1643.039   -1354.172       -1643.329   -1353.658             148             148
   59        -907.501   -1252.549        -908.017   -1252.385              59              59
  150       -1181.408   -1164.552       -1182.055   -1164.535             150             150
    3         475.621    1544.256         475.760    1543.886               3               3
  200         145.557     267.274         145.490     267.219             200             200
  143        -679.231     697.152        -679.213     697.392             143             143
  220         -14.293    -478.702         -14.681    -478.715             220             220
   25        -118.557    1146.174        -118.448    1146.202              25              25
   99         228.743       8.731         228.564       8.734              99              99
   92        -462.551     790.669        -462.480     790.894              92              92
  136       -1183.077    -300.086       -1183.558    -299.685             136             136
  218         993.740    1327.572         993.702    1327.345             218             218
   20         432.822    1426.848         432.958    1427.134              20              20
  202         827.973   -1398.343         827.336   -1398.193             202             202
  177         -49.729    -239.509         -50.041    -239.245             177             177
  132         820.194   -1955.829         819.319   -1956.001             132             132
    3        1136.760     565.168        1136.758     564.878               3               3
  177         686.759   -2158.842         686.000   -2159.071             177             177
  205        1441.033     434.951        1441.196     434.341             205             205
  171        -271.198    -151.078        -271.171    -151.033             171             171
  222         171.373     458.983         171.469     459.025             222             222
   96         395.066   -1510.410         394.627   -1510.473              96              96
   16        -783.413   -1219.457        -783.858   -1219.451              16              16
  195         992.356    -315.683         992.240    -316.345             195             195
  150       -1769.698     245.482       -1769.765     245.650             150             150
   18        2043.581    1229.439        2043.889    1228.567              18              18
  237       -1849.899     699.227       -1849.635     699.666             237             237
  228       -1099.271    1356.609       -1099.245    1356.957             228             228
  126        1385.084      63.806        1384.797      63.484             126             126
   33         497.946    -899.127         497.686    -899.421              33              33
   13       -2014.998     382.615       -2015.156     382.859              13              13
   64        2411.574    1993.693        2411.977    1992.681              64              64
  123        -947.155    2734.476        -946.242    2734.946             123             123
  215       -1075.307    -779.119       -1075.792    -778.659             215             215
  170        -113.591    2693.466        -113.133    2693.632             170             170
  167         615.684    -283.552         615.289    -283.465             167             167
   20         683.493    1060.802         683.680    1060.737              20              20
  177          24.779    1235.974          25.093    1236.338             177             177
  255         184.742    -686.996         184.528    -686.694             255             255
   21       -1853.705    -553.381       -1854.062    -552.690              21              21
  246         868.298     474.313         868.294     474.102             246             246
  232       -3106.124     995.917       -3106.119     997.209             232             232
   50         229.985   -1920.598         228.775   -1920.498              50              50
  214        -726.764      60.879        -727.266      61.018             214             214
  237        -249.942    -334.851        -250.697    -334.887             237             237
   92        1007.301     874.273        1007.078     873.871              92              92
   59       -1495.375    -436.386       -1496.192    -436.078              59              59
   97        2698.815    2910.439        2699.119    2909.624              97              97
  244         402.287    -579.735         401.853    -579.617             244             244
    5        -894.117     500.376        -894.492     500.701               5               5
   57        1758.489     338.660        1758.051     338.124              57              57
   10         402.217     496.188         402.040     496.004              10              10
  147         174.539    2010.954         174.808    2011.011             147             147
   41        -456.703     809.535        -456.949     810.025              41              41
  196        -401.313    -398.728        -402.208    -398.447             196             196
  151        1618.439    1926.425        1618.354    1926.094             151             151
  129         624.335     262.967         623.913     263.158             129             129
  197        -316.559    -481.333        -317.371    -481.083             197             197
   78         559.733    1893.031         559.573    1893.055              78              78
  191         394.722     631.688         394.192     632.053             191             191
   22       -1487.351    -866.744       -1488.717    -865.953              22              22
   83         580.058     943.022         578.889     943.039              83              83
  121        1589.853     615.319        1588.605     615.179             121             121
   62         349.630     264.102         348.079     264.444              62              62
  133         456.642    -559.587         454.246    -559.363             133             133
  162        -701.010     611.485        -704.323     612.178             162             162
   44         977.868   -2532.899         969.974   -2532.992              44              44
