SINAL     NFT                         FFT                         NFT INVERSA     FFT INVERSA
-----     -----------------------     -----------------------     -----------     -----------
   30       65879.000       0.000       65879.000       0.000              30              30
  230         259.315   -2113.906         259.329   -2113.905             230             230
   62        -641.131   -1242.443        -641.118   -1242.442              62              62
   99          44.635    -366.806          44.648    -366.806              99              99
   58        1090.387    -199.587        1090.402    -199.589              58              58
  172        -958.447    -859.032        -958.433    -859.030             172             172
  198        -223.467     507.001        -223.448     507.002             198             198
   48       -1311.774    -970.977       -1311.759    -970.971              48              48
    5       -3010.871     476.106       -3010.857     476.122               5               5
  165        -523.198    -415.040        -523.192    -415.033             165             165
  181        -677.009     -73.983        -677.002     -73.974             181             181
  228         732.450   -1177.416         732.452   -1177.415             228             228
  232        -185.315   -1256.868        -185.312   -1256.863             232             232
   93        -626.212   -2374.837        -626.219   -2374.834              93              93
  168         377.093   -1552.109         377.090   -1552.125             168             168
   26        1034.310    1608.400        1034.340    1608.383              26              26
  165        -928.084   -1274.380        -928.077   -1274.374             165             165
  217       -1307.304      90.816       -1307.293      90.816             217             217
  226         289.185    2156.542         289.220    2156.536             226             226
  203        -886.424    -482.011        -886.417    -481.996             203             203
  230        -236.521    -816.711        -236.521    -816.714             230             230
  167        -882.415    1655.398        -882.385    1655.407             167             167
  112        -367.759    -972.758        -367.766    -972.754             112             112
  129       -1357.200    1526.734       -1357.183    1526.753             129             129
   59        1670.937   -2302.371        1670.900   -2302.406              59              59
  121         729.233    2400.852         729.287    2400.820             121             121
  167        -746.715    2664.711        -746.661    2664.734             167             167
   50        1115.238    -403.911        1115.242    -403.915              50              50
  171        -393.386     659.476        -393.359     659.489             171             171
   68         338.713    1202.075         338.744    1202.082              68              68
   15        1627.013     800.170        1627.053     800.162              15              15
   89        -582.345     534.628        -582.296     534.665              89              89
  255       -1110.139     561.680       -1110.098     561.747             255             255
  149       -1189.286   -3512.807       -1189.339   -3512.761             149             149
  170       -1538.311     380.745       -1538.295     380.779             170             170
  237         138.558    -497.722         138.562    -497.707             237             237
  226       -2990.914   -1302.907       -2990.941   -1302.825             226             226
  239        -106.052   -1165.792        -106.094   -1165.787             239             239
   53       -1444.045   -1462.673       -1444.097   -1462.651              53              53
   27         196.759    -289.379         196.725    -289.408              27              27
  247         843.206    1577.250         843.235    1577.229             247             247
  178         -67.764    -803.726         -67.792    -803.709             178             178
   74         498.922   -1351.199         498.879   -1351.222              74              74
  176        -277.541    -238.924        -277.564    -238.945             176             176
   95        2176.724    2089.750        2176.775    2089.683              95              95
  112        1200.073     631.633        1200.115     631.627             112             112
  169          27.720   -1073.199          27.713   -1073.184             169             169
  162         744.444     112.960         744.475     112.936             162             162
  178         -60.836    1016.708         -60.763    1016.732             178             178
  254       -3002.828   -1758.675       -3002.887   -1758.571             254             254
  208        1735.218    1283.993        1735.237    1283.947             208             208
  138         333.459   -1561.236         333.425   -1561.236             138             138
    8        -402.758     743.692        -402.727     743.705               8               8
  245        1039.063     263.018        1039.088     263.008             245             245
  144       -1061.676    -697.392       -1061.683    -697.335             144             144
   44        -388.663     764.463        -388.647     764.514              44              44
  221         467.314   -2483.918         467.216   -2483.903             221             221
  241          35.808    -478.263          35.783    -478.259             241             241
  119         975.126   -1329.606         975.071   -1329.627             119             119
   39        1354.743   -2906.546        1354.655   -2906.630              39              39
   13         328.603     478.810         328.657     478.738              13              13
  177        -809.224    2167.159        -809.130    2167.204             177             177
  180        1003.935   -2385.211        1003.841   -2385.224             180             180
   13        1728.011   -1254.840        1728.004   -1254.937              13              13
  179        -380.965    -679.720        -380.938    -679.749             179             179
   32         678.960    1320.603         679.078    1320.565              32              32
  207       -2000.935   -2227.742       -2000.976   -2227.665             207             207
  162       -1147.305    -421.956       -1147.311    -421.955             162             162
   83       -1392.056    -916.439       -1392.111    -916.441              83              83
   28         707.361      18.147         707.354      18.025              28              28
   72        -811.771    2217.780        -811.666    2217.751              72              72
  202        -546.277    1588.833        -546.229    1588.833             202             202
  124        1167.534    2270.459        1167.636    2270.422             124             124
   73        -253.336    -189.750        -253.330    -189.712              73              73
  200         146.424     290.681         146.447     290.666             200             200
   11          93.451    1576.199          93.545    1576.203              11              11
   10        -615.358     642.200        -615.314     642.269              10              10
  212          34.826    -387.810          34.818    -387.794             212             212
  198       -1193.303    1082.652       -1193.256    1082.733             198             198
  120         244.899    -743.590         244.834    -743.586             120             120
  196         942.183     791.510         942.233     791.465             196             196
   69        -966.422     234.722        -966.400     234.786              69              69
  113         164.667     801.165         164.702     801.176             113             113
  248        -970.079       3.697        -970.105       3.765             248             248
   50        1062.766    1864.014        1062.834    1864.001              50              50
  168         802.315      36.735         802.324      36.775             168             168
  139         939.477    -456.005         939.505    -455.984             139             139
  127       -2551.821   -1024.837       -2551.864   -1024.645             127             127
   94        -282.714    -887.887        -282.827    -887.845              94              94
  218         472.615    -744.599         472.523    -744.620             218             218
  204         466.436     362.797         466.415     362.794             204             204
  163         542.222   -1548.580         542.080   -1548.601             163             163
  208        2519.664     924.667        2519.705     924.536             208             208
   41        1337.120   -2112.635        1337.048   -2112.708              41              41
  145        -358.513     704.961        -358.434     704.968             145             145
   85         443.504   -1355.329         443.426   -1355.377              85              85
  161         986.313    1572.045         986.429    1571.972             161             161
  120        -181.729    -587.824        -181.762    -587.796             120             120
  156        1887.689    1034.975        1887.767    1034.876             156             156
  239         700.744     109.826         700.798     109.846             239             239
  138        1507.722   -1329.262        1507.709   -1329.326             138             138
  231        -309.675     355.303        -309.574     355.350             231             231
  246        1166.627   -1432.227        1166.626   -1432.277             246             246
   45       -1624.586   -1008.226       -1624.571   -1008.155              45              45
  196         -60.580    1580.022         -60.435    1580.035             196             196
  149        -979.394   -1549.375        -979.474   -1549.278             149             149
   59          24.809    -312.609          24.791    -312.638              59              59
  145         439.561     923.975         439.653     923.951             145             145
  202         -21.941     450.420         -21.858     450.493             202             202
   62       -1016.914   -2466.834       -1017.058   -2466.745              62              62
  182        -536.298     498.730        -536.292     498.742             182             182
   90        2045.232    -740.108        2045.213    -740.269              90              90
  131       -1023.484    1158.328       -1023.328    1158.394             131             131
  183        -492.218    1440.586        -492.090    1440.715             183             183
  222        -635.082   -1495.218        -635.192   -1495.062             222             222
  221        -117.725   -1002.425        -117.819   -1002.348             221             221
   76         143.097   -2305.759         142.889   -2305.743              76              76
  217        2198.016   -1584.692        2197.924   -1584.895             217             217
   29         743.987    -766.197         744.049    -766.301              29              29
   92       -1024.853    -800.304       -1024.800    -800.268              92              92
    2       -1799.801   -1070.188       -1799.852   -1070.118               2               2
  229        -502.310    -193.784        -502.338    -193.834             229             229
   17        -999.149      20.860        -999.196      20.834              17              17
  148        1475.101    2998.728        1475.317    2998.609             148             148
   65        -472.851    -446.490        -472.876    -446.371              65              65
  178         926.003    -212.688         925.999    -212.714             178             178
   94        -734.735    -153.620        -734.751    -153.484              94              94
  219        2457.493   -2952.702        2457.299   -2952.898             219             219
   52        -901.056    -445.993        -901.000    -446.000              52              52
  184         549.431      36.539         549.509      36.448             184             184
  137       -1722.868    -545.463       -1722.874    -545.356             137             137
   25         867.544     504.974         867.608     504.888              25              25
  254        -435.137   -1134.054        -435.159   -1134.021             254             254
  201       -1449.512    -786.550       -1449.557    -786.478             201             201
  220        -487.252    -689.641        -487.345    -689.688             220             220
   80         718.104    1237.226         718.216    1237.129              80              80
  166        -640.730   -2188.225        -640.904   -2188.232             166             166
  197         138.514    1017.047         138.604    1016.913             197             197
  117         149.917     517.461         149.982     517.384             117             117
  169         312.666     601.321         312.769     601.241             169             169
  247       -1148.304     397.154       -1148.244     397.205             247             247
  146         315.902    1313.843         316.029    1313.779             146             146
  132       -1241.863    1862.483       -1241.714    1862.659             132             132
  179        1213.494    -835.947        1213.390    -835.988             179             179
   25         431.036     382.274         431.120     382.268              25              25
  135        -280.481    -469.075        -280.481    -469.004             135             135
    5         346.350    -522.622         346.357    -522.623               5               5
   97       -1109.988   -1868.536       -1110.127   -1868.470              97              97
  179           4.476    -539.461           4.429    -539.597             179             179
  224         138.025    1563.572         138.231    1563.474             224             224
  143       -2322.758      37.101       -2322.773      37.276             143             143
  172         416.705    2524.310         416.859    2524.301             172             172
  128         368.643   -1273.735         368.465   -1273.708             128             128
   78         960.892     222.604         960.893     222.496              78              78
    2        1101.788     199.380        1101.846     199.294               2               2
  241         406.129   -1859.360         406.016   -1859.475             241             241
   97         319.942    2299.528         320.266    2299.425              97              97
  255        -608.803     292.037        -608.683     292.139             255             255
   84       -1609.100     150.200       -1609.088     150.398              84              84
  142         589.982   -1488.142         589.787   -1488.264             142             142
   38         451.445    1889.216         451.650    1889.084              38              38
  231         815.518    1920.869         815.776    1920.859             231             231
  210          -5.407    -617.908          -5.377    -617.804             210             210
  161        -899.562   -1059.582        -899.618   -1059.503             161             161
  100        -372.450     798.741        -372.361     798.719             100             100
  131        -142.032    2310.964        -141.806    2311.054             131             131
  243        1757.867    -185.053        1757.913    -185.065             243             243
  179        -885.632   -2027.229        -885.738   -2027.061             179             179
   22           2.395    -967.575           2.366    -967.616              22              22
  116        -693.217   -1067.534        -693.248   -1067.574             116             116
  127       -1293.511     809.256       -1293.399     809.243             127             127
  247         129.836    2551.623         130.135    2551.580             247             247
  193       -1336.608     782.485       -1336.526     782.701             193             193
  188         871.151     793.526         871.246     793.496             188             188
  198        -617.351     457.332        -617.231     457.466             198             198
  248       -1009.860    1091.412       -1009.720    1091.615             248             248
  167        -461.838    1026.905        -461.727    1027.134             167             167
   97       -1435.937   -1547.500       -1436.188   -1547.215              97              97
    0        1347.975    1149.157        1348.052    1149.098              -0               0
   77        -371.896    -192.291        -371.908    -192.052              77              77
   39         -97.092   -1844.436         -97.352   -1844.297              39              39
   59        1502.626    -780.005        1502.546    -780.129              59              59
  173         815.516   -1096.117         815.523   -1096.193             173             173
   68        -711.102     513.493        -710.879     513.637              68              68
   64       -2228.572   -1164.678       -2228.671   -1164.313              64              64
   25        -747.355    -581.116        -747.499    -580.938              25              25
  249         583.201   -1993.292         582.936   -1993.302             249             249
   11        -457.040   -1916.453        -457.253   -1916.440              11              11
    0         -70.344   -1856.541         -70.544   -1856.700              -0               0
  175       -1821.469    1625.054       -1821.325    1625.162             175             175
  146         278.193     -95.147         278.035     -95.168             146             146
  222        1888.420     365.644        1888.434     365.463             222             222
  147         363.046   -1339.743         362.939   -1339.748             147             147
  252         710.141    -637.485         710.139    -637.593             252             252
  202         386.916    -892.496         386.943    -892.580             202             202
  194       -1005.264    -388.021       -1005.187    -387.929             194             194
  111       -1472.295   -1884.542       -1472.526   -1884.490             111             111
   16        1210.860    1683.884        1211.152    1683.594              16              16
   54       -2935.721    1276.979       -2935.501    1277.434              54              54
   41       -1265.825   -2112.722       -1266.259   -2112.536              41              41
   88        1358.968     609.124        1358.938     608.888              88              88
   72         387.654     375.501         387.702     375.517              72              72
   66         831.249   -2020.124         831.045   -2020.223              66              66
  215        -611.407    -654.144        -611.413    -654.168             215             215
  185        -794.276    -271.997        -794.311    -271.995             185             185
   27        -341.694    -154.686        -341.788    -154.749              27              27
  222        2296.334     108.841        2296.408     108.406             222             222
   95        -201.404    1630.590        -200.946    1630.566              95              95
   22       -3417.999    1017.144       -3417.821    1017.698              22              22
   19         233.527    -630.233         233.353    -630.146              19              19
  188        -813.134   -2385.054        -813.517   -2385.022             188             188
   33        1133.470    1926.986        1133.737    1926.752              33              33
  220        -963.817    -894.876        -963.875    -894.735             220             220
  122        -893.862     565.469        -893.792     565.568             122             122
   61       -1147.581    -559.822       -1147.744    -559.694              61              61
   38         577.736    1336.732         577.859    1336.665              38              38
  229       -1263.508    -546.240       -1263.662    -545.999             229             229
    5         585.015     869.073         585.025     869.103               5               5
  150        -286.516   -2129.063        -286.916   -2128.923             150             150
  120        1136.196   -1769.451        1135.864   -1769.714             120             120
  152         767.401     188.723         767.447     188.474             152             152
  210       -1223.140     693.911       -1223.125     694.058             210             210
  210        2058.310    -602.320        2058.108    -602.606             210             210
  189        1926.129    -548.141        1926.133    -548.466             189             189
   18         143.845     306.893         144.016     306.860              18              18
   78         539.297   -1097.764         539.238   -1097.838              78              78
  213          17.916   -2142.867          17.701   -2143.056             213             213
  127          65.482    1040.459          65.697    1040.192             127             127
   30        1119.656    1996.575        1120.075    1996.360              30              30
   50          17.773    -228.278          17.950    -228.250              50              50
  120        -873.835    -202.718        -873.687    -202.649             120             120
  201       -1058.122    1483.841       -1057.776    1484.007             201             201
  147       -2143.501     -74.974       -2143.536     -74.534             147             147
  248         444.464   -1283.521         444.187   -1283.544             248             248
  154         600.219   -1267.635         600.081   -1267.816             154             154
  253        -810.664    -455.592        -810.665    -455.651             253             253
  167        -530.853    1117.399        -530.697    1117.355             167             167
  179        1033.148     597.669        1033.312     597.508             179             179
  189       -1618.674   -1033.915       -1618.768   -1033.744             189             189
   64         121.274    1311.408         121.463    1311.298              64              64
  185        -985.563     -45.322        -985.643     -45.205             185             185
  103        2841.890    1662.381        2842.211    1662.004             103             103
  196        -235.709   -2542.002        -235.823   -2541.983             196             196
  121       -1389.262     739.220       -1388.933     739.234             121             121
  122       -2134.526    1952.569       -2134.158    1952.894             122             122
  162       -1093.943    -332.482       -1094.053    -332.243             162             162
  115        -281.171    -467.792        -281.287    -467.794             115             115
   13        -392.959     380.564        -392.896     380.527              13              13
   18        -976.191    1362.456        -976.010    1362.609              18              18
  193         176.177    -343.737         176.075    -343.760             193             193
  246        -278.592     839.221        -278.486     839.228             246             246
  103        2039.143    1180.134        2039.515    1179.857             103             103
   44       -3550.647     340.773       -3550.430     341.463              44              44
   65       -2038.340     -79.718       -2038.574     -79.300              65              65
  244        2104.146     126.465        2104.056     126.200             244             244
  198        -449.962    -486.133        -449.953    -486.012             198             198
   20        -985.000      -0.170        -985.000       0.000              20              20
  201        -449.946     485.885        -449.954     486.009             201             201
    7        2103.964    -125.917        2104.055    -126.192               7               7
  183       -2038.813      78.862       -2038.574      79.293             183             183
   47       -3550.204    -342.188       -3550.429    -341.471              47              47
  234        2039.909   -1179.561        2039.519   -1179.852             234             234
  210        -278.369    -839.232        -278.483    -839.225             210             210
    4         175.968     343.785         176.075     343.760               4               4
   64        -975.814   -1362.769        -976.008   -1362.608              64              64
  223        -392.828    -380.489        -392.896    -380.528             223             223
  234        -281.416     467.800        -281.290     467.797             234             234
  209       -1094.173     331.978       -1094.053     332.239             209             209
  119       -2133.745   -1953.256       -2134.151   -1952.898             119             119
   43       -1388.566    -739.256       -1388.930    -739.239              43              43
   51        -235.957    2541.963        -235.829    2541.985              51              51
   43        2842.577   -1661.573        2842.216   -1661.997              43              43
   43        -985.735      45.069        -985.644      45.203              43              43
   43         121.684   -1311.173         121.466   -1311.298              43              43
  159       -1618.879    1033.543       -1618.770    1033.742             159             159
   92        1033.503    -597.315        1033.313    -597.504              92              92
  223        -530.511   -1117.305        -530.694   -1117.356             223             223
   35        -810.668     455.718        -810.666     455.649              35              35
  181         599.914    1268.036         600.079    1267.820             181             181
   70         443.853    1283.573         444.184    1283.546              70              70
   82       -2143.579      73.998       -2143.536      74.531              82              82
  229       -1057.348   -1484.213       -1057.772   -1484.009             229             229
  149        -873.502     202.563        -873.686     202.648             149             149
  168          18.165     228.216          17.948     228.249             168             168
  212        1120.604   -1996.090        1120.081   -1996.357             212             212
   24          65.974   -1039.856          65.702   -1040.191              24              24
  160          17.426    2143.296          17.697    2143.057             160             160
  216         539.161    1097.934         539.235    1097.840             216             216
  170         144.238    -306.818         144.017    -306.860             170             170
    2        1926.137     548.897        1926.132     548.472               2               2
  100        2057.842     602.991        2058.106     602.612             100             100
  245       -1223.103    -694.257       -1223.123    -694.062             245             245
   73         767.510    -188.137         767.448    -188.471              73              73
   84        1135.413    1770.071        1135.860    1769.717              84              84
  130        -287.464    2128.735        -286.922    2128.923             130             130
   52         585.041    -869.142         585.027    -869.102              52              52
   37       -1263.871     545.668       -1263.661     545.999              37              37
  110         578.031   -1336.570         577.860   -1336.663             110             110
  199       -1147.974     559.513       -1147.746     559.692             199             199
  201        -893.689    -565.711        -893.790    -565.572             201             201
   20        -963.957     894.534        -963.875     894.734              20              20
   37        1134.125   -1926.414        1133.742   -1926.748              37              37
  208        -814.073    2384.974        -813.521    2385.020             208             208
   65         233.097     630.020         233.350     630.147              65              65
  239       -3417.556   -1018.514       -3417.818   -1017.703             239             239
  251        -200.266   -1630.526        -200.943   -1630.564             251             251
  206        2296.517    -107.753        2296.407    -108.401             206             206
  168        -341.929     154.842        -341.788     154.748             168             168
  192        -794.364     271.994        -794.311     271.995             192             192
   30        -611.427     654.203        -611.416     654.166              30              30
   59         830.724    2020.376         831.039    2020.224              59              59
   67         387.777    -375.539         387.703    -375.515              67              67
  131        1358.890    -608.518        1358.938    -608.885             131             131
   27       -1266.950    2112.241       -1266.265    2112.534              27              27
  182       -2935.150   -1278.164       -2935.499   -1277.441             182             182
   69        1211.622   -1683.128        1211.155   -1683.592              69              69
  132       -1472.903    1884.403       -1472.529    1884.489             132             132
   34       -1005.059     387.779       -1005.186     387.928              34              34
   48         386.985     892.719         386.941     892.580              48              48
  174         710.133     637.770         710.136     637.593             174             174
   95         362.758    1339.758         362.938    1339.749              95              95
   32        1888.461    -365.148        1888.436    -365.458              32              32
   73         277.763      95.209         278.033      95.170              73              73
   83       -1821.072   -1625.352       -1821.322   -1625.165              83              83
  111         -70.895    1856.975         -70.547    1856.700             111             111
  218        -457.632    1916.413        -457.257    1916.438             218             218
   97         582.465    1993.320         582.933    1993.302              97              97
  166        -747.755     580.621        -747.500     580.937             166             166
  239       -2228.848    1163.658       -2228.672    1164.311             239             239
  134        -710.477    -513.899        -710.878    -513.639             134             134
  181         815.531    1096.333         815.521    1096.195             181             181
   46        1502.401     780.360        1502.546     780.133              46              46
  198         -97.835    1844.042         -97.355    1844.298             198             198
  218        -371.931     191.607        -371.909     192.052             218             218
   92        1348.199   -1148.986        1348.054   -1149.097              92              92
  157       -1436.671    1546.671       -1436.194    1547.210             157             157
   15        -461.510   -1027.573        -461.724   -1027.135              15              15
   95       -1009.443   -1092.010       -1009.717   -1091.617              95              95
  157        -616.998    -457.730        -617.231    -457.468             157             157
  136         871.436    -793.432         871.249    -793.494             136             136
  235       -1336.359    -783.135       -1336.523    -782.706             235             235
  166         130.745   -2551.493         130.143   -2551.580             166             166
   51       -1293.169    -809.223       -1293.397    -809.247              51              51
  162        -693.314    1067.656        -693.251    1067.573             162             162
   94           2.304     967.700           2.364     967.616              94              94
  170        -885.966    2026.713        -885.743    2027.059             170             170
  144        1758.008     185.098        1757.913     185.071             144             144
   79        -141.324   -2311.243        -141.801   -2311.055              79              79
  252        -372.168    -798.673        -372.358    -798.720             252             252
  127        -899.743    1059.332        -899.620    1059.502             127             127
   71          -5.313     617.580          -5.379     617.804              71              71
  192         816.341   -1920.835         815.781   -1920.857             192             192
    6         452.105   -1888.793         451.653   -1889.084               6               6
   20         589.346    1488.538         589.783    1488.266              20              20
    6       -1609.065    -150.853       -1609.090    -150.403               6               6
   12        -608.408    -292.371        -608.681    -292.140              12              12
  214         321.015   -2299.189         320.271   -2299.425             214             214
   51         405.750    1859.738         406.013    1859.474              51              51
  206        1101.981    -199.090        1101.845    -199.292             206             206
  212         960.894    -222.241         960.893    -222.494             212             212
  123         368.042    1273.646         368.465    1273.709             123             123
  205         417.236   -2524.277         416.864   -2524.300             205             205
   42       -2322.812     -37.706       -2322.774     -37.281              42              42
  245         138.740   -1563.233         138.235   -1563.472             245             245
   97           4.313     539.933           4.429     539.598              97              97
  186       -1110.482    1868.305       -1110.133    1868.468             186             186
   99         346.371     522.625         346.355     522.623              99              99
  223        -280.483     468.820        -280.482     469.002             223             223
  239         431.337    -382.250         431.122    -382.266             239             239
  149        1213.120     836.102        1213.389     835.991             149             149
   54       -1241.319   -1863.122       -1241.711   -1862.662              54              54
  205         316.370   -1313.607         316.033   -1313.777             205             205
   56       -1148.084    -397.342       -1148.243    -397.206              56              56
  150         313.051    -601.030         312.772    -601.242             150             150
  211         150.158    -517.175         149.982    -517.384             211             211
   22         138.853   -1016.544         138.607   -1016.911              22              22
   28        -641.391    2188.254        -640.909    2188.232              28              28
  191         718.533   -1236.854         718.219   -1237.126             191             191
   42        -487.609     689.820        -487.346     689.688              42              42
  144       -1449.685     786.271       -1449.558     786.476             144             144
   12        -435.222    1133.929        -435.159    1134.022              12              12
  219         867.800    -504.634         867.612    -504.885             219             219
   34       -1722.892     545.041       -1722.876     545.352              34              34
  238         549.743     -36.176         549.509     -36.446             238             238
   76        -900.833     446.022        -901.000     446.000              76              76
  147        2456.683    2953.513        2457.291    2952.904             147             147
   14        -734.803     153.066        -734.752     153.483              14              14
   98         925.988     212.806         925.999     212.717              98              98
  127        -472.951     445.998        -472.875     446.371             127             127
    8        1476.020   -2998.222        1475.324   -2998.605               8               8
  197        -999.342     -20.756        -999.195     -20.836             197             197
  249        -502.433     193.997        -502.340     193.834             249             249
  155       -1800.022    1069.882       -1799.853    1070.115             155             155
  188       -1024.637     800.149       -1024.804     800.267             188             188
  109         744.252     766.657         744.048     766.304             109             109
  121        2197.601    1585.594        2197.920    1584.901             121             121
   11         142.172    2305.690         142.886    2305.744              11              11
  156        -118.150    1002.078        -117.822    1002.348             156             156
   37        -635.582    1494.512        -635.194    1495.059              37              37
    5        -491.631   -1441.172        -492.088   -1440.716               5               5
  197       -1022.764   -1158.630       -1023.326   -1158.394             197             197
    1        2045.131     740.872        2045.209     740.276               1               1
  211        -536.262    -498.785        -536.290    -498.742             211             211
  192       -1017.615    2466.410       -1017.067    2466.743             192             192
    9         -21.542    -450.770         -21.856    -450.494               9               9
  187         440.008    -923.852         439.655    -923.949             187             187
  189          24.722     312.753          24.791     312.638             189             189
  243        -979.787    1548.900        -979.477    1549.276             243             243
  249         -59.860   -1580.091         -60.432   -1580.037             249             249
  142       -1624.519    1007.862       -1624.574    1008.150             142             142
  204        1166.614    1432.486        1166.623    1432.279             204             204
   78        -309.160    -355.545        -309.573    -355.351              78              78
  133        1507.655    1329.596        1507.708    1329.329             133             133
   40         701.026    -109.924         700.799    -109.843              40              40
    1        1888.100   -1034.450        1887.770   -1034.872               1               1
  219        -181.909     587.678        -181.764     587.796             219             219
  246         986.937   -1571.653         986.431   -1571.971             246             246
   29         443.062    1355.588         443.421    1355.377              29              29
    6        -358.080    -705.001        -358.433    -704.969               6               6
   88        1336.706    2113.045        1337.042    2112.711              88              88
  151        2519.897    -923.924        2519.707    -924.532             151             151
   60         541.404    1548.705         542.075    1548.602              60              60
  172         466.321    -362.777         466.416    -362.793             172             172
  132         472.073     744.723         472.519     744.620             132             132
  170        -283.366     887.644        -282.826     887.845             170             170
  221       -2552.089    1023.681       -2551.868    1024.637             221             221
   12         939.638     455.885         939.503     455.986              12              12
   71         802.371     -36.976         802.324     -36.774              71              71
   92        1063.196   -1863.930        1062.838   -1863.999              92              92
  156        -970.238      -4.127        -970.105      -3.769             156             156
  137         164.894    -801.242         164.704    -801.177             137             137
   65        -966.281    -235.133        -966.399    -234.789              65              65
  175         942.510    -791.213         942.235    -791.462             175             175
  231         244.472     743.559         244.831     743.585             231             231
   84       -1192.989   -1083.195       -1193.254   -1082.735              84              84
   59          34.765     387.697          34.816     387.792              59              59
  107        -615.059    -642.662        -615.314    -642.269             107             107
   19          94.112   -1576.226          93.550   -1576.203              19              19
  162         146.587    -290.575         146.447    -290.665             162             162
   79        -253.290     189.478        -253.330     189.711              79              79
  155        1168.261   -2270.192        1167.639   -2270.420             155             155
   40        -545.908   -1588.838        -546.224   -1588.834              40              40
  246        -810.989   -2217.564        -811.662   -2217.751             246             246
   67         707.305     -17.237         707.353     -18.024              67              67
  204       -1392.477     916.446       -1392.113     916.438             204             204
   88       -1147.349     421.950       -1147.310     421.954              88              88
  136       -2001.263    2227.144       -2000.981    2227.661             136             136
  115         679.899   -1320.307         679.082   -1320.564             115             115
   25        -380.752     679.950        -380.939     679.748              25              25
  149        1727.927    1255.645        1728.000    1254.940             149             149
   62        1003.126    2385.330        1003.835    2385.227              62              62
  104        -808.405   -2167.546        -809.125   -2167.205             104             104
  216         329.072    -478.188         328.657    -478.737             216             216
   71        1353.936    2907.291        1354.647    2906.633              71              71
   69         974.620    1329.803         975.068    1329.630              69              69
  116          35.572     478.222          35.780     478.260             116             116
  151         466.402    2483.793         467.213    2483.904             151             151
   32        -388.501    -764.952        -388.645    -764.516              32              32
   20       -1061.751     696.836       -1061.685     697.332              20              20
   35        1039.300    -262.909        1039.087    -263.005              35              35
  139        -402.450    -743.827        -402.726    -743.706             139             139
  165         333.093    1561.230         333.420    1561.236             165             165
   91        1735.430   -1283.508        1735.240   -1283.944              91              91
   56       -3003.458    1757.553       -3002.891    1758.563              56              56
  145         -60.051   -1016.959         -60.761   -1016.730             145             145
    0         744.770    -112.697         744.474    -112.935               0               0
   45          27.629    1073.040          27.711    1073.186              45              45
  169        1200.556    -631.544        1200.116    -631.624             169             169
   84        2177.332   -2088.941        2176.779   -2089.677              84              84
  220        -277.826     239.180        -277.565     238.945             220             220
  113         498.376    1351.469         498.874    1351.222             113             113
  120         -68.116     803.501         -67.793     803.709             120             120
  129         843.582   -1576.967         843.237   -1577.227             129             129
  205         196.307     289.757         196.725     289.408             205             205
  195       -1444.767    1462.347       -1444.102    1462.647             195             195
  247        -106.650    1165.717        -106.099    1165.786             247             247
  142       -2991.316    1301.719       -2990.943    1302.820             142             142
  169         138.604     497.500         138.561     497.707             169             169
  197       -1538.062    -381.279       -1538.294    -380.785             197             197
  156       -1190.146    3512.063       -1189.349    3512.755             156             156
  138       -1109.491    -562.764       -1110.098    -561.748             138             138
    3        -581.533    -535.299        -582.296    -534.671               3               3
  168        1627.723    -800.007        1627.055    -800.159             168             168
    4         339.273   -1202.188         338.747   -1202.082               4               4
   98        -392.893    -659.707        -393.358    -659.489              98              98
  200        1115.303     403.974        1115.241     403.915             200             200
  165        -745.622   -2665.184        -746.656   -2664.737             165             165
  213         730.352   -2400.189         729.291   -2400.819             213             213
  147        1670.117    2303.142        1670.896    2302.410             147             147
  239       -1356.775   -1527.205       -1357.181   -1526.757             239             239
  195        -367.941     972.660        -367.768     972.753             195             195
  204        -881.646   -1655.630        -882.382   -1655.408             204             204
   58        -236.530     816.808        -236.521     816.715              58              58
   40        -886.254     481.568        -886.418     481.993              40              40
   39         290.206   -2156.374         289.225   -2156.534              39              39
   50       -1306.943     -90.846       -1307.290     -90.820              50              50
  222        -927.878    1274.216        -928.079    1274.375             222             222
   81        1035.419   -1607.769        1034.344   -1608.381              81              81
   12         376.901    1552.735         377.085    1552.127              12              12
   91        -626.614    2374.725        -626.226    2374.834              91              91
    7        -185.194    1256.643        -185.314    1256.864               7               7
  144         732.480    1177.391         732.448    1177.416             144             144
  135        -676.670      73.492        -677.003      73.972             135             135
  144        -522.928     414.650        -523.194     415.032             144             144
  118       -3009.939    -477.218       -3010.857    -476.128             118             118
  244       -1310.803     970.424       -1311.763     970.968             244             244
    7        -221.883    -507.181        -223.447    -507.003               7               7
  121        -957.041     858.656        -958.433     859.025             121             121
  115        1092.270     199.827        1090.403     199.591             115             115
   45          46.804     366.770          44.647     366.806              45              45
   56        -637.996    1242.119        -641.120    1242.440              56              56
   86         265.698    2113.505         259.324    2113.903              86              86
