SINAL     NFT                         FFT                         NFT INVERSA     FFT INVERSA
-----     -----------------------     -----------------------     -----------     -----------
   33       65681.000       0.000       65681.000       0.000              33              33
  124         -85.919     963.259         -85.904     963.259             124             124
   79       -1678.420     376.932       -1678.406     376.935              79              79
   45        -581.208    -356.464        -581.196    -356.462              45              45
   97         125.798   -1440.224         125.807   -1440.223              97              97
  201        -520.246   -2129.485        -520.238   -2129.485             201             201
  195        -896.967     474.893        -896.954     474.893             195             195
  164        -654.523      76.788        -654.514      76.789             164             164
  139         942.449      99.204         942.456      99.200             139             139
  217        1148.502    -735.600        1148.509    -735.607             217             217
   37         822.458     914.442         822.475     914.440              37              37
   23        1495.270   -1418.157        1495.276   -1418.162              23              23
  175         620.699   -1330.160         620.708   -1330.164             175             175
  142         245.857   -1116.917         245.868   -1116.922             142             142
  102        -846.448   -1778.524        -846.447   -1778.528             102             102
  239         466.032     881.640         466.052     881.625             239             239
  167         617.548    -349.771         617.562    -349.783             167             167
  243        -198.501    -351.422        -198.483    -351.428             243             243
  180       -1426.710    -395.348       -1426.698    -395.343             180             180
  140       -1747.454    -304.989       -1747.460    -304.987             140             140
   58        3021.165    1706.721        3021.188    1706.669              58              58
   58        1787.521    1402.613        1787.570    1402.591              58              58
    2       -1780.233    -853.033       -1780.218    -853.010               2               2
  151         608.018      41.666         608.040      41.644             151             151
   56       -2516.264    1151.117       -2516.235    1151.147              56              56
   85        1122.219    -155.854        1122.220    -155.879              85              85
  208        -781.566    1816.539        -781.527    1816.550             208             208
   99         496.042    -373.394         496.040    -373.397              99              99
   37         573.788      81.673         573.797      81.661              37              37
  137        1062.127     -43.278        1062.144     -43.302             137             137
   61       -1094.434    1026.220       -1094.403    1026.243              61              61
  174        1190.855   -1764.808        1190.826   -1764.837             174             174
  133        1323.228    1156.888        1323.271    1156.844             133             133
   90         780.542      48.827         780.576      48.803              90              90
   48       -1035.227      26.857       -1035.207      26.864              48              48
  149        1601.349     412.124        1601.373     412.063             149             149
   69        1054.352    3588.294        1054.472    3588.273              69              69
  101         461.777     -56.952         461.825     -56.929             101             101
  235       -1120.758   -1416.454       -1120.751   -1416.422             235             235
  199         416.257     649.752         416.312     649.735             199             199
  146       -1411.755     500.555       -1411.702     500.602             146             146
   66        -233.324   -2075.240        -233.342   -2075.248              66              66
  146       -2018.534    1521.472       -2018.468    1521.498             146             146
  109         -24.466    1500.105         -24.412    1500.116             109             109
  219        -677.236    -800.860        -677.234    -800.828             219             219
   76        -238.388   -1002.842        -238.382   -1002.854              76              76
  232       -2580.316    1431.527       -2580.258    1431.587             232             232
  182         471.222    -187.615         471.226    -187.626             182             182
  226       -1823.215    -524.311       -1823.212    -524.270             226             226
   87       -1835.909    -472.177       -1835.938    -472.158              87              87
  239         425.068    1689.043         425.109    1688.997             239             239
    6       -1257.062      58.764       -1257.073      58.777               6               6
  195        1267.713    2011.132        1267.771    2011.055             195             195
  177         -77.713    3072.731         -77.587    3072.749             177             177
  149       -1815.625    -461.492       -1815.647    -461.411             149             149
  193        1528.712    2191.223        1528.783    2191.182             193             193
  236       -1234.608     816.248       -1234.571     816.338             236             236
  221         392.369   -1465.671         392.306   -1465.672             221             221
   68         842.409     824.519         842.458     824.471              68              68
   62        -418.025    1324.666        -417.946    1324.686              62              62
  180       -1532.445     783.625       -1532.414     783.702             180             180
  105        -390.723     398.137        -390.736     398.163             105             105
    9         653.638    1376.926         653.672    1376.920               9               9
  111        1138.280     245.031        1138.292     245.010             111             111
   36        1174.515    1540.804        1174.622    1540.784              36              36
   67       -1796.658    1761.048       -1796.560    1761.203              67              67
  222         898.730   -1657.249         898.667   -1657.214             222             222
  158        -427.088    -317.704        -427.073    -317.649             158             158
   20       -1395.648    -913.643       -1395.696    -913.550              20              20
  206         908.895   -1361.506         908.813   -1361.546             206             206
   28        1772.470     151.321        1772.516     151.225              28              28
  178        -819.821     505.544        -819.734     505.586             178             178
  188       -1295.263       8.310       -1295.227       8.385             188             188
   87       -2009.905    -307.886       -2009.936    -307.791              87              87
  153         455.911    1010.271         455.933    1010.263             153             153
   80        -755.899     -98.158        -755.920     -98.085              80              80
    2         199.874   -1618.239         199.768   -1618.262               2               2
  222         155.173    1887.971         155.239    1887.949             222             222
    9        2018.028     440.217        2018.066     440.149               9               9
  131        -556.158     465.059        -556.086     465.122             131             131
   90       -1067.638     295.595       -1067.621     295.697              90              90
  142         894.040    -455.528         894.022    -455.533             142             142
  129       -1389.439    -168.602       -1389.450    -168.501             129             129
   71        1211.126     439.667        1211.144     439.647              71              71
   40       -1032.738    -702.431       -1032.777    -702.325              40              40
   96        1205.871    -312.261        1205.848    -312.278              96              96
  107         436.600   -1681.279         436.552   -1681.272             107             107
   88       -1545.483    -696.662       -1545.507    -696.573              88              88
    1         193.386   -1540.873         193.289   -1540.904               1               1
  124       -1245.977     230.776       -1245.997     230.815             124             124
   29        1462.997       9.267        1462.965       9.178              29              29
  241         231.871    -327.789         231.860    -327.810             241             241
  126          70.881     763.165          70.921     763.184             126             126
   21         557.077   -2129.035         556.945   -2129.079              21              21
  161         782.523    1296.590         782.611    1296.512             161             161
  223        1053.422     313.612        1053.492     313.580             223             223
  187        -971.057    -499.024        -971.042    -498.927             187             187
  238        -293.474   -1620.848        -293.571   -1620.844             238             238
   88         649.012     489.185         649.082     489.109              88              88
  255       -3094.860     642.638       -3094.856     642.849             255             255
  133        2596.242    -436.120        2596.155    -436.252             133             133
   31         672.573   -1212.863         672.543   -1212.904              31              31
  249       -1318.578    -174.842       -1318.585    -174.762             249             249
  109        1206.466   -2009.005        1206.326   -2009.135             109             109
  141        -802.207     551.517        -802.178     551.482             141             141
    1        1839.478     713.579        1839.532     713.403               1               1
   17        -234.444    1218.335        -234.313    1218.334              17              17
  205        -174.963    1045.118        -174.879    1045.164             205             205
  155         532.988    -417.859         532.975    -417.865             155             155
   25         424.387     317.557         424.456     317.539              25              25
   33        -169.950     736.541        -169.819     736.604              33              33
  208       -3405.589    -750.877       -3405.667    -750.561             208             208
   59         301.474   -2494.556         301.165   -2494.591              59              59
   50        1550.191    -183.098        1550.101    -183.291              50              50
   98        2470.544     188.927        2470.585     188.670              98              98
  120         -30.163    2169.333         -29.928    2169.333             120             120
  159        -572.705    -271.391        -572.702    -271.303             159             159
   73        -726.206     193.932        -726.244     194.008              73              73
  255        1741.476     332.618        1741.440     332.535             255             255
  185        2994.092    -963.620        2994.091    -963.806             185             185
   15        -847.153    -807.867        -847.122    -807.803              15              15
  100        1424.691    -285.168        1424.747    -285.287             100             100
  230        -883.257    -666.002        -883.206    -665.949             230             230
  102       -1524.776    -414.431       -1524.798    -414.356             102             102
  196          87.843    1745.520          87.942    1745.556             196             196
  188         514.979   -2910.926         514.717   -2910.924             188             188
  207        1183.539   -2608.762        1183.328   -2609.012             207             207
  157        1124.233    1749.900        1124.415    1749.632             157             157
  233        1238.711    2314.143        1238.999    2314.000             233             233
  151       -1010.879    1221.226       -1010.712    1221.375             151             151
  187        1106.084   -1374.239        1106.005   -1374.306             187             187
  239        1040.126    -432.481        1040.208    -432.648             239             239
  142       -1506.707    2267.690       -1506.425    2267.795             142             142
   86          25.383     853.128          25.478     853.218              86              86
   91         122.975   -1168.906         122.902   -1168.845              91              91
    9         815.934   -1085.232         815.894   -1085.308               9               9
  103         329.684   -1223.844         329.666   -1223.956             103             103
   89         -75.061     862.064         -74.903     861.968              89              89
  148        1151.881    1733.271        1152.172    1733.159             148             148
  214       -1269.363     477.172       -1269.159     477.352             214             214
  233       -1419.388   -1091.004       -1419.395   -1090.850             233             233
   25       -1415.285    -725.327       -1415.321    -725.261              25              25
  200          -8.465     799.608          -8.357     799.526             200             200
  235       -1167.388    2356.076       -1167.127    2356.219             235             235
   43        -144.178    -745.896        -144.201    -745.803              43              43
  181       -1817.204      23.784       -1817.190      23.982             181             181
  118         656.357    -266.003         656.349    -266.038             118             118
   24       -1453.291    -227.554       -1453.273    -227.396              24              24
  199         365.948    -400.164         365.967    -400.175             199             199
   78       -2443.550   -1742.762       -2443.661   -1742.577              78              78
  122       -2812.771     639.053       -2812.830     639.247             122             122
  174         892.990     -18.558         892.840     -18.673             174             174
  224         492.985    -819.706         492.855    -819.833             224             224
  200          24.601     729.670          24.635     729.556             200             200
  116         828.987    1406.406         829.113    1406.269             116             116
  202         413.782    1179.821         413.933    1179.787             202             202
  171         212.820     699.529         212.951     699.542             171             171
  117        -395.882     805.975        -395.717     806.083             117             117
   44       -2469.388    -602.458       -2469.473    -602.151              44              44
   68         332.523    -524.861         332.381    -524.914              68              68
  101        -583.201     533.599        -583.230     533.625             101             101
   15        1780.527    1058.303        1780.605    1058.138              15              15
  109        -265.680     366.426        -265.609     366.525             109             109
  133         231.388    -264.786         231.378    -264.746             133             133
  227        -957.519      94.465        -957.535      94.652             227             227
  226         842.876   -2324.006         842.587   -2324.080             226             226
   74         121.885    -792.395         121.796    -792.510              74              74
   95         789.828    -341.677         789.820    -341.894              95              95
   80       -1363.056     952.147       -1362.984     952.179              80              80
  123        2443.751    1427.417        2443.918    1427.125             123             123
  125       -1664.389    -656.557       -1664.417    -656.437             125             125
   19         301.023    3019.282         301.288    3019.237              19              19
  183         881.381     602.054         881.419     602.101             183             183
  199         574.705   -1799.042         574.495   -1799.080             199             199
  114        1489.101     701.339        1489.219     701.104             114             114
   10         434.112    1327.481         434.349    1327.445              10              10
  192        -101.890     816.487        -101.754     816.591             192             192
  175        1492.842    -432.189        1492.870    -432.277             175             175
   74        -205.718    -252.565        -205.629    -252.518              74              74
  202           4.523    1397.635           4.760    1397.742             202             202
    9         304.415   -1377.492         304.335   -1377.352               9               9
  122         485.089   -3644.038         484.797   -3644.132             122             122
  143       -1695.242    -760.736       -1695.259    -760.746             143             143
   28        -163.429       8.632        -163.475       8.439              28              28
  208        1953.036    1163.866        1953.222    1163.440             208             208
  232         445.298    2677.800         445.766    2677.682             232             232
   91        1058.926    1950.165        1059.380    1950.156              91              91
  107        -968.913   -1320.139        -968.810   -1319.947             107             107
    3       -1903.494      -3.227       -1903.317      -3.064               3               3
  169       -1711.779    1323.374       -1711.522    1323.544             169             169
  164       -2033.265    1402.700       -2033.074    1403.013             164             164
   59       -1041.229    -224.059       -1041.278    -223.858              59              59
   79       -1854.569     246.523       -1854.623     246.782              79              79
  190         288.891    -147.699         288.767    -147.749             190             190
  231         -60.236    1898.604         -60.047    1898.667             231             231
   62         924.541    -476.261         924.505    -476.254              62              62
  139        -834.211   -1100.337        -834.300   -1100.243             139             139
  204          90.599    1696.672          90.857    1696.691             204             204
   29       -1441.614   -1762.240       -1441.830   -1762.049              29              29
  202        -551.140    1664.459        -551.007    1664.498             202             202
  211         645.340      11.228         645.290      11.200             211             211
   32         423.649     409.100         423.713     409.097              32              32
   59        1075.855    -741.113        1075.873    -741.241              59              59
  218       -1663.827     607.684       -1663.647     607.891             218             218
  251        -408.781    -736.395        -408.867    -736.408             251             251
  159        -959.799    2902.667        -959.428    2902.811             159             159
  122         -53.294     159.126         -53.313     159.315             122             122
    8        -198.553   -1150.412        -198.751   -1150.309               8               8
   50        2049.148     260.567        2049.287     260.319              50              50
  163       -1907.590   -1196.622       -1907.586   -1196.393             163             163
  125       -2199.304     845.185       -2199.245     845.395             125             125
  153          91.832    2229.901          92.007    2229.989             153             153
    7         502.508   -2026.310         502.176   -2026.314               7               7
    2         255.818    1205.580         255.976    1205.500               2               2
   79         452.161     682.453         452.279     682.443              79              79
  190         249.543     801.750         249.720     801.818             190             190
  145          19.406    -273.991          19.464    -273.890             145             145
   51       -1041.619     373.377       -1041.513     373.622              51              51
  105         124.160    -970.623         124.062    -970.587             105             105
    3        -742.957     972.151        -742.747     972.313               3               3
  148       -1717.024    -422.891       -1717.129    -422.530             148             148
  225         566.908    -230.451         566.809    -230.425             225             225
   10        -566.772   -1733.509        -567.051   -1733.413              10              10
  192        1108.027     239.433        1108.100     239.222             192             192
  147       -1749.075     353.098       -1749.001     353.393             147             147
  146          81.378   -1020.360          81.146   -1020.360             146             146
  107         808.301     781.921         808.436     781.847             107             107
  154       -1274.234   -2158.095       -1274.560   -2157.910             154             154
  176        1022.471    -429.040        1022.390    -429.360             176             176
  223        -872.872     744.629        -872.760     744.616             223             223
   29         711.377    1303.320         711.555    1303.177              29              29
  199        -403.454     528.045        -403.377     528.140             199             199
   19         653.554      75.235         653.556      75.156              19              19
  217         427.860    -106.594         427.882    -106.710             217             217
  214         624.928    1534.805         625.236    1534.696             214             214
  136         349.768     893.357         350.019     893.406             136             136
  153         528.475    -642.209         528.547    -642.259             153             153
   17           0.976    1829.974           1.511    1830.029              17              17
  161       -1973.624    -218.666       -1973.451    -218.242             161             161
  242       -1819.084    1007.433       -1818.857    1007.856             242             242
   86       -2254.925   -1393.750       -2255.223   -1393.304              86              86
   81          27.029     633.013          27.011     633.035              81              81
  207        -586.499    -638.784        -586.660    -638.696             207             207
    5        -207.303    2262.354        -207.027    2262.465               5               5
  152         521.433    -443.630         521.338    -443.539             152             152
  104        -146.109    1370.507        -145.878    1370.748             104             104
  148         434.524   -1284.681         434.368   -1284.490             148             148
   47        -279.883    -384.339        -279.851    -384.068              47              47
  176        -543.357   -3034.455        -543.772   -3034.248             176             176
  254         -58.155   -1972.584         -58.353   -1972.711             254             254
  188       -1928.732     461.990       -1928.560     462.178             188             188
  180       -2445.783    -115.796       -2445.928    -115.420             180             180
  251         139.284     466.228         139.162     466.289             251             251
   20         -26.035   -2538.486         -26.585   -2538.486              20              20
  171        1171.085    -555.892        1170.957    -556.275             171             171
   62         -25.779     550.635         -25.626     550.510              62              62
   61        -743.000      -0.060        -743.000       0.000              61              61
   90         -25.470    -550.384         -25.625    -550.510              90              90
    1        1170.824     556.670        1170.955     556.278               1               1
   46         -27.158    2538.486         -26.591    2538.486              46              46
   65         139.035    -466.350         139.162    -466.288              65              65
  181       -2446.082     115.018       -2445.930     115.413             181             181
   54       -1928.379    -462.381       -1928.560    -462.182              54              54
  197         -58.568    1972.843         -58.357    1972.709             197             197
  244        -544.221    3034.027        -543.776    3034.248             244             244
  139        -279.818     383.771        -279.852     384.064             139             139
  173         434.196    1284.284         434.366    1284.491             173             173
  209        -145.621   -1371.013        -145.874   -1370.751             209             209
    3         521.231     443.442         521.337     443.541               3               3
  143        -206.715   -2262.591        -207.022   -2262.467             143             143
  148        -586.843     638.594        -586.662     638.693             148             148
  215          26.994    -633.059          27.014    -633.036             215             215
   60       -2255.563    1392.793       -2255.224    1393.301              60              60
   72       -1818.594   -1008.346       -1818.855   -1007.861              72              72
   96       -1973.253     217.745       -1973.451     218.237              96              96
   31           2.141   -1830.094           1.517   -1830.030              31              31
  176         528.629     642.318         528.545     642.260             176             176
   43         350.318    -893.464         350.021    -893.406              43              43
  185         625.608   -1534.563         625.241   -1534.694             185             185
   17         427.909     106.848         427.882     106.710              17              17
  164         653.557     -75.058         653.555     -75.154             164             164
    1        -403.279    -528.256        -403.375    -528.141               1               1
   88         711.779   -1302.999         711.559   -1303.175              88              88
  137        -872.618    -744.601        -872.756    -744.617             137             137
  182        1022.288     429.759        1022.389     429.362             182             182
  163       -1274.977    2157.673       -1274.566    2157.907             163             163
   91         808.609    -781.749         808.438    -781.844              91              91
  193          80.847    1020.358          81.144    1020.359             193             193
  211       -1748.904    -353.777       -1749.000    -353.395             211             211
  202        1108.195    -238.947        1108.101    -239.221             202             202
   95        -567.423    1733.285        -567.056    1733.412              95              95
   15         566.679     230.392         566.809     230.426              15              15
  188       -1717.268     422.044       -1717.130     422.526             188             188
   71        -742.464    -972.535        -742.745    -972.317              71              71
   71         123.927     970.539         124.059     970.587              71              71
   15       -1041.368    -373.961       -1041.512    -373.627              15              15
  242          19.545     273.753          19.464     273.891             242             242
  232         249.965    -801.913         249.721    -801.819             232             232
  184         452.447    -682.425         452.281    -682.441             184             184
   32         256.202   -1205.389         255.980   -1205.500              32              32
   39         501.701    2026.322         502.172    2026.315              39              39
   23          92.262   -2230.114          92.012   -2229.989              23              23
   90       -2199.157    -845.701       -2199.242    -845.399              90              90
  216       -1907.581    1196.057       -1907.588    1196.388             216             216
  124        2049.490    -259.951        2049.287    -260.315             124             124
  198        -199.050    1150.156        -198.755    1150.308             198             198
  187         -53.339    -159.597         -53.311    -159.316             187             187
   83        -958.864   -2903.030        -959.420   -2902.814              83              83
  233        -408.997     736.426        -408.868     736.407             233             233
  174       -1663.369    -608.213       -1663.645    -607.895             174             174
  111        1075.898     741.442        1075.871     741.244             111             111
   60         423.815    -409.093         423.716    -409.097              60              60
  193         645.213     -11.155         645.290     -11.198             193             193
  121        -550.791   -1664.562        -551.002   -1664.499             121             121
  171       -1442.176    1761.738       -1441.834    1762.045             171             171
  167          91.276   -1696.718          90.864   -1696.687             167             167
   57        -834.446    1100.090        -834.303    1100.241              57              57
  250         924.447     476.247         924.505     476.258             250             250
   49         -59.731   -1898.772         -60.041   -1898.667              49              49
  173         288.563     147.833         288.767     147.749             173             173
    3       -1854.713    -247.217       -1854.622    -246.784               3               3
   60       -1041.361     223.515       -1041.278     223.856              60              60
   25       -2032.743   -1403.554       -2033.070   -1403.019              25              25
   30       -1711.074   -1323.837       -1711.518   -1323.546              30              30
  119       -1903.011       2.775       -1903.317       3.060             119             119
  138        -968.634    1319.608        -968.812    1319.944             138             138
  171        1060.181   -1950.136        1059.384   -1950.153             171             171
  229         446.608   -2677.473         445.776   -2677.681             229             229
  140        1953.555   -1162.675        1953.223   -1163.437             140             140
  216        -163.553      -8.093        -163.473      -8.439             216             216
   85       -1695.290     760.757       -1695.260     760.743              85              85
   20         484.250    3644.307         484.789    3644.135              20              20
  160         304.182    1377.094         304.332    1377.351             160             160
  160           5.209   -1397.943           4.765   -1397.743             160             160
  232        -205.460     252.429        -205.628     252.518             232             232
  250        1492.923     432.449        1492.870     432.281             250             250
  151        -101.492    -816.788        -101.753    -816.590             151             151
  245         434.815   -1327.373         434.353   -1327.444             245             245
  129        1489.452    -700.637        1489.221    -701.099             129             129
  226         574.078    1799.156         574.491    1799.081             226             226
   26         881.497    -602.191         881.421    -602.099              26              26
   14         301.831   -3019.148         301.296   -3019.237              14              14
  142       -1664.479     656.190       -1664.421     656.433             142             142
  167        2444.264   -1426.522        2443.923   -1427.118             167             167
  182       -1362.836    -952.245       -1362.984    -952.180             182             182
  116         789.803     342.350         789.820     341.898             116             116
    2         121.606     792.752         121.794     792.511               2               2
   14         841.972    2324.239         842.581    2324.082              14              14
   94        -957.567     -95.052        -957.534     -94.656              94              94
  118         231.355     264.659         231.376     264.746             118             118
  144        -265.455    -366.740        -265.608    -366.525             144             144
  204        1780.779   -1057.776        1780.607   -1058.135             204             204
  191        -583.292    -533.681        -583.229    -533.625             191             191
  240         332.060     525.032         332.378     524.915             240             240
  220       -2469.664     601.452       -2469.474     602.145             220             220
  155        -395.340    -806.325        -395.715    -806.082             155             155
  108         213.253    -699.572         212.953    -699.543             108             108
   59         414.285   -1179.708         413.935   -1179.786              59              59
   61         829.410   -1405.947         829.116   -1406.267              61              61
  134          24.717    -729.286          24.635    -729.555             134             134
  117         492.542     820.138         492.853     819.835             117             117
   10         892.479      18.954         892.839      18.676              10              10
  108       -2812.967    -639.723       -2812.827    -639.252             108             108
  103       -2443.939    1742.115       -2443.666    1742.569             103             103
  201         366.011     400.200         365.965     400.174             201             201
  211       -1453.231     226.997       -1453.275     227.392             211             211
  139         656.331     266.129         656.350     266.041             139             139
  226       -1817.152     -24.489       -1817.189     -23.986             226             226
  102        -144.262     745.566        -144.203     745.804             102             102
   25       -1166.441   -2356.595       -1167.121   -2356.223              25              25
   80          -8.065    -799.313          -8.353    -799.526              80              80
  236       -1415.414     725.085       -1415.320     725.258             236             236
   39       -1419.416    1090.437       -1419.396    1090.847              39              39
   24       -1268.607    -477.838       -1269.156    -477.354              24              24
  180        1152.965   -1732.852        1152.176   -1733.156             180             180
   74         -74.464    -861.705         -74.899    -861.968              74              74
  117         329.613    1224.266         329.663    1223.958             117             117
   15         815.781    1085.523         815.892    1085.311              15              15
   51         122.694    1168.677         122.901    1168.847              51              51
  214          25.756    -853.472          25.483    -853.216             214             214
  229       -1505.606   -2268.104       -1506.419   -2267.799             229             229
  219        1040.443     433.136        1040.205     432.651             219             219
  245        1105.766    1374.503        1106.001    1374.310             245             245
  113       -1010.211   -1221.821       -1010.708   -1221.377             113             113
   56        1239.868   -2313.572        1239.001   -2314.000              56              56
  198        1124.986   -1748.801        1124.421   -1749.627             198             198
  190        1182.666    2609.786        1183.322    2609.014             190             190
  247         513.887    2910.923         514.710    2910.926             247             247
   44          88.263   -1745.665          87.947   -1745.555              44              44
  153       -1524.870     414.108       -1524.798     414.352             153             153
  140        -883.050     665.775        -883.208     665.947             140             140
  216        1424.928     285.683        1424.748     285.292             216             216
   40        -847.027     807.587        -847.124     807.801              40              40
   66        2994.075     964.441        2994.088     963.813              66              66
  136        1741.324    -332.247        1741.442    -332.532             136             136
  234        -726.368    -194.274        -726.242    -194.011             234             234
   35        -572.694     270.999        -572.703     271.302              35              35
  120         -29.107   -2169.327         -29.924   -2169.332             120             120
  105        2470.725    -187.761        2470.584    -188.665             105             105
  254        1549.780     183.986        1550.101     183.297             254             254
  168         300.052    2494.719         301.162    2494.592             168             168
   56       -3405.960     749.396       -3405.670     750.554              56              56
   14        -169.339    -736.837        -169.819    -736.605              14              14
  250         424.718    -317.467         424.458    -317.537             250             250
  241         532.925     417.891         532.975     417.866             241             241
   14        -174.551   -1045.334        -174.876   -1045.162              14              14
  154        -233.810   -1218.332        -234.312   -1218.334             154             154
  233        1839.745    -712.707        1839.533    -713.396             233             233
  180        -802.064    -551.349        -802.178    -551.483             180             180
  202        1205.756    2009.659        1206.320    2009.138             202             202
   77       -1318.614     174.434       -1318.584     174.759              77              77
  249         672.414    1213.075         672.540    1212.906             249             249
   99        2595.795     436.805        2596.154     436.257              99              99
  196       -3094.835    -643.752       -3094.854    -642.857             196             196
  243         649.377    -488.781         649.082    -489.106             243             243
  187        -293.989    1620.825        -293.575    1620.843             187             187
   45        -970.978     498.504        -971.042     498.926              45              45
  132        1053.803    -313.427        1053.493    -313.577             132             132
  179         783.017   -1296.162         782.615   -1296.511             179             179
  114         556.332    2129.278         556.939    2129.079             114             114
   26          71.113    -763.262          70.923    -763.182              26              26
   93         231.805     327.907         231.859     327.810              93              93
  215        1462.814      -8.751        1462.963      -9.174             215             215
  254       -1246.094    -231.011       -1245.997    -230.819             254             254
   10         192.810    1541.057         193.286    1540.905              10              10
  155       -1545.628     696.116       -1545.508     696.566             155             155
  184         436.300    1681.247         436.547    1681.275             184             184
   62        1205.733     312.367        1205.850     312.279              62              62
    4       -1032.982     701.773       -1032.779     702.321               4               4
   90        1211.240    -439.534        1211.144    -439.643              90              90
  158       -1389.513     167.969       -1389.451     168.499             158             158
  240         893.926     455.565         894.020     455.535             240             240
  221       -1067.535    -296.254       -1067.622    -295.699             221             221
  120        -555.691    -465.476        -556.085    -465.124             120             120
  101        2018.281    -439.753        2018.066    -440.144             101             101
  129         155.622   -1887.822         155.243   -1887.948             129             129
  226         199.148    1618.393         199.765    1618.262             226             226
    0        -756.043      97.651        -755.920      98.084               0               0
  235         456.068   -1010.212         455.934   -1010.261             235             235
  236       -2010.120     307.205       -2009.937     307.786             236             236
  245       -1295.013      -8.849       -1295.228      -8.388             245             245
   83        -819.183    -505.851        -819.731    -505.589              83              83
  119        1772.809    -150.609        1772.517    -151.221             119             119
   59         908.282    1361.815         908.810    1361.549              59              59
  163       -1396.014     912.933       -1395.698     913.547             163             163
  230        -426.969     317.279        -427.073     317.648             230             230
   33         898.228    1656.985         898.661    1657.217              33              33
   66       -1795.879   -1762.274       -1796.555   -1761.208              66              66
  244        1175.378   -1540.634        1174.624   -1540.782             244             244
   84        1138.387    -244.839        1138.293    -245.006              84              84
    9         653.917   -1376.874         653.673   -1376.919               9               9
  219        -390.819    -398.368        -390.734    -398.165             219             219
  181       -1532.162    -784.297       -1532.411    -783.705             181             181
  200        -417.312   -1324.844        -417.941   -1324.687             200             200
  158         842.831    -824.085         842.456    -824.469             158             158
   92         391.789    1465.682         392.303    1465.674              92              92
   99       -1234.264    -817.085       -1234.570    -816.340              99              99
   84        1529.408   -2190.828        1528.789   -2191.179              84              84
   57       -1815.848     460.704       -1815.650     461.407              57              57
  245         -76.459   -3072.912         -77.578   -3072.749             245             245
  116        1268.315   -2010.376        1267.776   -2011.055             116             116
   92       -1257.177     -58.896       -1257.072     -58.778              92              92
  247         425.499   -1688.570         425.111   -1688.996             247             247
  132       -1836.219     471.968       -1835.939     472.155             132             132
  182       -1823.176     523.857       -1823.212     524.267             182             182
   77         471.268     187.756         471.227     187.629              77              77
   81       -2579.669   -1432.224       -2580.257   -1431.591              81              81
  163        -238.334    1002.981        -238.383    1002.855             163             163
  252        -677.212     800.480        -677.235     800.826             252             252
   35         -23.784   -1500.227         -24.406   -1500.115              35              35
   79       -2017.726   -1521.806       -2018.466   -1521.502              79              79
  106        -233.578    2075.334        -233.347    2075.247             106             106
  196       -1411.078    -501.160       -1411.702    -500.603             196             196
  124         417.000    -649.513         416.315    -649.733             124             124
   17       -1120.676    1416.018       -1120.754    1416.420              17              17
   52         462.452      56.646         461.827      56.930              52              52
  178        1056.095   -3587.993        1054.480   -3588.271             178             178
   19        1601.717    -411.204        1601.375    -412.058              19              19
  216       -1034.926     -26.973       -1035.208     -26.866             216             216
  194         781.065     -48.453         780.577     -48.802             194             194
   29        1323.932   -1156.172        1323.273   -1156.842              29              29
  207        1190.322    1765.328        1190.821    1764.840             207             207
  163       -1093.889   -1026.628       -1094.400   -1026.245             163             163
  131        1062.447      43.741        1062.144      43.306             131             131
  165         573.973     -81.429         573.799     -81.659             165             165
  144         495.985     373.463         496.039     373.399             144             144
   79        -780.779   -1816.769        -781.525   -1816.551              79              79
   42        1122.243     156.386        1122.220     155.882              42              42
   78       -2515.638   -1151.794       -2516.233   -1151.151              78              78
   45         608.497     -41.181         608.040     -41.644              45              45
  118       -1779.899     852.462       -1780.219     853.008             118             118
   15        1788.742   -1402.037        1787.574   -1402.585              15              15
  247        3021.779   -1705.339        3021.191   -1706.662             247             247
    9       -1747.639     304.892       -1747.461     304.983               9               9
  143       -1426.386     395.203       -1426.699     395.342             143             143
   76        -197.959     351.612        -198.484     351.429              76              76
  171         618.016     350.168         617.561     349.784             171             171
   83         466.767    -881.092         466.054    -881.623              83              83
   51        -846.467    1778.651        -846.451    1778.527              51              51
   43         246.259    1117.151         245.866    1116.925              43              43
  158         621.047    1330.405         620.706    1330.166             158             158
   57        1495.479    1418.452        1495.272    1418.167              57              57
   16         823.357    -914.283         822.476    -914.438              16              16
  171        1148.829     736.005        1148.507     735.609             171             171
   41         942.941     -98.928         942.456     -99.197              41              41
    4        -653.919     -76.958        -654.515     -76.792               4               4
  118        -895.854    -474.935        -896.952    -474.894             118             118
  184        -519.640    2129.472        -520.245    2129.484             184             184
  238         126.922    1440.030         125.804    1440.224             238             238
  227        -579.222     355.914        -581.198     356.458             227             227
   62       -1674.802    -377.782       -1678.406    -376.939              62              62
  239         -78.470    -963.362         -85.901    -963.260             239             239
