SINAL     NFT                         FFT                         NFT INVERSA     FFT INVERSA
-----     -----------------------     -----------------------     -----------     -----------
  233       64617.000       0.000       64617.000       0.000             233             233
  223       -1248.798     536.930       -1248.784     536.930             223             223
   12       -2629.796     923.156       -2629.782     923.159              12              12
   68        -424.405     222.468        -424.394     222.469              68              68
  155         744.392    1317.730         744.408    1317.729             155             155
   44       -2403.063    -209.898       -2403.053    -209.890              44              44
   70        1039.938    -561.285        1039.945    -561.288              70              70
   93        -610.665    -528.637        -610.655    -528.636              93              93
    4         277.722      72.206         277.731      72.200               4               4
  107         901.889    1078.602         901.905    1078.594             107             107
    8        1212.491    1130.450        1212.514    1130.442               8               8
   98       -1393.255     854.032       -1393.234     854.044              98              98
   50          39.741    -840.098          39.745    -840.101              50              50
   30        -188.280    2266.698        -188.251    2266.698              30              30
   97        -725.427      94.135        -725.419      94.143              97              97
  110         962.948    1629.843         962.971    1629.835             110             110
  105        -102.289    1437.181        -102.262    1437.192             105             105
  199        -124.609      -4.681        -124.600      -4.670             199             199
  196         580.185     177.469         580.198     177.467             196             196
  187        -385.404    1731.042        -385.373    1731.057             187             187
   24         827.499    -426.074         827.507    -426.069              24              24
  102        -617.523   -1120.302        -617.522   -1120.295             102             102
   66        -992.468    1983.694        -992.438    1983.705              66              66
   24         874.394    1765.502         874.421    1765.507              24              24
  200         700.311     563.216         700.333     563.234             200             200
  116        -739.996    -473.914        -739.991    -473.874             116             116
   97        -424.644   -2282.608        -424.682   -2282.591              97              97
   47        1693.634    -187.714        1693.637    -187.748              47              47
  254         705.565     444.587         705.597     444.570             254             254
   78       -1306.382    1845.518       -1306.334    1845.552              78              78
   19         -50.285     271.945         -50.280     271.968              19              19
  178         387.681    -105.080         387.679    -105.074             178             178
  188         659.305    2121.989         659.355    2122.009             188             188
  249         173.352   -1661.410         173.323   -1661.373             249             249
   42         746.538    -407.889         746.529    -407.877              42              42
   80        2424.772   -1600.452        2424.755   -1600.482              80              80
   91         770.951   -1592.818         770.954   -1592.832              91              91
  114         540.230    -676.201         540.261    -676.221             114             114
   32        -840.796     395.314        -840.737     395.334              32              32
   45       -2783.077    -600.364       -2783.078    -600.294              45              45
  186         373.628     586.431         373.640     586.427             186             186
   24        -703.347    -677.415        -703.365    -677.389              24              24
  133        1601.890     227.045        1601.908     227.004             133             133
   89        -466.331      91.781        -466.297      91.798              89              89
  125        -512.253     253.226        -512.226     253.244             125             125
  205        -369.381    2071.304        -369.304    2071.349             205             205
  114       -1169.310   -1911.584       -1169.356   -1911.511             114             114
  164        -104.256   -1141.930        -104.289   -1141.929             164             164
  105        -649.977     530.269        -649.961     530.287             105             105
  106         -73.273    -286.631         -73.292    -286.622             106             106
  191        1235.027     -78.603        1235.040     -78.648             191             191
   12       -1931.287    1491.973       -1931.235    1492.043              12              12
   64        2159.892    1098.553        2159.944    1098.521              64              64
   83       -2721.267      88.777       -2721.240      88.922              83              83
   61        -859.330    -986.494        -859.389    -986.422              61              61
   31        -761.833    -853.167        -761.905    -853.116              31              31
  121        1604.744    -951.215        1604.678    -951.263             121             121
   74        1090.509    -163.784        1090.515    -163.819              74              74
  249       -1274.225     211.045       -1274.222     211.107             249             249
  170         445.505    -953.348         445.432    -953.361             170             170
  215        2271.650    1450.705        2271.702    1450.628             215             215
  191          81.794     832.008          81.848     832.059             191             191
   48         596.185     -40.385         596.202     -40.324              48              48
  156        -580.002   -3444.517        -580.125   -3444.453             156             156
  159       -1033.974    -194.457       -1034.022    -194.402             159             159
  228        3087.588   -2972.985        3087.446   -2973.123             228             228
   26         321.186     232.210         321.218     232.161              26              26
   29        2494.771    -400.150        2494.808    -400.265              29              29
  241       -2424.694    -875.378       -2424.695    -875.299             241             241
   58         884.389    1096.192         884.423    1096.140              58              58
   68        1169.916    -535.025        1169.916    -535.072              68              68
   51           9.712    -325.784           9.731    -325.789              51              51
   43         356.677   -1382.722         356.641   -1382.786              43              43
  196         295.505    1746.273         295.622    1746.210             196             196
  123         299.409     207.500         299.473     207.446             123             123
   96       -1344.286    3632.479       -1344.073    3632.540              96              96
  150        -341.860    2235.360        -341.733    2235.467             150             150
   25       -1095.192      24.243       -1095.181      24.410              25              25
   56        -550.315   -2000.916        -550.419   -2000.840              56              56
  230       -1717.331    1049.168       -1717.324    1049.279             230             230
   98        1651.981     584.802        1651.966     584.801              98              98
  132         734.092   -2229.135         733.991   -2229.115             132             132
   54        -553.669    -972.760        -553.711    -972.739              54              54
   81        -256.657     342.912        -256.660     342.918              81              81
  212         670.492    1358.297         670.545    1358.308             212             212
  217        1050.639   -1350.904        1050.583   -1350.905             217             217
   10        -196.008    -819.897        -196.015    -819.888              10              10
  231       -1185.355    1662.963       -1185.257    1663.067             231             231
   87       -1070.183   -1281.501       -1070.311   -1281.375              87              87
  179         811.093    -346.679         811.001    -346.686             179             179
  159        2027.297   -1429.580        2027.201   -1429.677             159             159
   59         353.763     -18.088         353.785     -18.100              59              59
   93         -46.786   -1148.770         -46.858   -1148.767              93              93
  222         870.006     376.328         870.023     376.274             222             222
    0         402.825    -401.322         402.806    -401.329              -0               0
  119         305.159    -656.457         305.112    -656.482             119             119
  177        1307.253     735.300        1307.296     735.220             177             177
   18        2221.216      96.898        2221.297      96.794              18              18
  134       -1384.349    -358.695       -1384.294    -358.571             134             134
  130         174.235    -736.635         174.223    -736.623             130             130
  197       -1336.572   -1619.185       -1336.671   -1619.141             197             197
  219        1099.346    1236.573        1099.433    1236.441             219             219
  202       -1576.501    1633.120       -1576.403    1633.233             202             202
  217        1743.745    1277.221        1743.814    1277.175             217             217
   69         622.323     294.211         622.416     294.270              69              69
  122       -2127.689    -700.907       -2127.707    -700.674             122             122
   80        -945.829   -1052.916        -945.965   -1052.796              80              80
  150        1114.801   -1265.270        1114.674   -1265.342             150             150
  194       -1067.273     425.708       -1067.294     425.782             194             194
  245        1641.408    -660.059        1641.294    -660.175             245             245
  240        1746.075    1455.227        1746.196    1455.120             240             240
   53        -373.542    1067.110        -373.447    1067.243              53              53
   18        1083.572   -1091.048        1083.494   -1091.009              18              18
  223         884.851   -1144.577         884.822   -1144.568             223             223
   27       -1703.408   -1524.668       -1703.525   -1524.510              27              27
  225        1910.230    -527.990        1910.167    -528.108             225             225
  208         304.526   -1114.037         304.486   -1114.026             208             208
    6        -670.342   -2581.809        -670.544   -2581.801               6               6
   11        1617.476    -293.694        1617.455    -293.929              11              11
  192         198.011     968.087         198.125     968.001             192             192
   64         856.905     851.408         857.026     851.312              64              64
  152        -742.202    1445.988        -742.040    1446.062             152             152
   83         417.405     706.930         417.505     706.953              83              83
   38        -910.903     940.055        -910.769     940.207              38              38
  232       -2383.597     875.219       -2383.564     875.552             232             232
   52        -411.663   -1938.266        -411.941   -1938.120              52              52
  232         617.770    -350.850         617.622    -350.848             232             232
  171        1839.437    -109.479        1839.363    -109.532             171             171
  253        1397.135   -1617.983        1397.001   -1618.000             253             253
   67        1070.182   -2394.879        1070.017   -2394.950              67              67
   89         133.002   -1161.453         132.937   -1161.498              89              89
   70          51.675   -1549.861          51.539   -1549.933              70              70
  212         711.568    -284.085         711.524    -284.254             212             212
  171        1712.407    1719.508        1712.599    1719.336             171             171
  240        -514.151    -284.210        -514.117    -284.117             240             240
  107        -515.250   -1367.264        -515.404   -1367.238             107             107
  103        2569.569     441.839        2569.638     441.561             103             103
   21       -1199.933     324.631       -1199.844     324.726              21              21
  214         882.148    -362.214         882.138    -362.330             214             214
  143       -1132.809    1826.014       -1132.641    1826.117             143             143
   51         -48.093    -197.594         -48.194    -197.551              51              51
  140        1980.079    1225.986        1980.147    1225.854             140             140
   64        1270.883    -259.432        1270.897    -259.486              64              64
   15        1043.731    1101.620        1043.911    1101.599              15              15
   51        -988.411     468.776        -988.354     469.023              51              51
  198        2507.765   -1454.019        2507.655   -1454.112             198             198
  185         268.189   -2271.265         268.096   -2271.272             185             185
  222        -892.761      31.797        -892.718      31.844             222             222
  152        1682.111     996.481        1682.269     996.382             152             152
  198       -1343.193   -1657.183       -1343.292   -1656.994             198             198
   20        1270.021     518.282        1270.113     518.201              20              20
  154        -740.835    -987.832        -740.860    -987.674             154             154
  106        -409.104   -2045.981        -409.307   -2045.947             106             106
  255        1245.964    -276.246        1245.980    -276.443             255             255
  156        -985.773    1350.906        -985.589    1351.030             156             156
  196         604.776    -935.867         604.709    -935.839             196             196
  206        -360.377   -1865.995        -360.516   -1865.976             206             206
   32        -451.017      71.921        -451.000      71.900              32              32
  248         147.149     346.152         147.189     346.113             248             248
  225        -585.762     989.710        -585.687     989.836             225             225
  174        1568.912   -2376.737        1568.679   -2376.899             174             174
   66        -241.840    1077.009        -241.645    1076.967              66              66
   41        -825.551     826.798        -825.432     826.919              41              41
  143        -964.123     364.122        -964.137     364.299             143             143
   66        1044.410      -4.196        1044.368      -4.226              66              66
  226         216.799     794.885         216.915     795.004             226             226
   52       -1353.534   -1634.367       -1353.757   -1634.073              52              52
  160        1170.000   -1253.600        1169.785   -1253.652             160             160
  125         177.774    -923.785         177.629    -923.719             125             125
  204         702.967   -3436.204         702.512   -3436.304             204             204
  114        2116.477    -957.146        2116.346    -957.540             114             114
   14        2358.873     390.125        2359.035     389.749              14              14
  139        -253.481     373.457        -253.297     373.435             139             139
  181         445.755      40.035         445.841      39.952             181             181
  193        1326.905     586.747        1327.148     586.577             193             193
   77       -2725.600    1299.612       -2725.352    1299.992              77              77
  200         418.284    -245.489         418.242    -245.388             200             200
  197          -5.844   -1838.043          -6.013   -1837.967             197             197
  142         476.298    -964.042         476.300    -964.109             142             142
   36       -3150.511   -1054.293       -3150.627   -1053.991              36              36
  239        -747.645     532.356        -747.788     532.383             239             239
   95        2025.381    1162.789        2025.366    1162.633              95              95
  127        2512.031   -1786.489        2511.871   -1786.712             127             127
  159         344.525     517.000         344.740     517.036             159             159
   54       -1713.473   -3325.740       -1713.849   -3325.524              54              54
  138         678.354    -662.985         678.186    -663.203             138             138
   29        2237.600    -433.244        2237.593    -433.649              29              29
  210        -107.864    1498.904        -107.572    1498.880             210             210
   98         581.346    -722.224         581.353    -722.261              98              98
  160        -619.788    -157.876        -619.735    -157.776             160             160
  153         141.302   -2427.797         141.030   -2427.893             153             153
  149         701.693     343.483         701.819     343.227             149             149
  172       -1348.050     273.557       -1347.978     273.598             172             172
  102         -48.735    1716.867         -48.606    1716.829             102             102
    1        2915.920     807.220        2916.090     806.926               1               1
   71       -1066.136     296.990       -1065.962     297.276              71              71
   87         846.951   -3341.654         846.606   -3341.765              87              87
   95         -79.664     -24.899         -79.541     -25.061              95              95
  231          20.882     381.587          21.068     381.465             231             231
    9       -1254.178    1106.752       -1253.942    1106.875               9               9
  151         318.679    -234.489         318.761    -234.538             151             151
  122       -3461.919     -52.876       -3461.951     -52.486             122             122
   67        1281.222     791.905        1281.197     791.691              67              67
   80         456.597     408.780         456.655     408.707              80              80
  201        1140.458    1281.028        1140.720    1280.944             201             201
  224        -552.209   -1286.013        -552.238   -1285.882             224             224
  184       -1322.344    -756.598       -1322.407    -756.516             184             184
  238         308.036    1124.130         308.202    1124.017             238             238
  143         -73.633    -470.839         -73.605    -470.903             143             143
   16       -1404.759    1499.478       -1404.517    1499.569              16              16
   39         437.598    2133.117         437.944    2133.107              39              39
   15       -1900.671     759.573       -1900.511     759.982              15              15
  150       -1371.774    -671.988       -1371.942    -671.729             150             150
   44        -599.438     965.542        -599.435     965.655              44              44
   47         692.201     733.606         692.235     733.611              47              47
  224        -406.233      19.192        -406.239      19.340             224             224
   37        -647.503    1030.398        -647.418    1030.602              37              37
  144        -292.702     712.580        -292.709     712.835             144             144
  230         429.124    -869.640         428.890    -869.495             230             230
   28        1353.874    -244.925        1353.826    -244.940              28              28
   17         570.649   -1075.816         570.603   -1075.703              17              17
  189       -1149.925   -2188.283       -1150.160   -2188.021             189             189
  246       -1247.953   -1723.592       -1248.262   -1723.445             246             246
  179         303.463    -816.512         303.263    -816.633             179             179
   90          72.712    -202.065          72.670    -202.109              90              90
  106        -795.689   -1751.012        -795.971   -1751.011             106             106
   22       -1316.828    1901.785       -1316.706    1901.931              22              22
  160         735.053   -1794.211         734.574   -1794.319             160             160
  189        2233.778      66.295        2233.771      65.819             189             189
  194       -1284.324    2160.602       -1284.007    2160.820             194             194
  194        1147.540    -783.736        1147.370    -783.771             194             194
  144        -641.658   -1106.752        -641.852   -1106.655             144             144
    1        -319.943     318.946        -320.046     318.979               1               1
   47        1708.530    -349.244        1708.389    -349.470              47              47
   26        -532.702    -876.419        -532.918    -876.374              26              26
  244        1365.886     740.027        1365.839     739.811             244             244
  140        2971.978    -551.848        2971.937    -552.252             140             140
  231         225.580    -952.445         225.588    -952.503             231             231
  255         177.453    -678.062         177.421    -678.208             255             255
  107         459.415     993.149         459.618     992.988             107             107
   35         748.231    1058.275         748.479    1058.223              35              35
   56         512.656    -602.564         512.713    -602.539              56              56
   31       -1057.596   -1315.487       -1057.686   -1315.348              31              31
  182       -1531.909     634.967       -1531.899     635.171             182             182
  171        1740.931    -665.804        1740.748    -666.077             171             171
  147         329.694    -478.758         329.668    -478.883             147             147
  202         723.247     191.892         723.357     191.674             202             202
   47        -294.482    1680.606        -294.135    1680.690              47              47
  143         462.390    -196.756         462.442    -196.649             143             143
  105        -757.463   -2789.949        -757.844   -2789.852             105             105
   38          68.673    -102.075          68.690    -102.317              38              38
  181        -326.248    1760.626        -325.904    1760.594             181             181
   75       -1236.057     588.419       -1236.000     588.706              75              75
  194         379.159    -787.593         378.935    -787.609             194             194
  250         821.955    -373.285         821.895    -373.476             250             250
   23         564.468     705.245         564.710     705.128              23              23
  252       -2167.000      -0.403       -2167.000       0.000             252             252
  158         564.957    -705.007         564.712    -705.126             158             158
  138         821.833     373.677         821.894     373.480             138             138
  226         378.702     787.630         378.933     787.612             226             226
   79       -1235.939    -589.004       -1235.998    -588.707              79              79
   55        -325.540   -1760.562        -325.900   -1760.595              55              55
  135          68.707     102.571          68.689     102.318             135             135
  165        -758.255    2789.748        -757.851    2789.851             165             165
  224         462.496     196.536         462.441     196.650             224             224
  164        -293.755   -1680.781        -294.130   -1680.690             164             164
   69         723.477    -191.436         723.358    -191.673              69              69
  213         329.640     479.022         329.667     478.884             213             213
  196        1740.544     666.381        1740.747     666.081             196             196
  225       -1531.885    -635.401       -1531.897    -635.174             225             225
  132       -1057.789    1315.193       -1057.689    1315.347             132             132
  112         512.779     602.511         512.714     602.539             112             112
   31         748.763   -1058.163         748.481   -1058.223              31              31
  144         459.852    -992.802         459.619    -992.987             144             144
   97         177.381     678.376         177.419     678.209              97              97
   87         225.596     952.571         225.587     952.503              87              87
  185        2971.887     552.732        2971.935     552.257             185             185
   35        1365.787    -739.549        1365.842    -739.806              35              35
  128        -533.177     876.318        -532.919     876.372             128             128
  244        1708.218     349.747        1708.387     349.475             244             244
   60        -320.170    -319.020        -320.046    -318.980              60              60
   50        -642.093    1106.537        -641.856    1106.655              50              50
  144        1147.155     783.818        1147.366     783.774             144             144
  150       -1283.609   -2161.095       -1284.002   -2160.825             150             150
   41        2233.762     -65.220        2233.770     -65.814              41              41
  202         733.968    1794.459         734.569    1794.323             202             202
   84       -1316.548   -1902.118       -1316.701   -1901.934              84              84
   85        -796.333    1751.008        -795.975    1751.008              85              85
    0          72.617     202.166          72.671     202.109              -0               0
   24         302.999     816.791         303.260     816.634              24              24
  107       -1248.671    1723.248       -1248.265    1723.442             107             107
   62       -1150.479    2187.669       -1150.167    2188.016              62              62
   60         570.536    1075.556         570.599    1075.705              60              60
  113        1353.759     244.962        1353.825     244.941             113             113
  232         428.575     869.301         428.890     869.496             232             232
   59        -292.718    -713.182        -292.708    -712.837              59              59
   97        -647.299   -1030.880        -647.416   -1030.601              97              97
  175        -406.252     -19.546        -406.242     -19.341             175             175
  136         692.285    -733.617         692.237    -733.610             136             136
   59        -599.427    -965.816        -599.432    -965.657              59              59
   44       -1372.182     671.357       -1371.944     671.725              44              44
  129       -1900.280    -760.573       -1900.510    -759.988             129             129
    1         438.445   -2133.089         437.949   -2133.105               1               1
  164       -1404.159   -1499.703       -1404.511   -1499.572             164             164
  222         -73.565     470.998         -73.606     470.903             222             222
  190         308.451   -1123.848         308.204   -1124.016             190             190
   82       -1322.500     756.390       -1322.407     756.514              82              82
  206        -552.284    1285.686        -552.240    1285.882             206             206
  220        1141.118   -1280.815        1140.721   -1280.942             220             220
   12         456.742    -408.593         456.654    -408.706              12              12
   27        1281.160    -791.361        1281.200    -791.688              27              27
   91       -3462.001      51.874       -3461.951      52.477              91              91
  141         318.888     234.615         318.761     234.539             141             141
   47       -1253.566   -1107.074       -1253.938   -1106.877              47              47
  161          21.367    -381.270          21.070    -381.464             161             161
  204         -79.342      25.320         -79.538      25.060             204             204
  226         846.042    3341.946         846.599    3341.767             226             226
  156       -1065.676    -297.745       -1065.960    -297.279             156             156
   21        2916.370    -806.438        2916.091    -806.917              21              21
  170         -48.390   -1716.765         -48.599   -1716.828             170             170
   44       -1347.857    -273.666       -1347.978    -273.598              44              44
  181         702.029    -342.793         701.819    -343.225             181             181
   46         140.559    2428.056         141.025    2427.893              46              46
    1        -619.644     157.602        -619.734     157.774               1               1
  132         581.359     722.326         581.349     722.262             132             132
  149        -107.057   -1498.839        -107.568   -1498.880             149             149
   30        2237.581     434.364        2237.592     433.654              30              30
  105         677.889     663.592         678.187     663.206             105             105
   81       -1714.529    3325.133       -1713.854    3325.521              81              81
   84         345.129    -517.096         344.742    -517.033              84              84
  218        2511.573    1787.125        2511.866    1786.718             218             218
   35        2025.344   -1162.335        2025.369   -1162.625              35              35
   94        -748.049    -532.440        -747.787    -532.387              94              94
   48       -3150.847    1053.418       -3150.630    1053.985              48              48
  240         476.298     964.238         476.296     964.111             240             240
  235          -6.336    1837.826          -6.015    1837.969             235             235
    0         418.163     245.194         418.242     245.388              -0               0
   77       -2724.867   -1300.739       -2725.348   -1300.000              77              77
  238        1327.622    -586.243        1327.149    -586.574             238             238
  146         446.014     -39.788         445.844     -39.951             146             146
  175        -252.933    -373.394        -253.297    -373.436             175             175
  241        2359.359    -388.985        2359.036    -389.741             241             241
  105        2116.075     958.339        2116.342     957.545             105             105
  217         701.580    3436.510         702.504    3436.306             217             217
  183         177.331     923.582         177.628     923.719             183             183
  110        1169.335    1253.764        1169.781    1253.655             110             110
  234       -1354.233    1633.451       -1353.764    1634.068             234             234
  128         217.160    -795.256         216.916    -795.005             128             128
  235        1044.277       4.294        1044.367       4.228             235             235
  246        -964.165    -364.682        -964.135    -364.301             246             246
  214        -825.173    -827.180        -825.432    -826.920             214             214
   90        -241.216   -1076.878        -241.640   -1076.968              90              90
   43        1568.163    2377.255        1568.677    2376.899              43              43
  238        -585.512    -990.121        -585.684    -989.838             238             238
   30         147.281    -346.028         147.191    -346.114              30              30
   39        -450.959     -71.853        -450.999     -71.901              39              39
  136        -360.843    1865.929        -360.521    1865.974             136             136
  143         604.548     935.778         604.707     935.840             143             143
  245        -985.155   -1351.321        -985.586   -1351.031             245             245
  181        1246.016     276.908        1245.980     276.446             181             181
   21        -409.791    2045.863        -409.309    2045.945              21              21
  168        -740.926     987.292        -740.864     987.672             168             168
  216        1270.338    -518.000        1270.114    -518.198             216             216
  110       -1343.538    1656.531       -1343.295    1656.991             110             110
  170        1682.660    -996.134        1682.270    -996.380             170             170
  253        -892.606     -31.965        -892.716     -31.847             253             253
   78         267.856    2271.290         268.090    2271.274              78              78
   21        2507.376    1454.352        2507.654    1454.118              21              21
  225        -988.209    -469.657        -988.354    -469.026             225             225
  193        1044.381   -1101.541        1043.913   -1101.598             193             193
   28        1270.930     259.631        1270.895     259.490              28              28
  129        1980.331   -1225.499        1980.150   -1225.850             129             129
   50         -48.467     197.435         -48.196     197.550              50              50
  143       -1132.185   -1826.398       -1132.639   -1826.119             143             143
  192         882.107     362.647         882.135     362.331             192             192
  233       -1199.599    -324.990       -1199.842    -324.730             233             233
   26        2569.831    -440.788        2569.639    -441.558              26              26
  211        -515.837    1367.168        -515.406    1367.238             211             211
   62        -514.022     283.852        -514.118     284.115              62              62
  191        1713.150   -1718.836        1712.604   -1719.330             191             191
  117         711.397     284.743         711.522     284.256             117             117
  181          51.139    1550.146          51.536    1549.935             181             181
  213         132.745    1161.629         132.933    1161.498             213             213
  175        1069.522    2395.161        1070.011    2394.953             175             175
   43        1396.594    1618.052        1396.999    1618.000              43              43
  247        1839.133     109.709        1839.361     109.537             247             247
  119         617.164     350.842         617.621     350.848             119             119
   70        -412.815    1937.662        -411.947    1938.118              70              70
  163       -2383.455    -876.614       -2383.563    -875.558             163             163
   13        -910.339    -940.692        -910.766    -940.210              13              13
   10         417.828    -707.022         417.506    -706.952              10              10
  229        -741.505   -1446.308        -742.036   -1446.065             229             229
   40         857.431    -850.999         857.028    -851.313              40              40
  223         198.511    -967.708         198.128    -967.999             223             223
  163        1617.379     294.721        1617.453     293.932             163             163
  254        -671.239    2581.774        -670.549    2581.801             254             254
  106         304.345    1113.986         304.484    1114.026             106             106
  152        1909.949     528.532        1910.167     528.113             152             152
   39       -1703.945    1523.948       -1703.530    1524.505              39              39
  236         884.714    1144.538         884.820    1144.569             236             236
  222        1083.215    1090.875        1083.493    1091.010             222             222
  179        -373.099   -1067.727        -373.446   -1067.244             179             179
  189        1746.646   -1454.719        1746.198   -1455.117             189             189
  182        1640.869     660.613        1641.292     660.179             182             182
  184       -1067.373    -426.069       -1067.293    -425.786             184             184
   30        1114.181    1265.624        1114.668    1265.345              30              30
    1        -946.492    1052.333        -945.968    1052.793               1               1
   98       -2127.780     699.757       -2127.708     700.667              98              98
   73         622.779    -294.498         622.415    -294.268              73              73
   69        1744.097   -1276.984        1743.817   -1277.172              69              69
  126       -1576.003   -1633.697       -1576.400   -1633.237             126             126
  255        1099.793   -1235.899        1099.436   -1236.438             255             255
   33       -1337.091    1618.951       -1336.675    1619.137              33              33
   99         174.167     736.577         174.221     736.623              99              99
  141       -1384.064     358.043       -1384.294     358.568             141             141
  102        2221.647     -96.339        2221.299     -96.788             102             102
  240        1307.482    -734.873        1307.296    -735.220             240             240
   13         304.889     656.599         305.108     656.483              13              13
  230         402.721     401.363         402.806     401.330             230             230
  126         870.101    -376.028         870.024    -376.273             126             126
   30         -47.188    1148.745         -46.859    1148.764              30              30
  189         353.885      18.154         353.785      18.099             189             189
  178        2026.738    1430.146        2027.197    1429.683             178             178
    7         810.557     346.722         810.999     346.688               7               7
   78       -1070.932    1280.762       -1070.313    1281.373              78              78
    1       -1184.774   -1663.588       -1185.256   -1663.070               1               1
  216        -196.061     819.838        -196.019     819.887             216             216
  180        1050.290    1350.916        1050.579    1350.907             180             180
  158         670.826   -1358.365         670.548   -1358.308             158             158
  106        -256.673    -342.944        -256.659    -342.918             106             106
    9        -553.939     972.621        -553.714     972.736               9               9
  118         733.438    2229.014         733.984    2229.117             118             118
  123        1651.882    -584.789        1651.966    -584.799             123             123
   61       -1717.284   -1049.905       -1717.324   -1049.284              61              61
   87        -551.013    2000.412        -550.424    2000.839              87              87
  148       -1095.121     -25.365       -1095.182     -24.414             148             148
  146        -340.990   -2236.089        -341.728   -2235.469             146             146
  162       -1342.805   -3632.906       -1344.064   -3632.543             162             162
  145         299.849    -207.127         299.473    -207.448             145             145
  150         296.345   -1745.825         295.629   -1746.208             150             150
  235         356.416    1383.175         356.638    1382.786             235             235
  245           9.849     325.835           9.730     325.792             245             245
  231        1169.913     535.368        1169.915     535.073             231             231
  246         884.651   -1095.798         884.426   -1096.136             246             246
   10       -2424.700     874.770       -2424.695     875.293              10              10
   26        2495.052     401.059        2494.807     400.274              26              26
   36         321.427    -231.829         321.217    -232.161              36              36
   77        3086.447    2974.093        3087.436    2973.131              77              77
   97       -1034.362     194.019       -1034.022     194.402              97              97
  208        -581.065    3443.983        -580.135    3444.450             208             208
  179         596.317      39.879         596.201      40.323             179             179
  233          82.255    -832.446          81.849    -832.061             233             233
  211        2272.115   -1450.029        2271.705   -1450.624             211             211
   40         444.850     953.468         445.428     953.362              40              40
    3       -1274.199    -211.611       -1274.222    -211.111               3               3
  219        1090.555     164.117        1090.512     163.822             219             219
  237        1604.134     951.656        1604.677     951.264             237             237
  177        -762.526     852.673        -761.910     853.114             177             177
  179        -859.906     985.794        -859.392     986.418             179             179
   41       -2721.011     -90.209       -2721.241     -88.929              41              41
  235        2160.423   -1098.217        2159.948   -1098.516             235             235
  207       -1930.744   -1492.690       -1931.231   -1492.047             207             207
  121        1235.163      79.075        1235.040      78.650             121             121
    2         -73.464     286.538         -73.292     286.621               2               2
  201        -649.808    -530.475        -649.961    -530.289             201             201
   95        -104.631    1141.910        -104.291    1141.928              95              95
    9       -1169.863    1910.741       -1169.361    1911.507               9               9
  153        -368.477   -2071.823        -369.299   -2071.349             153             153
  159        -511.935    -253.429        -512.225    -253.243             159             159
  224        -465.935     -91.998        -466.298     -91.799             224             224
  208        1602.118    -226.528        1601.909    -227.002             208             208
   15        -703.580     677.086        -703.366     677.388              15              15
   13         373.781    -586.384         373.641    -586.428              13              13
  248       -2783.091     599.394       -2783.079     600.286             248             248
   92        -840.001    -395.600        -840.736    -395.338              92              92
   99         540.653     676.487         540.259     676.223              99              99
  195         770.988    1593.017         770.951    1592.833             195             195
  139        2424.512    1600.923        2424.751    1600.489             139             139
   41         746.397     407.722         746.526     407.879              41              41
   80         172.873    1660.825         173.316    1661.371              80              80
   81         660.109   -2122.311         659.357   -2122.009              81              81
  121         387.664     104.954         387.679     105.072             121             121
  230         -50.193    -272.364         -50.279    -271.969             230             230
   28       -1305.504   -1846.146       -1306.330   -1845.556              28              28
   68         706.145    -444.272         705.598    -444.570              68              68
  216        1693.669     188.392        1693.636     187.752             216             216
   54        -425.438    2282.245        -424.688    2282.589              54              54
   11        -739.910     473.058        -739.994     473.870              11              11
   94         700.798    -563.598         700.335    -563.234              94              94
  171         875.041   -1765.616         874.425   -1765.506             171             171
  204        -991.710   -1983.998        -992.433   -1983.709             204             204
   67        -617.519    1120.102        -617.525    1120.292              67              67
   19         827.686     425.946         827.505     426.070              19              19
   14        -384.534   -1731.462        -385.370   -1731.058              14              14
  115         580.560    -177.395         580.198    -177.467             115             115
  102        -124.331       4.329        -124.599       4.667             102             102
  206        -101.417   -1437.525        -102.260   -1437.192             206             206
  235         963.778   -1629.569         962.973   -1629.834             235             235
   76        -725.123     -94.453        -725.419     -94.145              76              76
  148        -187.074   -2266.688        -188.246   -2266.697             148             148
   18          39.894     840.211          39.743     840.100              18              18
  219       -1392.280    -854.622       -1393.235    -854.046             219             219
   53        1213.677   -1130.023        1212.516   -1130.441              53              53
  137         902.826   -1078.099         901.908   -1078.590             137             137
  232         278.286     -71.846         277.730     -72.201             232             232
   95        -610.086     528.576        -610.658     528.636              95              95
  200        1040.515     561.599        1039.943     561.290             200             200
  104       -2402.017     208.902       -2403.054     209.884             104             104
  158         746.430   -1317.559         744.411   -1317.728             158             158
  132        -422.482    -222.558        -424.395    -222.469             132             132
   77       -2626.252    -923.944       -2629.781    -923.166              77              77
    1       -1241.602    -537.109       -1248.782    -536.935               1               1
