SINAL     NFT                         FFT                         NFT INVERSA     FFT INVERSA
-----     -----------------------     -----------------------     -----------     -----------
  242       64053.000       0.000       64053.000       0.000             242             242
   14        -488.189   -1248.683        -488.176   -1248.682              14              14
   88       -1737.575   -3007.234       -1737.565   -3007.233              88              88
  118        -428.846     842.786        -428.833     842.785             118             118
   10         600.931    -375.750         600.942    -375.753              10              10
  117         209.767    1617.069         209.785    1617.067             117             117
   18        -788.408     -85.622        -788.395     -85.619              18              18
  117         964.498     237.857         964.513     237.853             117             117
  136        -941.885     -17.390        -941.870     -17.386             136             136
   11        1012.899    -465.185        1012.913    -465.193              11              11
  162       -2066.040    1598.651       -2066.011    1598.664             162             162
   66       -2958.066   -2058.545       -2958.070   -2058.528              66              66
   35        -751.331     716.061        -751.327     716.055              35              35
  139        1471.176    2316.912        1471.201    2316.899             139             139
    7       -1847.122     537.606       -1847.110     537.624               7               7
  239         951.386    1717.880         951.402    1717.879             239             239
   68        1127.172    -369.678        1127.180    -369.678              68              68
  205       -2053.856   -2319.607       -2053.877   -2319.591             205             205
  187        1924.399    2091.233        1924.425    2091.201             187             187
  169        -684.241    2099.903        -684.211    2099.923             169             169
   57        1607.272   -1389.968        1607.261   -1389.975              57              57
   88         419.974    -832.423         419.978    -832.433              88              88
  230         342.683    1441.972         342.715    1441.967             230             230
    9         699.679    -205.370         699.691    -205.374               9               9
  236         712.299    -220.525         712.322    -220.534             236             236
   77       -2180.325    -830.582       -2180.322    -830.559              77              77
  186        -765.929    1849.538        -765.904    1849.539             186             186
   96         928.266    1818.111         928.294    1818.106              96              96
  205         436.700     686.294         436.718     686.308             205             205
   80         604.360    -717.756         604.359    -717.751              80              80
  239        -173.527     228.804        -173.510     228.813             239             239
  251          13.023     744.350          13.047     744.367             251             251
  107        -669.437   -1370.447        -669.465   -1370.419             107             107
  139         253.783     302.556         253.776     302.557             139             139
  103        2736.715    -832.830        2736.706    -832.880             103             103
  107          25.165    -985.163          25.171    -985.167             107             107
  103        -130.088    -518.252        -130.086    -518.266             103             103
  126         402.385    1235.612         402.422    1235.595             126             126
  135         635.609     192.791         635.624     192.784             135             135
   58        1392.519    -159.622        1392.542    -159.649              58              58
  133        -578.620   -1145.117        -578.619   -1145.115             133             133
   87        -407.272    1391.245        -407.225    1391.242              87              87
   64        1222.825     310.807        1222.854     310.779              64              64
  150           6.400     393.081           6.450     393.088             150             150
   47       -1411.001   -1131.707       -1411.010   -1131.682              47              47
   85          60.644    2053.507          60.715    2053.493              85              85
    8       -1232.413     471.791       -1232.394     471.838               8               8
  203         578.467     959.019         578.498     959.018             203             203
   28         284.528    -607.185         284.540    -607.190              28              28
  236       -2724.815    2029.143       -2724.748    2029.238             236             236
   69        -503.040     304.310        -503.070     304.364              69              69
  192        1236.581    -159.744        1236.553    -159.754             192             192
  203         500.710     247.932         500.716     247.950             203             203
  116         466.378   -1078.350         466.342   -1078.334             116             116
   61         901.226   -1703.630         901.181   -1703.663              61              61
   44        -734.085    -325.156        -734.089    -325.161              44              44
  201         221.090     919.336         221.108     919.309             201             201
  122        1195.203    1209.053        1195.247    1209.019             122             122
  142         450.365       9.900         450.383       9.904             142             142
  137        -184.103     620.969        -184.068     621.003             137             137
   95        -565.239   -1636.084        -565.322   -1636.055              95              95
  123        2250.084      13.319        2250.079      13.203             123             123
  151        -148.127    1937.602        -148.041    1937.611             151             151
  130        1967.001     258.986        1967.028     258.947             130             130
  135         463.192    -818.624         463.200    -818.628             135             135
  123         161.606     255.685         161.650     255.672             123             123
  223         696.552    1357.011         696.652    1357.004             223             223
   58       -1308.777     -13.052       -1308.754     -12.947              58              58
  249         819.380   -1144.944         819.342   -1144.952             249             249
  157        -743.412    -721.248        -743.433    -721.220             157             157
  239         187.643     167.472         187.631     167.453             239             239
  156        2726.905     726.241        2726.970     726.133             156             156
  218        -754.836    -524.296        -754.801    -524.233             218             218
  248         319.737   -1519.798         319.701   -1519.828             248             248
  137        -119.238     220.793        -119.191     220.751             137             137
  138         625.880    1508.605         626.006    1508.557             138             138
  185        -808.629     809.709        -808.519     809.764             185             185
  101       -2334.259     694.559       -2334.203     694.703             101             101
  230       -1597.849    -706.948       -1597.935    -706.862             230             230
  186        1458.755    2079.912        1458.820    2079.868             186             186
  243         535.027   -1372.629         534.965   -1372.616             243             243
   25         652.703    -367.736         652.714    -367.795              25              25
   29        -348.836    2006.900        -348.692    2006.922              29              29
   97        -738.703     676.425        -738.653     676.517              97              97
   41         -96.726     216.623         -96.708     216.683              41              41
  209        -636.554     377.118        -636.537     377.220             209             209
   78         410.400    -827.206         410.353    -827.157              78              78
    8        -550.948   -1915.592        -551.052   -1915.543               8               8
  182          82.972    -923.471          82.909    -923.519             182             182
  180         306.242    1412.583         306.323    1412.539             180             180
  198        -111.109    1593.239        -111.016    1593.303             198             198
  220         461.799    -825.496         461.758    -825.438             220             220
   85         348.653   -1938.366         348.575   -1938.368              85              85
   59       -1388.369    -454.637       -1388.386    -454.581              59              59
   58         166.170    -611.549         166.120    -611.609              58              58
  174        -587.728    2374.310        -587.594    2374.343             174             174
  250        -928.089     -47.308        -928.155     -47.191             250             250
  138        2504.397      86.468        2504.377      86.364             138             138
  118         429.144    -921.816         429.144    -921.805             118             118
   36       -1367.728    -364.060       -1367.733    -363.957              36              36
  167         121.718    -552.037         121.665    -552.035             167             167
  213        -529.414    -106.260        -529.445    -106.217             213             213
   59         147.656    -221.488         147.592    -221.468              59              59
   52        1792.558   -1715.731        1792.450   -1715.855              52              52
   76        -830.249    -745.556        -830.280    -745.571              76              76
  215         425.443    1213.969         425.517    1213.892             215             215
  241        -245.605     214.047        -245.599     214.046             241             241
  234         416.202    2000.123         416.327    2000.131             234             234
  246         187.297    -776.845         187.244    -776.784             246             246
  254          64.712    -835.818          64.664    -835.799             254             254
  161       -1708.306    -659.381       -1708.411    -659.266             161             161
  232        1520.053    -219.383        1519.946    -219.503             232             232
    8        2062.469    -488.282        2062.446    -488.446               8               8
   78        -732.691    -480.105        -732.703    -480.085              78              78
  173        -290.321    -473.144        -290.412    -473.190             173             173
  153        1196.285    1420.191        1196.315    1420.063             153             153
   98        2498.334    -349.899        2498.302    -350.109              98              98
   16        1419.162    1245.978        1419.318    1245.843              16              16
  194         968.895     575.905         969.017     575.837             194             194
    5        1118.050     550.154        1118.217     550.066               5               5
  168       -1892.489    2213.370       -1892.227    2213.591             168             168
  205        -748.367   -1084.283        -748.454   -1084.114             205             205
   88        -265.190   -1482.567        -265.333   -1482.515              88              88
  182         614.730   -2153.940         614.546   -2154.076             182             182
  218         135.903    1782.863         136.044    1782.766             218             218
   15         614.925    -515.533         614.888    -515.633              15              15
   49         533.578    1672.811         533.747    1672.710              49              49
   47        -680.869    1593.593        -680.741    1593.680              47              47
  252        1745.001    -351.889        1745.000    -352.000             252             252
  143       -1198.216     227.580       -1198.157     227.669             143             143
  255         499.894     631.127         499.948     631.075             255             255
  252        -527.612     742.162        -527.550     742.216             252             252
  136         228.713     464.213         228.727     464.218             136             136
  213         -49.866     -17.923         -49.908     -17.909             213             213
  203         681.660     232.368         681.607     232.299             203             203
  201        3444.832    -587.319        3444.828    -587.698             201             201
  132        -630.719    2999.153        -630.345    2999.163             132             132
  250         490.514    1489.583         490.692    1489.611             250             250
    2         663.234     383.531         663.349     383.529               2               2
   51       -1131.822    1514.101       -1131.649    1514.272              51              51
    8        1331.672      -3.279        1331.703      -3.326               8               8
   21         -77.106    1085.527         -76.922    1085.605              21              21
  208        -385.429    -272.785        -385.397    -272.690             208             208
   35           6.562    1289.497           6.732    1289.557              35              35
  114        -359.157     106.630        -359.093     106.747             114             114
   95        -255.264     572.752        -255.154     572.842              95              95
   76       -1122.012    1322.941       -1121.853    1323.169              76              76
  119        -889.582    -190.289        -889.610    -190.051             119             119
  195       -1296.410     214.818       -1296.473     215.117             195             195
   66        1259.292   -2134.752        1259.017   -2134.722              66              66
  128        -553.203   -3312.455        -553.580   -3312.438             128             128
  148        1785.418    -109.400        1785.353    -109.723             148             148
  166        2234.645    1698.476        2234.911    1698.199             166             166
  235        -450.507     779.672        -450.272     779.750             235             235
   79       -1776.492     504.871       -1776.396     505.103              79              79
  218          23.837     147.248          23.831     147.301             218             218
  152         315.265     504.325         315.339     504.368             152             152
  152        -355.634    -320.903        -355.630    -320.773             152             152
   12         180.374   -1681.971         180.267   -1681.983              12              12
  197       -2074.477    -160.482       -2074.479    -160.365             197             197
  173        -571.776    1872.419        -571.659    1872.445             173             173
  231          60.075    1764.131          60.204    1764.242             231             231
  131        -841.111   -1411.333        -841.342   -1411.155             131             131
  141        1049.033     632.536        1049.029     632.440             141             141
  177        -521.520     848.723        -521.494     848.866             177             177
  220         843.707    -841.462         843.512    -841.479             220             220
   57        2270.329     319.706        2270.365     319.500              57              57
   56         -18.526     -32.249         -18.482     -32.198              56              56
  189        1148.825     396.407        1148.907     396.348             189             189
  180         636.248    -330.498         636.309    -330.492             180             180
   73        -451.619    -497.069        -451.599    -496.976              73              73
   81         821.791    -815.761         821.802    -815.881              81              81
  239       -1565.166    1303.614       -1564.933    1303.764             239             239
    4        -554.542    1512.568        -554.372    1512.744               4               4
  166         504.282    -806.112         504.261    -806.034             166             166
   96       -2671.256    -268.147       -2671.274    -267.770              96              96
    6          53.383    -562.847          53.243    -562.788               6               6
    0        -396.528    -924.316        -396.650    -924.257              -0              -0
   75       -1849.380      74.149       -1849.484      74.358              75              75
  130        1738.356    -494.876        1738.210    -495.097             130             130
  220        -607.509    1185.028        -607.372    1185.114             220             220
    5         105.589    -112.932         105.574    -112.867               5               5
  225       -2619.796    -584.931       -2619.990    -584.587             225             225
   11        1639.148    -447.121        1638.925    -447.344              11              11
  126         411.042     917.967         411.112     917.900             126             126
  129        -428.970     948.383        -428.911     948.508             129             129
  157        -885.337    -529.778        -885.562    -529.599             157             157
   15        1876.698     553.877        1876.630     553.717              15              15
   51         248.566    -653.023         248.429    -652.978              51              51
  194         733.457    -994.112         733.269    -994.223             194             194
   31        -377.700    1036.366        -377.701    1036.396              31              31
  163        2827.681     684.452        2827.710     684.209             163             163
   69        -650.944   -2012.719        -651.199   -2012.628              69              69
  190        1090.451    1506.992        1090.573    1506.838             190             190
  200         186.792    -844.922         186.623    -844.910             200             200
  239        1027.793     190.685        1027.740     190.538             239             239
  180         219.633    -146.449         219.502    -146.494             180             180
   78        2045.435    -338.989        2045.263    -339.343              78              78
  222        3158.645    2151.300        3158.952    2150.853             222             222
   36        1540.383     911.462        1540.662     911.338              36              36
  146         492.659     115.944         492.841     115.914             146             146
  149        -665.088    1687.819        -664.783    1687.960             149             149
   85        -505.540     934.097        -505.480     934.301              85              85
   79        2431.875     939.507        2431.999     939.381              79              79
  218        -175.033    -507.939        -175.040    -507.710             218             218
   50        1599.481   -1461.803        1599.346   -1461.930              50              50
  131        -112.651    -285.917        -112.594    -285.921             131             131
   58        -452.747    1057.682        -452.628    1057.775              58              58
   10        1151.716     383.915        1151.696     383.867              10              10
  233        2799.562     191.875        2799.682     191.623             233             233
  106        -306.454    -922.523        -306.442    -922.421             106             106
   31        1567.669    1364.542        1567.962    1364.423              31              31
  131         710.365   -1446.981         710.364   -1446.989             131             131
  151         148.944     780.706         149.274     780.707             151             151
   31       -1317.497     697.993       -1317.239     698.290              31              31
   70       -1573.979     307.822       -1573.944     308.200              70              70
   94         191.417     429.282         191.383     429.487              94              94
  108        1432.970   -1782.272        1432.698   -1782.271             108             108
   73        2111.762   -1718.544        2111.689   -1718.799              73              73
   22       -1083.153     267.400       -1082.939     267.616              22              22
  155        1060.575   -1697.508        1060.487   -1697.562             155             155
   25        -873.994   -2415.636        -874.145   -2415.604              25              25
   25        -236.122     190.370        -235.917     190.238              25              25
   11       -1764.425     123.028       -1764.260     123.165              11              11
  243       -1862.945    1452.957       -1862.723    1453.215             243             243
  167        -659.176    -593.972        -659.296    -593.859             167             167
  207       -1359.629     409.561       -1359.622     409.718             207             207
   95       -1031.033     452.275       -1031.117     452.387              95              95
  210        1027.579    2106.601        1027.808    2106.541             210             210
   31       -1317.148   -1344.105       -1317.426   -1343.837              31              31
  244         572.473    2067.040         572.634    2067.023             244             244
   68        1123.344    -629.721        1123.228    -629.743              68              68
  180        -501.238     213.149        -501.202     213.303             180             180
  156        -233.086    -164.542        -233.177    -164.443             156             156
  112        -282.755     860.509        -282.751     860.651             112             112
  198         663.243     113.835         663.094     113.913             198             198
   82        2911.708   -1715.075        2911.490   -1715.472              82              82
   97       -1872.012    1385.876       -1871.763    1386.179              97              97
  190         987.512    1106.581         987.543    1106.660             190             190
   65        1698.910   -1618.208        1698.643   -1618.249              65              65
  126         857.138    -985.213         857.025    -985.256             126             126
   12        1867.673    -716.923        1867.685    -717.138              12              12
   58          21.534   -1130.793          21.524   -1130.731              58              58
   74         929.525   -2509.022         929.300   -2509.297              74              74
  173          53.567    1515.225          54.052    1515.085             173             173
   59        -865.369    -719.584        -865.226    -719.485              59              59
  111       -3887.761     703.395       -3887.679     703.943             111             111
  239         673.837     683.410         673.742     683.313             239             239
   15         553.911      18.072         553.846      17.993              15              15
  221        1706.709     761.498        1706.946     761.216             221             221
   26       -1547.447    2223.403       -1546.942    2223.848              26              26
  150       -1128.342   -1546.347       -1128.631   -1545.923             150             150
  177         -12.154   -1236.128         -12.416   -1236.101             177             177
   52        -762.816     372.493        -762.843     372.635              52              52
   86         725.430    -698.438         725.240    -698.520              86              86
   97        -999.304    -245.696        -999.492    -245.550              97              97
   26        3489.000       0.608        3489.000       0.000              26              26
  194        -999.685     245.397        -999.494     245.547             194             194
  217         725.042     698.605         725.237     698.521             217             217
  106        -762.868    -372.783        -762.841    -372.636             106             106
  218         -12.690    1236.071         -12.418    1236.100             218             218
   18       -1128.935    1545.478       -1128.633    1545.921              18              18
  140       -1546.406   -2224.319       -1546.938   -2223.852             140             140
   98        1707.196    -760.914        1706.947    -761.213              98              98
   50         553.778     -17.908         553.846     -17.993              50              50
   26         673.645    -683.208         673.745    -683.312              26              26
   23       -3887.585    -704.549       -3887.676    -703.952              23              23
  122        -865.074     719.375        -865.228     719.484             122             122
  163          54.590   -1514.931          54.056   -1515.085             163             163
   86         929.046    2509.603         929.296    2509.298              86              86
   73          21.510    1130.663          21.522    1130.732              73              73
  148        1867.698     717.386        1867.684     717.143             148             148
  214         856.895     985.305         857.024     985.256             214             214
   80        1698.327    1618.301        1698.636    1618.252              80              80
  171         987.586   -1106.749         987.547   -1106.658             171             171
   89       -1871.468   -1386.537       -1871.759   -1386.184              89              89
  211        2911.229    1715.944        2911.486    1715.477             211             211
   65         662.917    -114.005         663.094    -113.913              65              65
  196        -282.742    -860.818        -282.748    -860.651             196             196
  152        -233.287     164.322        -233.178     164.441             152             152
  220        -501.157    -213.491        -501.201    -213.305             220             220
   52        1123.083     629.773        1123.226     629.745              52              52
  178         572.840   -2066.999         572.641   -2067.021             178             178
  124       -1317.771    1343.502       -1317.428    1343.834             124             124
  253        1028.097   -2106.465        1027.812   -2106.539             253             253
  195       -1031.222    -452.530       -1031.116    -452.390             195             195
  211       -1359.612    -409.918       -1359.620    -409.720             211             211
  102        -659.447     593.712        -659.295     593.856             102             102
  157       -1862.436   -1453.550       -1862.722   -1453.217             157             157
  232       -1764.047    -123.356       -1764.260    -123.172             232             232
   29        -235.650    -190.066        -235.917    -190.238              29              29
  133        -874.350    2415.559        -874.149    2415.602             133             133
  241        1060.365    1697.638        1060.484    1697.564             241             241
  175       -1082.647    -267.913       -1082.935    -267.621             175             175
   99        2111.585    1719.148        2111.685    1718.803              99              99
  153        1432.321    1782.269        1432.694    1782.271             153             153
  216         191.337    -429.769         191.384    -429.488             216             216
  143       -1573.892    -308.731       -1573.941    -308.206             143             143
   60       -1316.875    -698.706       -1317.236    -698.292              60              60
    3         149.743    -780.709         149.279    -780.708               3               3
  232         710.357    1447.004         710.359    1446.991             232             232
  175        1568.390   -1364.250        1567.969   -1364.421             175             175
  155        -306.428     922.273        -306.445     922.420             155             155
  155        2799.856    -191.251        2799.683    -191.617             155             155
  165        1151.668    -383.794        1151.696    -383.866             165             165
  194        -452.444   -1057.914        -452.624   -1057.777             194             194
   61        -112.508     285.926        -112.594     285.922              61              61
   60        1599.141    1462.125        1599.342    1461.933              60              60
  202        -175.053     507.361        -175.042     507.707             202             202
  100        2432.191    -939.184        2432.002    -939.376             100             100
  246        -505.385    -934.618        -505.477    -934.303             246             246
  209        -664.308   -1688.183        -664.779   -1687.964             209             209
  186         493.127    -115.867         492.842    -115.914             186             186
    6        1541.106    -911.139        1540.667    -911.336               6               6
   69        3159.444   -2150.133        3158.957   -2150.844              69              69
  229        2044.987     339.915        2045.263     339.348             229             229
   66         219.289     146.567         219.500     146.494              66              66
  240        1027.656    -190.298        1027.741    -190.536             240             240
  194         186.344     844.889         186.621     844.911             194             194
   67        1090.777   -1506.584        1090.576   -1506.837              67              67
   81        -651.627    2012.476        -651.201    2012.628              81              81
   67        2827.762    -683.784        2827.711    -684.202              67              67
    3        -377.700   -1036.448        -377.700   -1036.396               3               3
  229         732.943     994.414         733.265     994.224             229             229
    4         248.187     652.897         248.426     652.976               4               4
    9        1876.512    -553.430        1876.630    -553.712               9               9
   11        -885.960     529.283        -885.565     529.597              11              11
   80        -428.806    -948.733        -428.911    -948.511              80              80
   70         411.240    -917.781         411.113    -917.900              70              70
  127        1638.520     447.752        1638.923     447.348             127             127
  120       -2620.341     583.957       -2619.990     584.583             120             120
   43         105.547     112.747         105.574     112.867              43              43
   81        -607.115   -1185.275        -607.370   -1185.116              81              81
  219        1737.933     495.516        1738.206     495.102             219             219
   85       -1849.680     -74.755       -1849.484     -74.362              85              85
   39        -396.885     924.143        -396.654     924.255              39              39
  159          52.973     562.672          53.241     562.787             159             159
  134       -2671.315     267.027       -2671.277     267.761             134             134
  219         504.219     805.889         504.260     806.037             219             219
  218        -554.032   -1513.091        -554.368   -1512.746             218             218
  145       -1564.470   -1304.069       -1564.931   -1303.768             145             145
  235         821.819     816.123         821.799     815.882             235             235
  212        -451.560     496.788        -451.600     496.976             212             212
  236         636.431     330.482         636.308     330.493             236             236
  194        1149.074    -396.224        1148.907    -396.346             194             194
  216         -18.390      32.091         -18.481      32.197             216             216
   83        2270.443    -319.059        2270.366    -319.493              83              83
   70         843.097     841.517         843.509     841.481              70              70
  174        -521.437    -849.172        -521.493    -848.867             174             174
  124        1049.020    -632.231        1049.029    -632.437             124             124
  178        -841.844    1410.769        -841.345    1411.153             178             178
   32          60.490   -1764.484          60.208   -1764.242              32              32
  148        -571.396   -1872.502        -571.656   -1872.445             148             148
  181       -2074.484     160.087       -2074.480     160.357             181             181
  155         180.018    1682.011         180.262    1681.983             155             155
   85        -355.621     320.476        -355.630     320.772              85              85
  115         315.512    -504.465         315.341    -504.368             115             115
   29          23.819    -147.426          23.831    -147.302              29              29
   83       -1776.173    -505.650       -1776.396    -505.108              83              83
   41        -449.716    -779.939        -450.270    -779.753              41              41
  188        2235.541   -1697.539        2234.912   -1698.196             188             188
  244        1785.198     110.503        1785.354     109.728             244             244
  154        -554.500    3312.394        -553.587    3312.437             154             154
   70        1258.341    2134.649        1259.012    2134.724              70              70
  151       -1296.626    -215.855       -1296.472    -215.119             151             151
   46        -889.685     189.452        -889.613     190.046              46              46
   60       -1121.449   -1323.744       -1121.849   -1323.173              60              60
  152        -254.873    -573.071        -255.153    -572.844             152             152
   51        -358.929    -107.051        -359.092    -106.749              51              51
  123           7.177   -1289.714           6.735   -1289.559             123             123
  203        -385.312     272.438        -385.398     272.689             203             203
   98         -76.432   -1085.812         -76.920   -1085.607              98              98
  102        1331.786       3.450        1331.703       3.327             102             102
  142       -1131.176   -1514.736       -1131.645   -1514.275             142             142
  175         663.664    -383.522         663.351    -383.527             175             175
  162         491.185   -1489.686         490.697   -1489.610             162             162
  103        -629.306   -2999.190        -630.341   -2999.163             103             103
   51        3444.815     588.770        3444.827     587.706              51              51
  180         681.458    -232.104         681.607    -232.298             180             180
   55         -50.031      17.869         -49.910      17.908              55              55
  253         228.768    -464.230         228.729    -464.217             253             253
   18        -527.369    -742.377        -527.549    -742.218              18              18
   92         500.107    -630.922         499.951    -631.074              92              92
  129       -1197.980    -227.935       -1198.156    -227.671             129             129
  173        1744.998     352.333        1745.000     352.000             173             173
   21        -680.338   -1593.951        -680.736   -1593.682              21              21
  215         534.273   -1672.400         533.750   -1672.709             215             215
  199         614.772     515.951         614.887     515.636             199             199
  149         136.497   -1782.461         136.048   -1782.765             149             149
   85         613.949    2154.510         614.541    2154.077              85              85
  247        -265.800    1482.348        -265.336    1482.515             247             247
   83        -748.741    1083.557        -748.456    1084.109              83              83
  250       -1891.363   -2214.317       -1892.223   -2213.592             250             250
  138        1118.777    -549.767        1118.219    -550.064             138             138
  204         969.434    -575.600         969.020    -575.834             204             204
  236        1419.852   -1245.379        1419.321   -1245.840             236             236
  177        2498.192     350.845        2498.301     350.115             177             177
  195        1196.431   -1419.613        1196.319   -1420.060             195             195
   62        -290.734     473.351        -290.413     473.190              62              62
   76        -732.747     480.012        -732.703     480.083              76              76
   39        2062.363     489.039        2062.445     488.448              39              39
  228        1519.559     219.944        1519.945     219.506             228             228
  122       -1708.799     658.835       -1708.413     659.263             122             122
  242          64.478     835.729          64.661     835.799             242             242
   97         187.041     776.556         187.242     776.785              97              97
    2         416.810   -2000.163         416.330   -2000.131               2               2
   97        -245.573    -214.043        -245.598    -214.047              97              97
   59         425.809   -1213.595         425.520   -1213.892              59              59
   86        -830.401     745.627        -830.280     745.571              86              86
  140        1792.005    1716.360        1792.444    1715.859             140             140
   82         147.335     221.393         147.592     221.470              82              82
  127        -529.573     106.033        -529.446     106.215             127             127
    3         121.442     552.027         121.663     552.036               3               3
  161       -1367.762     363.517       -1367.735     363.953             161             161
   79         429.142     921.760         429.142     921.805              79              79
   45        2504.291     -85.909        2504.378     -86.357              45              45
   43        -928.440      46.683        -928.154      47.191              43              43
  213        -586.984   -2374.497        -587.588   -2374.345             213             213
   47         165.891     611.873         166.118     611.608              47              47
   54       -1388.464     454.312       -1388.387     454.576              54              54
  141         348.202    1938.376         348.571    1938.368             141             141
  165         461.560     825.174         461.755     825.439             165             165
   50        -110.567   -1593.608        -111.012   -1593.305              50              50
  135         306.718   -1412.331         306.326   -1412.539             135             135
  184          82.596     923.751          82.907     923.519             184             184
  212        -551.581    1915.296        -551.058    1915.540             212             212
   29         410.117     826.919         410.352     827.158              29              29
   39        -636.450    -377.739        -636.536    -377.223              39              39
  117         -96.619    -216.991         -96.708    -216.683             117             117
  200        -738.386    -677.002        -738.651    -676.520             200             200
  145        -347.927   -2007.039        -348.687   -2006.923             145             145
   86         652.771     368.109         652.713     367.797              86              86
   91         534.628    1372.549         534.963    1372.616              91              91
    8        1459.196   -2079.613        1458.825   -2079.864               8               8
  234       -1598.419     706.371       -1597.937     706.859             234             234
   60       -2333.877    -695.541       -2334.201    -694.711              60              60
   91        -807.885    -810.083        -808.518    -809.766              91              91
  252         626.752   -1508.275         626.010   -1508.555             252             252
  194        -118.909    -220.501        -119.190    -220.750             194             194
    0         319.472    1520.013         319.697    1519.829               0              -0
  132        -754.587     523.849        -754.801     524.233             132             132
   84        2727.377    -725.439        2726.971    -726.127              84              84
  187         187.554    -167.336         187.631    -167.453             187             187
   59        -743.570     721.034        -743.435     721.217              59              59
  158         819.082    1145.010         819.339    1144.954             158             158
   17       -1308.600      12.236       -1308.754      12.943              17              17
   31         697.339   -1356.954         696.657   -1357.002              31              31
  210         161.952    -255.587         161.651    -255.673             210             210
  176         463.258     818.657         463.200     818.628             176             176
   48        1967.217    -258.636        1967.028    -258.942              48              48
   77        -147.395   -1937.676        -148.037   -1937.611              77              77
   97        2250.044     -12.320        2250.079     -13.198              97              97
   40        -565.964    1635.819        -565.325    1636.052              40              40
   10        -183.804    -621.275        -184.068    -621.005              10              10
  240         450.523      -9.927         450.384      -9.903             240             240
  251        1195.607   -1208.744        1195.249   -1209.018             251             251
   57         221.264    -919.081         221.109    -919.308              57              57
   14        -734.131     325.187        -734.091     325.158              14              14
  200         900.779    1703.962         901.177    1703.667             200             200
   30         466.011    1078.201         466.338    1078.334              30              30
   34         500.769    -248.097         500.716    -247.949              34              34
   74        1236.293     159.857        1236.552     159.757              74              74
  104        -503.342    -304.864        -503.069    -304.364             104             104
  229       -2724.091   -2030.171       -2724.742   -2029.246             229             229
   70         284.648     607.232         284.539     607.188              70              70
   47         578.818    -959.000         578.500    -959.018              47              47
  103       -1232.188    -472.326       -1232.392    -471.840             103             103
  111          61.484   -2053.350          60.722   -2053.493             111             111
  249       -1411.116    1131.389       -1411.012    1131.678             249             249
    3           6.999    -393.165           6.450    -393.088               3               3
  107        1223.175    -310.451        1222.855    -310.775             107             107
  102        -406.667   -1391.220        -407.221   -1391.242             102             102
  189        -578.609    1145.081        -578.621    1145.114             189             189
   71        1392.818     159.997        1392.540     159.652              71              71
   13         635.815    -192.685         635.624    -192.783              13              13
  177         402.915   -1235.372         402.426   -1235.593             177             177
  119        -130.067     518.445        -130.088     518.265             119             119
   32          25.234     985.219          25.167     985.167              32              32
  212        2736.561     833.597        2736.703     832.886             212             212
   17         253.673    -302.578         253.776    -302.554              17              17
   38        -669.899    1370.007        -669.466    1370.420              38              38
  107          13.418    -744.645          13.048    -744.367             107             107
  163        -173.244    -228.980        -173.510    -228.815             163             163
   61         604.324     717.692         604.357     717.754              61              61
  176         437.054    -686.555         436.720    -686.309             176             176
  246         928.832   -1817.990         928.297   -1818.103             246             246
  198        -765.415   -1849.576        -765.900   -1849.541             198             198
   86       -2180.259     830.079       -2180.324     830.554              86              86
  148         712.776     220.733         712.321     220.535             148             148
  160         699.945     205.457         699.690     205.375             160             160
   95         343.452   -1441.832         342.718   -1441.966              95              95
   92         420.029     832.683         419.975     832.433              92              92
   41        1606.949    1390.172        1607.257    1389.977              41              41
  158        -683.374   -2100.456        -684.206   -2099.923             158             158
  103        1925.154   -2090.289        1924.428   -2091.195             103             103
   94       -2054.487    2319.079       -2053.881    2319.586              94              94
  207        1127.438     369.668        1127.180     369.678             207             207
  178         951.987   -1717.802         951.405   -1717.876             178             178
   65       -1846.715    -538.316       -1847.110    -537.627              65              65
  216        1472.213   -2316.302        1471.207   -2316.894             216             216
   45        -751.126    -715.843        -751.324    -716.058              45              45
   59       -2958.383    2057.657       -2958.076    2058.523              59              59
  133       -2064.519   -1599.360       -2066.009   -1598.666             133             133
  129        1013.713     465.689        1012.913     465.195             129             129
  249        -940.962      17.096        -941.870      17.385             249             249
   15         965.572    -237.506         964.512    -237.852              15              15
   24        -787.361      85.327        -788.396      85.619              24              24
  204         211.697   -1616.852         209.788   -1617.066             204             204
  130         602.343     376.236         600.941     375.754             130             130
  110        -426.592    -842.515        -428.830    -842.784             110             110
  106       -1735.257    3006.870       -1737.573    3007.230             106             106
  160        -481.678    1248.190        -488.178    1248.682             160             160
