SINAL     NFT                         FFT                         NFT INVERSA     FFT INVERSA
-----     -----------------------     -----------------------     -----------     -----------
  158       65112.000       0.000       65112.000       0.000             158             158
   21        1351.312     130.341        1351.326     130.341              21              21
  132       -1814.480     669.494       -1814.465     669.497             132             132
  102        -140.508   -3001.463        -140.499   -3001.462             102             102
   53        -242.138     -62.554        -242.125     -62.554              53              53
  140         -45.984     -11.319         -45.970     -11.319             140             140
    5         -62.585     528.457         -62.566     528.459               5               5
  173       -2372.098    -814.969       -2372.088    -814.958             173             173
   74         -48.468    -823.418         -48.462    -823.417              74              74
  207         247.289     500.055         247.305     500.055             207             207
  149        -211.885    -518.356        -211.872    -518.351             149             149
  126       -1162.531    -973.862       -1162.522    -973.853             126             126
  246       -1354.464    -419.097       -1354.457    -419.086             246             246
  241        -287.881    -649.550        -287.878    -649.547             241             241
  215         -42.688    -110.228         -42.677    -110.226             215             215
   68       -1352.887   -1389.082       -1352.891   -1389.069              68              68
  192        1757.833    -463.408        1757.840    -463.427             192             192
   20       -1875.654   -1762.730       -1875.654   -1762.713              20              20
  233       -1894.534   -1589.790       -1894.552   -1589.784             233             233
   76        1525.524     342.774        1525.532     342.739              76              76
   76       -1772.281     323.946       -1772.271     323.953              76              76
  213        1110.710    1649.243        1110.733    1649.222             213             213
  159        -535.354     506.883        -535.340     506.894             159             159
  229         -69.640    -685.332         -69.647    -685.330             229             229
  170        -216.558     -43.048        -216.561     -43.051             170             170
  114        1127.404     342.442        1127.412     342.421             114             114
   16         -45.557    -181.752         -45.550    -181.755              16              16
  134        -383.163      17.641        -383.161      17.642             134             134
  125         668.233       7.782         668.234       7.764             125             125
   38         -47.830     -26.252         -47.832     -26.257              38              38
  131        1649.447    -985.000        1649.434    -985.049             131             131
  181         576.126    1341.061         576.166    1341.029             181             181
  196        1028.951    1213.640        1029.000    1213.615             196             196
   82       -1040.358    -202.458       -1040.342    -202.440              82              82
   62        -618.751    -377.932        -618.759    -377.941              62              62
   99         271.149    1789.408         271.178    1789.375              99              99
  252        2483.793    3231.645        2483.880    3231.597             252             252
   46        -679.381     187.238        -679.356     187.282              46              46
  208        1776.789    -658.674        1776.799    -658.712             208             208
  248       -1469.215     304.454       -1469.181     304.474             248             248
  170          35.631    2170.812          35.692    2170.807             170             170
   96        -328.432    1589.106        -328.391    1589.135              96              96
   91        1296.536    1103.345        1296.570    1103.345              91              91
  238         593.268    -300.159         593.281    -300.147             238             238
  115         492.125     233.730         492.157     233.730             115             115
  173         538.565    1214.784         538.635    1214.792             173             173
  117        -887.079     921.879        -887.021     921.953             117             117
  140        -282.610   -1054.323        -282.617   -1054.268             140             140
  234       -2054.488   -1233.938       -2054.532   -1233.852             234             234
   17         697.281    -492.396         697.234    -492.406              17              17
  159        2189.140   -1081.556        2189.106   -1081.624             159             159
  140        1674.902      97.813        1674.946      97.754             140             140
   58         727.376    -284.513         727.431    -284.545              58              58
  220        -569.246    1663.804        -569.125    1663.838             220             220
    9       -1271.192   -1094.017       -1271.184   -1093.953               9               9
  187        -770.226     669.214        -770.169     669.246             187             187
  151       -1344.588    1253.662       -1344.515    1253.757             151             151
   52       -1821.116    -947.804       -1821.146    -947.664              52              52
  124        -670.728   -4556.523        -670.902   -4556.498             124             124
  167       -1640.378    -245.522       -1640.413    -245.520             167             167
  159         663.765    -302.951         663.727    -303.030             159             159
  219        -720.539    2069.593        -720.481    2069.591             219             219
  125        1499.205    1894.772        1499.271    1894.757             125             125
    5        -290.736   -2254.824        -290.810   -2254.786               5               5
   35         -28.664    -413.207         -28.678    -413.244              35              35
  178        -224.100    2644.363        -223.987    2644.381             178             178
  250         -94.813   -1191.637         -94.861   -1191.603             250             250
  235       -1822.663    1143.500       -1822.655    1143.599             235             235
  125        2244.951    -804.948        2244.869    -805.015             125             125
  160        1241.000     439.080        1241.029     439.062             160             160
   78        1173.078   -1944.993        1173.022   -1945.017              78              78
  152         451.510   -1543.877         451.488   -1543.925             152             152
  243         183.006     -12.664         183.064     -12.718             243             243
  240       -1991.960    1013.063       -1991.886    1013.141             240             240
  216        -750.124    -127.680        -750.155    -127.637             216             216
   58         474.154    -449.748         474.111    -449.787              58              58
    9         400.786    1030.728         400.834    1030.698               9               9
   24        -249.770     556.012        -249.755     556.046              24              24
   89        1802.761    -451.961        1802.751    -452.030              89              89
  110         -51.029     114.916         -50.964     114.932             110             110
   29       -2293.458    -274.617       -2293.480    -274.472              29              29
  226        1468.650   -2579.325        1468.491   -2579.445             226             226
  206        -651.049    2354.921        -650.931    2354.903             206             206
   46         511.636    1186.938         511.669    1186.952              46              46
  248         978.629   -1543.482         978.519   -1543.520             248             248
  111        3131.052     797.095        3131.145     796.912             111             111
   40        -538.065     202.459        -537.967     202.506              40              40
   80         753.713    -351.367         753.774    -351.400              80              80
   44       -1393.408    -343.023       -1393.340    -342.959              44              44
  138       -2715.646     765.083       -2715.600     765.225             138             138
  180        -705.773     728.849        -705.800     728.908             180             180
  177        1282.524     727.456        1282.524     727.434             177             177
   32        1250.587    -816.255        1250.562    -816.269              32              32
  127         163.258   -1950.660         163.201   -1950.682             127             127
   27       -1485.154    1177.912       -1485.069    1177.986              27              27
  191         580.373    -578.805         580.332    -578.813             191             191
  131        -520.958    -711.020        -521.006    -710.975             131             131
  231        1359.984   -2792.253        1359.830   -2792.424             231             231
  182        -631.633    2996.831        -631.392    2996.789             182             182
  246       -1173.069     964.443       -1173.012     964.560             246             246
  172         754.441   -1301.519         754.348   -1301.559             172             172
  101         266.023     463.660         266.090     463.618             101             101
  222        -761.070    -297.584        -761.058    -297.560             222             222
   59        -479.428     671.234        -479.368     671.229              59              59
   59       -1126.293    1842.188       -1126.173    1842.294              59              59
   48        -539.425    -877.491        -539.508    -877.403              48              48
   82       -1362.043   -1040.559       -1362.174   -1040.493              82              82
  159          -9.804    1498.277          -9.801    1498.275             159             159
  199         760.475   -1738.286         760.262   -1738.349             199             199
  166        1653.261     844.757        1653.263     844.586             166             166
   66        1769.605     224.354        1769.624     224.202              66              66
  182        1076.831     -91.741        1076.865     -91.883             182             182
  241         635.003    2291.301         635.216    2291.217             241             241
  157         361.735     945.612         361.847     945.598             157             157
   53         321.923    2056.697         322.112    2056.728              53              53
   85         122.443    -385.660         122.438    -385.612              85              85
   45        1807.571     839.465        1807.719     839.345              45              45
  228       -2433.708    2043.063       -2433.502    2043.327             228             228
  138        1095.432      56.806        1095.424      56.857             138             138
   86        1109.333    -682.137        1109.364    -682.116              86              86
   11        -974.302   -1039.268        -974.285   -1039.129              11              11
   48       -1216.961   -1118.263       -1217.007   -1118.149              48              48
  164        -747.963    -848.883        -748.023    -848.852             164             164
  241        -415.579     751.465        -415.512     751.483             241             241
  153       -1268.549    -130.160       -1268.578    -130.038             153             153
  200        -763.671    -652.272        -763.801    -652.237             200             200
  150        1390.372    1649.218        1390.459    1649.111             150             150
   76         366.013    -279.101         366.017    -279.085              76              76
   13        -661.026     266.922        -661.000     267.000              13              13
  231          94.721     677.029          94.759     677.071             231             231
   16        -400.350     425.259        -400.357     425.396              16              16
   82        1462.204   -1700.228        1462.045   -1700.281              82              82
   24        -193.887    -471.222        -193.922    -471.183              24              24
  189        1994.481   -1487.635        1994.408   -1487.824             189             189
  242        -677.623     840.823        -677.441     840.878             242             242
   19        -898.665   -1205.273        -898.709   -1205.167              19              19
   69       -1635.635   -1377.341       -1635.755   -1377.253              69              69
   99       -1209.613     452.325       -1209.650     452.365              99              99
   36         -24.224     340.580         -24.303     340.581              36              36
  196        1132.261   -2013.688        1132.015   -2013.864             196             196
   46         254.224    1468.603         254.315    1468.470              46              46
  237        1618.504     576.099        1618.555     575.911             237             237
   68        -201.258     936.119        -201.160     936.120              68              68
  198        1386.915    -261.013        1386.914    -261.188             198             198
   55         -46.746    2545.634         -46.454    2545.639              55              55
  136         101.655    -279.798         101.657    -279.759             136             136
  191         -62.493    1358.813         -62.362    1358.866             191             191
    7        1707.637    -688.313        1707.639    -688.420               7               7
  164       -1404.215    -539.129       -1404.199    -539.039             164             164
   27        1236.693    2217.151        1236.974    2217.030              27              27
   84       -2021.311     819.595       -2021.171     819.903              84              84
  126          76.473    -621.916          76.406    -621.825             126             126
   94        -505.727    -949.640        -505.801    -949.570              94              94
  148        -975.883    -312.944        -975.939    -312.892             148             148
   92         716.063    1327.543         716.195    1327.467              92              92
  203       -1677.762       1.006       -1677.785       1.202             203             203
  119         755.286    1423.563         755.379    1423.561             119             119
  232        -681.347    -974.696        -681.477    -974.539             232             232
  103         294.244    -306.747         294.151    -306.754             103             103
  179        1270.010    -368.303        1269.994    -368.430             179             179
   73       -1220.662     311.112       -1220.609     311.250              73              73
  239         128.636    -782.607         128.528    -782.642             239             239
   42       -1013.791    1600.458       -1013.681    1600.576              42              42
  241         727.698    -734.012         727.550    -734.045             241             241
  189        -412.013     686.211        -412.007     686.276             189             189
  166         903.054     609.336         903.043     609.354             166             166
  150         341.814   -2703.279         341.468   -2703.286             150             150
  174         904.609    -373.790         904.512    -373.995             174             174
    2         935.958     219.840         935.945     219.632               2               2
   25        1183.854    1639.053        1184.010    1638.888              25              25
  202        2028.799     576.021        2028.911     575.840             202             202
  113        1008.247      36.595        1008.379      36.506             113             113
  207        -322.460    1441.721        -322.204    1441.857             207             207
  130         366.805   -3054.934         366.515   -3054.971             130             130
  119         -87.579    1281.078         -87.416    1280.981             119             119
   29        1892.169     911.367        1892.335     911.181              29              29
   84        1054.745   -1212.323        1054.799   -1212.463              84              84
   60        -601.649     446.180        -601.399     446.144              60              60
  217        -320.470    1324.861        -320.125    1324.839             217             217
   59       -2529.074    1008.565       -2528.838    1008.847              59              59
  101       -1464.226    1370.520       -1464.069    1370.722             101             101
  221       -1277.562     557.826       -1277.554     558.023             221             221
  138         211.387     929.888         211.452     929.894             138             138
   87        -245.574    2564.263        -245.255    2564.467              87              87
   49       -1176.676   -1744.800       -1176.904   -1744.466              49              49
  174        -192.866   -1236.790        -193.067   -1236.765             174             174
  200        -574.579     252.562        -574.621     252.584             200             200
  221        1204.163     410.904        1204.191     410.725             221             221
   92         -89.574    1383.974         -89.330    1384.012              92              92
  239       -1694.688    -255.881       -1694.725    -255.651             239             239
  238         -90.178    2123.844         -89.986    2123.923             238             238
  132        -858.050    -580.708        -858.207    -580.495             132             132
  124           6.729     742.688           6.677     742.756             124             124
   84        1616.861    -302.302        1616.753    -302.440              84              84
   37         563.811     545.648         563.889     545.617              37              37
  195         987.964     574.685         988.087     574.650             195             195
  242         267.659    -850.897         267.659    -850.896             242             242
  142        -697.300     672.156        -697.119     672.222             142             142
   56       -1189.958    1074.827       -1189.793    1075.001              56              56
  204       -1548.263    1404.283       -1548.186    1404.573             204             204
   61         828.302    1018.031         828.299    1018.087              61              61
   36        1622.168     -78.815        1622.183     -78.888              36              36
  152        -497.969    1923.456        -497.630    1923.738             152             152
   25        -310.378   -1081.869        -310.473   -1081.550              25              25
  227       -1142.445   -1411.477       -1142.639   -1411.176             227             227
  175          65.497    -975.837          65.336    -975.784             175             175
   96        -295.233     -43.650        -295.228     -43.556              96              96
  135        -561.682     177.989        -561.635     178.209             135             135
   41       -1529.783   -2768.982       -1530.178   -2768.746              41              41
   65       -1965.235     776.080       -1965.293     776.291              65              65
  177        -269.017      36.085        -269.262      36.169             177             177
  163         860.415    -247.641         860.204    -247.706             163             163
   65        -413.684    -692.708        -413.953    -692.659              65              65
  223         584.484    1265.075         584.416    1265.033             223             223
    1        2321.206    -386.684        2320.990    -386.894               1               1
  245        2694.518    -642.547        2694.493    -642.870             245             245
  126        -766.732    -102.767        -766.658    -102.626             126             126
  242        -375.069    -896.283        -375.278    -896.242             242             242
   18        1312.684     253.900        1312.633     253.657              18              18
  174        1412.794    -122.588        1412.807    -122.893             174             174
  246         172.388    2997.751         172.889    2997.707             246             246
   29        -770.576    3288.073        -770.130    3288.536              29              29
  185         291.887   -3205.474         291.316   -3205.222             185             185
  252        1191.639     -90.733        1191.548     -90.863             252             252
   50        1132.584     315.923        1132.614     315.841              50              50
    2        1064.053    1369.956        1064.267    1370.019               2               2
  154        1692.490   -1092.570        1692.434   -1092.540             154             154
  156         296.807   -1447.965         296.770   -1447.850             156             156
  151       -1118.964    -274.544       -1118.949    -274.222             151             151
  215        1278.322   -2058.233        1278.072   -2058.303             215             215
  130       -1416.899    -586.033       -1416.958    -585.758             130             130
   15        1308.903   -1433.671        1308.675   -1433.804              15              15
   49         505.274    -380.451         505.332    -380.438              49              49
  131        -413.009   -2816.867        -413.313   -2816.792             131             131
   82       -1374.682   -1228.704       -1374.870   -1228.663              82              82
   53         455.895     988.966         455.987     988.824              53              53
   34        1215.189    -485.179        1215.240    -485.320              34              34
   74       -3548.021    -543.045       -3548.143    -542.459              74              74
   78        1829.113   -1399.165        1828.741   -1399.443              78              78
  206        -316.041   -1792.541        -316.350   -1792.638             206             206
  233         828.860    -109.515         828.790    -109.905             233             233
  160        1202.751    2942.890        1203.279    2942.662             160             160
  242        -168.067    -218.026        -167.972    -217.858             242             242
  189        -824.512      56.566        -824.432      56.818             189             189
  116       -1076.848   -1339.233       -1077.089   -1338.986             116             116
   39        -190.259    -441.370        -190.398    -441.312              39              39
   25        -455.670   -1875.037        -456.048   -1875.039              25              25
  194         202.029    1427.152         202.195    1427.103             194             194
  211       -1315.413   -2071.209       -1315.876   -2070.971             211             211
   88         173.373    -622.132         173.025    -622.284              88              88
  122        1565.227     -99.209        1565.041     -99.567             122             122
  112        1212.361    -439.150        1212.242    -439.457             112             112
  119         505.771     131.410         505.760     131.191             119             119
    4         557.009    1256.864         557.136    1256.750               4               4
  129        1823.079    -822.290        1822.913    -822.589             129             129
  250        2684.464     272.700        2684.786     272.199             250             250
   63       -5002.000      -0.810       -5002.000       0.000              63              63
  131        2685.112    -271.684        2684.787    -272.194             131             131
  232        1822.742     822.902        1822.911     822.594             232             232
  219         557.266   -1256.630         557.136   -1256.748             219             219
    6         505.750    -130.964         505.760    -131.190               6               6
  102        1212.116     439.781        1212.240     439.460             102             102
   32        1564.846      99.949        1565.041      99.572              32              32
   52         172.653     622.451         173.021     622.287              52              52
   90       -1316.375    2070.718       -1315.879    2070.971              90              90
  240         202.380   -1427.049         202.199   -1427.102             240             240
  143        -456.463    1875.040        -456.053    1875.039             143             143
  119        -190.557     441.249        -190.403     441.312             119             119
   10       -1077.359    1338.712       -1077.092    1338.984              10              10
  207        -824.345     -57.100        -824.432     -56.820             207             207
   77        -167.867     217.668        -167.974     217.857              77              77
  221        1203.879   -2942.402        1203.284   -2942.658             221             221
   56         828.711     110.349         828.790     109.907              56              56
  206        -316.711    1792.750        -316.355    1792.638             206             206
   25        1828.307    1399.769        1828.737    1399.447              25              25
   85       -3548.287     541.765       -3548.144     542.450              85              85
   34        1215.300     485.489        1215.239     485.322              34              34
  105         456.103    -988.657         455.992    -988.823             105             105
   42       -1375.097    1228.610       -1374.873    1228.660              42              42
  104        -413.687    2816.702        -413.321    2816.792             104             104
   55         505.399     380.425         505.331     380.440              55              55
   83        1308.395    1433.971        1308.673    1433.808              83              83
  233       -1417.031     585.415       -1416.959     585.754             233             233
   18        1277.759    2058.392        1278.067    2058.305              18              18
   83       -1118.931     273.815       -1118.949     274.218              83              83
   58         296.719    1447.705         296.767    1447.849              58              58
  183        1692.359    1092.504        1692.430    1092.543             183             183
  102        1064.544   -1370.098        1064.270   -1370.018             102             102
  169        1132.653    -315.733        1132.614    -315.840             169             169
   26        1191.429      91.034        1191.547      90.864              26              26
   87         290.557    3204.889         291.309    3205.220              87              87
  232        -769.529   -3289.148        -770.121   -3288.538             232             232
   23         173.564   -2997.649         172.896   -2997.708              23              23
  216        1412.822     123.307        1412.806     122.897             216             216
    1        1312.563    -253.327        1312.633    -253.656               1               1
  174        -375.565     896.187        -375.282     896.242             174             174
  215        -766.555     102.430        -766.657     102.625             215             215
  105        2694.454     643.326        2694.490     642.877             105             105
   58        2320.687     387.189        2320.988     386.897              58              58
   91         584.323   -1264.974         584.418   -1265.033              91              91
    7        -414.333     692.589        -413.954     692.659               7               7
   55         859.899     247.802         860.202     247.708              55              55
   64        -269.615     -36.293        -269.264     -36.172              64              64
   46       -1965.377    -776.601       -1965.292    -776.295              46              46
   32       -1530.762    2768.400       -1530.183    2768.745              32              32
  148        -561.566    -178.538        -561.634    -178.212             148             148
   22        -295.221      43.408        -295.229      43.551              22              22
   17          65.093     975.707          65.335     975.785              17              17
  109       -1142.936    1410.717       -1142.642    1411.173             109             109
  235        -310.620    1081.061        -310.475    1081.549             235             235
   53        -497.106   -1924.173        -497.627   -1923.740              53              53
   28        1622.205      79.006        1622.182      78.891              28              28
  194         828.297   -1018.170         828.301   -1018.083             194             194
  179       -1548.060   -1405.036       -1548.183   -1404.577             179             179
   37       -1189.531   -1075.283       -1189.792   -1075.005              37              37
  121        -696.827    -672.328        -697.117    -672.224             121             121
   77         267.658     850.891         267.658     850.894              77              77
  165         988.290    -574.589         988.090    -574.647             165             165
  236         564.021    -545.568         563.890    -545.618             236             236
  232        1616.571     302.673        1616.749     302.445             232             232
   32           6.593    -742.868           6.678    -742.756              32              32
  160        -858.474     580.129        -858.208     580.492             160             160
   51         -89.651   -2124.064         -89.982   -2123.926              51              51
  243       -1694.791     255.253       -1694.727     255.648             243             243
  177         -88.907   -1384.080         -89.328   -1384.014             177             177
  150        1204.242    -410.412        1204.192    -410.723             150             150
  122        -574.695    -252.625        -574.621    -252.585             122             122
  160        -193.430    1236.718        -193.072    1236.764             160             160
  154       -1177.315    1743.868       -1176.907    1744.464             154             154
  243        -244.667   -2564.833        -245.248   -2564.467             243             243
   23         211.572    -929.904         211.454    -929.893              23              23
  101       -1277.541    -558.389       -1277.554    -558.027             101             101
    6       -1463.774   -1371.099       -1464.066   -1370.725               6               6
  119       -2528.393   -1009.382       -2528.834   -1008.853             119             119
    6        -319.473   -1324.802        -320.122   -1324.842               6               6
  205        -600.923    -446.076        -601.397    -446.145             205             205
  119        1054.899    1212.733        1054.797    1212.465             119             119
  186        1892.663    -910.812        1892.339    -911.175             186             186
  120         -87.091   -1280.793         -87.412   -1280.981             120             120
   51         365.940    3055.043         366.510    3054.971              51              51
  130        -321.693   -1442.127        -322.201   -1441.858             130             130
   80        1008.643     -36.326        1008.380     -36.504              80              80
  105        2029.137    -575.467        2028.912    -575.834             105             105
  213        1184.329   -1638.549        1184.012   -1638.886             213             213
  243         935.918    -219.203         935.945    -219.630             243             243
   52         904.311     374.424         904.511     374.000              52              52
   15         340.738    2703.301         341.461    2703.287              15              15
  200         903.023    -609.390         903.045    -609.352             200             200
  212        -411.993    -686.417        -412.005    -686.279             212             212
  235         727.229     734.117         727.548     734.047             235             235
  126       -1013.441   -1600.835       -1013.679   -1600.579             126             126
   46         128.290     782.720         128.524     782.643              46              46
   42       -1220.492    -311.556       -1220.609    -311.251              42              42
  232        1269.952     368.720        1269.991     368.433             232             232
  244         293.941     306.769         294.151     306.753             244             244
  175        -681.773     974.181        -681.480     974.538             175             175
   92         755.596   -1423.552         755.382   -1423.559              92              92
   60       -1677.838      -1.662       -1677.785      -1.206              60              60
   29         716.505   -1327.287         716.197   -1327.465              29              29
   33        -976.074     312.766        -975.941     312.889              33              33
   89        -505.978     949.404        -505.802     949.570              89              89
  205          76.243     621.612          76.404     621.827             205             205
  232       -2020.833    -820.654       -2021.171    -819.908             232             232
   93        1237.670   -2216.732        1236.981   -2217.028              93              93
   46       -1404.160     538.815       -1404.200     539.037              46              46
  176        1707.644     688.692        1707.639     688.425             176             176
  115         -62.028   -1359.003         -62.359   -1358.867             115             115
  133         101.661     279.662         101.656     279.760             133             133
   86         -45.702   -2545.653         -46.450   -2545.640              86              86
  187        1386.907     261.648        1386.913     261.192             187             187
  130        -200.897    -936.124        -201.156    -936.121             130             130
   72        1618.690    -575.410        1618.556    -575.907              72              72
   30         254.563   -1468.115         254.319   -1468.469              30              30
   53        1131.345    2014.344        1132.010    2013.868              53              53
  231         -24.519    -340.583         -24.304    -340.580             231             231
  148       -1209.753    -452.480       -1209.651    -452.369             148             148
   66       -1636.091    1377.005       -1635.759    1377.251              66              66
  247        -898.835    1204.868        -898.713    1205.167             247             247
    0        -676.924    -841.037        -677.439    -840.880              -0               0
  224        1994.193    1488.371        1994.403    1487.829             224             224
  176        -194.024     471.072        -193.921     471.183             176             176
  220        1461.575    1700.438        1462.040    1700.283             220             220
  147        -400.374    -425.802        -400.356    -425.398             147             147
  218          94.869    -677.198          94.758    -677.073             218             218
  145        -660.921    -267.233        -661.000    -267.000             145             145
  203         366.023     279.036         366.015     279.085             203             203
  139        1390.738   -1648.774        1390.463   -1649.108             139             139
   69        -764.214     652.117        -763.805     652.233              69              69
  133       -1268.666     129.654       -1268.577     130.037             133             133
   26        -415.295    -751.546        -415.511    -751.486              26              26
  182        -748.224     848.755        -748.026     848.852             182             182
  237       -1217.169    1117.775       -1217.012    1118.146             237             237
  221        -974.234    1038.666        -974.287    1039.127             221             221
  205        1109.459     682.057        1109.361     682.119             205             205
   66        1095.399     -57.019        1095.425     -56.854              66              66
  228       -2432.797   -2044.237       -2433.498   -2043.335             228             228
   62        1808.233    -838.924        1807.723    -839.341              62              62
  246         122.420     385.443         122.437     385.610             246             246
  117         322.783   -2056.833         322.116   -2056.727             117             117
  186         362.245    -945.544         361.850    -945.596             186             186
  193         635.982   -2290.914         635.219   -2291.216             193             193
  122        1076.979      92.402        1076.863      91.885             122             122
  210        1769.688    -223.632        1769.623    -224.197             210             210
   52        1653.281    -843.945        1653.266    -844.583              52              52
   16         759.458    1738.595         760.259    1738.352              16              16
  239          -9.779   -1498.269          -9.797   -1498.276             239             239
   96       -1362.682    1040.233       -1362.177    1040.491              96              96
  243        -539.836     877.059        -539.511     877.402             243             243
  209       -1125.699   -1842.714       -1126.171   -1842.296             209             209
  222        -479.124    -671.212        -479.367    -671.229             222             222
  212        -761.009     297.454        -761.058     297.557             212             212
  250         266.364    -463.447         266.091    -463.617             250             250
  249         753.961    1301.723         754.347    1301.559             249             249
    9       -1172.768    -965.055       -1173.010    -964.563               9               9
   77        -630.363   -2996.620        -631.386   -2996.791              77              77
   17        1359.160    2793.161        1359.822    2792.427              17              17
  229        -521.213     710.779        -521.006     710.975             229             229
   29         580.144     578.855         580.330     578.814              29              29
  243       -1484.681   -1178.327       -1485.065   -1177.989             243             243
  116         162.923    1950.783         163.195    1950.681             116             116
   66        1250.444     816.346        1250.561     816.272              66              66
   51        1282.529    -727.321        1282.526    -727.431              51              51
  134        -705.921    -729.186        -705.798    -728.908             134             134
  150       -2715.376    -765.923       -2715.598    -765.234             150             150
   91       -1393.012     342.644       -1393.339     342.957              91              91
  162         754.070     351.564         753.774     351.401             162             162
   36        -537.476    -202.739        -537.965    -202.507              36              36
  225        3131.616    -795.971        3131.147    -796.905             225             225
  172         977.953    1543.718         978.517    1543.521             172             172
   72         511.842   -1187.018         511.671   -1186.950              72              72
  153        -650.295   -2354.806        -650.925   -2354.902             153             153
  128        1467.624    2580.094        1468.482    2579.448             128             128
  193       -2293.601     273.681       -2293.481     274.470             193             193
  231         -50.615    -115.021         -50.966    -114.933             231             231
   10        1802.699     452.435        1802.751     452.035              10              10
  188        -249.667    -556.251        -249.755    -556.048             188             188
   42         401.121   -1030.526         400.837   -1030.697              42              42
   62         473.852     450.020         474.109     449.789              62              62
   91        -750.344     127.389        -750.155     127.638              91              91
  221       -1991.431   -1013.628       -1991.883   -1013.148             221             221
   68         183.421      13.050         183.064      12.719              68              68
  124         451.329    1544.230         451.482    1543.927             124             124
  214        1172.652    1945.178        1173.017    1945.020             214             214
  144        1241.209    -438.937        1241.028    -439.060             144             144
  114        2244.333     805.456        2244.869     805.018             114             114
   97       -1822.598   -1144.271       -1822.652   -1143.603              97              97
  210         -95.188    1191.372         -94.862    1191.604             210             210
   20        -223.201   -2644.510        -223.982   -2644.383              20              20
   59         -28.773     413.501         -28.678     413.244              59              59
    2        -291.381    2254.505        -290.817    2254.784               2               2
  111        1499.763   -1894.624        1499.274   -1894.753             111             111
  250        -720.034   -2069.595        -720.477   -2069.594             250             250
  188         663.434     303.627         663.726     303.030             188             188
  152       -1640.681     245.486       -1640.413     245.516             152             152
  200        -672.318    4556.296        -670.912    4556.498             200             200
   98       -1821.394     946.525       -1821.147     947.659              98              98
   13       -1343.901   -1254.540       -1344.511   -1253.760              13              13
  186        -769.682    -669.534        -770.167    -669.249             186             186
    9       -1271.126    1093.391       -1271.186    1093.949               9               9
   94        -568.060   -1664.138        -569.121   -1663.840              94              94
  182         727.912     284.832         727.430     284.546             182             182
  219        1675.348     -97.195        1674.948     -97.748             219             219
  213        2188.784    1082.278        2189.104    1081.629             213             213
  218         696.783     492.504         697.232     492.407             218             218
   57       -2054.966    1233.013       -2054.534    1233.850              57              57
  162        -282.718    1053.705        -282.621    1054.266             162             162
   20        -886.423    -922.718        -887.019    -921.955              20              20
   40         539.375   -1214.868         538.638   -1214.791              40              40
    7         492.494    -233.724         492.156    -233.729               7               7
  189         593.419     300.016         593.281     300.148             189             189
  159        1296.968   -1103.331        1296.573   -1103.343             159             159
  211        -327.902   -1589.475        -328.387   -1589.137             211             211
   71          36.433   -2170.746          35.696   -2170.806              71              71
   69       -1468.764    -304.740       -1469.182    -304.478              69              69
   82        1776.910     659.201        1776.797     658.715              82              82
  165        -679.027    -187.862        -679.355    -187.285             165             165
  170        2485.057   -3230.942        2483.886   -3231.593             170             170
   24         271.594   -1788.921         271.184   -1789.373              24              24
   14        -618.881     378.071        -618.762     377.941              14              14
  207       -1040.108     202.155       -1040.342     202.436             207             207
  240        1029.737   -1213.243        1029.002   -1213.614             240             240
  153         576.829   -1340.510         576.170   -1341.029             153             153
  119        1649.189     985.868        1649.431     985.053             119             119
  165         -47.857      26.338         -47.832      26.257             165             165
  157         668.248      -7.449         668.233      -7.762             157             157
   98        -383.121     -17.659        -383.161     -17.642              98              98
  167         -45.422     181.805         -45.552     181.755             167             167
    0        1127.592    -341.980        1127.414    -342.417               0               0
  253        -216.597      43.116        -216.560      43.052             253             253
   57         -69.815     685.304         -69.650     685.331              57              57
  148        -535.016    -507.168        -535.340    -506.895             148             148
  177        1111.294   -1648.709        1110.736   -1649.219             177             177
   15       -1772.046    -324.149       -1772.272    -323.957              15              15
  230        1525.731    -341.764        1525.531    -342.732             230             230
  234       -1895.080    1589.593       -1894.557    1589.779             234             234
   45       -1875.717    1762.200       -1875.661    1762.708              45              45
  120        1758.070     464.011        1757.841     463.429             120             120
  224       -1353.129    1388.585       -1352.895    1389.065             224             224
  224         -42.328     110.126         -42.678     110.225             224             224
   13        -287.794     649.430        -287.880     649.546              13              13
  146       -1354.180     418.614       -1354.459     419.084             146             146
   12       -1162.162     973.383       -1162.524     973.851              12              12
   32        -211.252     518.078        -211.874     518.350              32              32
   43         248.193    -500.049         247.307    -500.054              43              43
    4         -48.115     823.389         -48.465     823.419               4               4
   57       -2371.385     813.971       -2372.090     814.951              57              57
  194         -61.027    -528.640         -62.567    -528.461             194             194
   24         -44.528      11.306         -45.971      11.318              24              24
  208        -240.406      62.608        -242.125      62.553             208             208
   51        -139.247    3001.187        -140.506    3001.461              51              51
  121       -1810.589    -670.583       -1814.462    -669.502             121             121
  132        1358.515    -130.129        1351.326    -130.340             132             132
