SINAL     NFT                         FFT                         NFT INVERSA     FFT INVERSA
-----     -----------------------     -----------------------     -----------     -----------
    0       66333.000       0.000       66333.000       0.000               0              -0
  218        -652.494     220.812        -652.481     220.813             218             218
   61        3312.392     105.540        3312.405     105.535              61              61
  158        -980.551    1766.675        -980.533    1766.676             158             158
  162         830.962     630.164         830.978     630.164             162             162
  194       -1035.530   -1042.863       -1035.517   -1042.860             194             194
  105         380.433      32.737         380.446      32.734             105             105
   24        1358.946     630.548        1358.966     630.541              24              24
  176       -1228.583    1093.584       -1228.559    1093.589             176             176
  200       -1420.016     871.053       -1420.000     871.062             200             200
  145         725.849     261.157         725.861     261.156             145             145
   33         -89.066    -804.190         -89.058    -804.191              33              33
  187         400.945    2907.225         400.978    2907.226             187             187
  142        -614.584    -828.675        -614.581    -828.657             142             142
  126        2270.401   -1832.214        2270.397   -1832.231             126             126
  190         470.503    1264.379         470.537    1264.376             190             190
   34        -956.333   -1393.105        -956.328   -1393.089              34              34
   66        -167.641    -234.625        -167.633    -234.622              66              66
  136         885.904   -1469.211         885.898   -1469.224             136             136
  251         925.356     885.226         925.386     885.214             251             251
  100         -30.357   -1801.171         -30.358   -1801.171             100             100
  118         872.072    -879.165         872.086    -879.190             118             118
    6       -1000.438     234.291       -1000.408     234.291               6               6
   55       -1520.374     -88.096       -1520.363     -88.087              55              55
   32         -48.235     -67.775         -48.233     -67.789              32              32
   10        1559.643     533.313        1559.668     533.271              10              10
  128        -972.237    1315.000        -972.196    1315.004             128             128
  244         771.837    1039.145         771.872    1039.128             244             244
  107        -642.849     604.671        -642.816     604.678             107             107
   86       -1009.352    1141.899       -1009.321    1141.912              86              86
  181        -399.113    2242.934        -399.074    2242.954             181             181
  244         515.237    -664.288         515.221    -664.287             244             244
  196        1653.433    2828.623        1653.500    2828.613             196             196
  231        1131.359   -1623.492        1131.349   -1623.482             231             231
  252         702.121     113.465         702.154     113.475             252             252
   89         579.785   -3047.248         579.753   -3047.250              89              89
  177         508.263   -1781.554         508.265   -1781.599             177             177
   92        -577.623    1383.191        -577.544    1383.175              92              92
  216       -1756.158     358.233       -1756.124     358.261             216             216
   40         320.523    1790.115         320.584    1790.110              40              40
   46        -512.563    -251.889        -512.542    -251.859              46              46
   36        -393.313   -1240.262        -393.320   -1240.262              36              36
  251        -724.763    1054.338        -724.714    1054.336             251             251
   39         332.984    1132.624         333.048    1132.617              39              39
   85       -3517.248     -25.245       -3517.246     -25.147              85              85
  245        1516.782    1952.520        1516.818    1952.491             245             245
  245         957.713    -600.667         957.721    -600.675             245             245
   20        -329.265    1290.354        -329.191    1290.386              20              20
  253       -1378.500   -1454.379       -1378.527   -1454.315             253             253
   65        -114.768     111.139        -114.761     111.143              65              65
  171         227.882    -145.303         227.894    -145.308             171             171
   80        -507.542     205.239        -507.514     205.255              80              80
   70       -1252.906     921.900       -1252.877     921.960              70              70
  165        1225.022    -884.550        1224.993    -884.575             165             165
   69         443.499     424.874         443.549     424.866              69              69
  178        -786.840       7.314        -786.806       7.354             178             178
   68        -833.774    1125.138        -833.715    1125.207              68              68
    6       -1194.965   -1334.106       -1195.015   -1334.013               6               6
  137        -548.372   -2059.404        -548.478   -2059.377             137             137
   87        2832.999    -109.143        2833.011    -109.254              87              87
  183       -1625.683    -587.872       -1625.666    -587.797             183             183
  152          97.228   -2109.697          97.150   -2109.714             152             152
  186         944.884    -280.601         944.905    -280.679             186             186
   20       -1236.363     209.952       -1236.313     209.974              20              20
  145       -2059.756     537.375       -2059.748     537.466             145             145
  172         831.290   -2127.327         831.171   -2127.374             172             172
  136         517.976    -785.956         517.938    -786.044             136             136
  128        1246.592     750.536        1246.643     750.416             128             128
   65         561.076    1862.624         561.209    1862.575              65              65
   24        -282.399      71.124        -282.340      71.129              24              24
  105        -558.532    1472.916        -558.407    1472.942             105             105
   24       -3180.993    -613.748       -3181.021    -613.608              24              24
   98         749.952    1749.933         750.000    1749.899              98              98
  127          91.577     392.321          91.607     392.358             127             127
   94       -1064.215   -1244.663       -1064.277   -1244.605              94              94
   60        -343.801     554.012        -343.807     554.013              60              60
  247         448.096     400.071         448.078     400.049             247             247
  225        1970.126    1007.473        1970.177    1007.407             225             225
  233         310.607   -1667.786         310.552   -1667.798             233             233
  234        1185.261    1417.036        1185.368    1416.961             234             234
  217        1017.175     785.387        1017.293     785.377             217             217
   12        -571.408    -852.587        -571.364    -852.518              12              12
   77       -1322.494   -1265.939       -1322.504   -1265.882              77              77
  147       -1349.651     727.577       -1349.596     727.619             147             147
   14        -486.390    1733.735        -486.303    1733.799              14              14
  242        1117.434    -460.984        1117.444    -460.970             242             242
  108        -707.296   -1039.843        -707.269   -1039.744             108             108
   12       -3071.353   -2731.166       -3071.481   -2730.995              12              12
   23        -994.069   -1381.085        -994.187   -1381.100              23              23
  231        -512.519     171.524        -512.538     171.478             231             231
  187       -1012.683     740.421       -1012.680     740.437             187             187
  161          37.266     814.533          37.262     814.529             161             161
   57         580.205    -797.182         580.140    -797.229              57              57
   46        -468.744    1219.877        -468.678    1219.905              46              46
  118       -1078.179   -1475.533       -1078.319   -1475.474             118             118
   61         829.570     547.823         829.539     547.735              61              61
  244        1325.235     381.459        1325.247     381.385             244             244
   21        -835.195   -2341.760        -835.372   -2341.763              21              21
   70        2070.310    1459.739        2070.368    1459.514              70              70
  176        1839.835    1246.437        1839.975    1246.293             176             176
   84        -729.247     356.804        -729.148     356.827              84              84
  111       -1343.092    1706.054       -1342.978    1706.135             111             111
  218        -280.448    1266.588        -280.420    1266.665             218             218
  140        2034.085    -669.201        2034.040    -669.274             140             140
   68        -786.143   -1496.842        -786.216   -1496.805              68              68
  236         -48.818     127.056         -48.828     126.996             236             236
  146         -16.416     812.317         -16.399     812.267             146             146
   57         655.976    1138.212         655.990    1138.141              57              57
  106        2943.575    1120.145        2943.657    1119.940             106             106
  233         993.574    1160.989         993.738    1160.944             233             233
  123         -61.144     461.800         -61.049     461.827             123             123
   16         142.868    1659.052         143.014    1659.086              16              16
  116         801.713     773.899         801.796     773.937             116             116
  189        1581.183    -159.286        1581.261    -159.305             189             189
  224       -1389.005    -545.251       -1388.966    -545.076             224             224
  163         -60.678    -868.769         -60.738    -868.721             163             163
   25        1111.477   -1062.550        1111.429   -1062.632              25              25
   21         365.254    -531.006         365.277    -531.081              21              21
  205         968.885    1362.881         969.087    1362.788             205             205
  146       -1185.259     612.594       -1185.127     612.723             146             146
  152          19.839    -101.977          19.872    -101.944             152             152
  177         624.702     520.703         624.832     520.675             177             177
   25       -1145.448    1854.258       -1145.200    1854.460              25              25
   93       -1754.388   -1993.445       -1754.513   -1993.187              93              93
  136        -851.072   -1066.077        -851.179   -1065.981             136             136
   69        -377.192    -124.852        -377.240    -124.785              69              69
  158         631.090    -732.966         631.020    -732.939             158             158
  228        -206.584   -3798.896        -206.878   -3798.921             228             228
    7        -189.992     159.111        -190.000     159.000               7               7
  237        1553.273   -1143.158        1553.202   -1143.437             237             237
   17        -587.019    3661.106        -586.661    3661.080              17              17
   13         387.679     577.518         387.751     577.543              13              13
  168         134.610     749.859         134.717     749.906             168             168
  207        -588.334      80.955        -588.314      81.077             207             207
  232          61.326     182.653          61.298     182.730             232             232
  142        2916.940   -1086.857        2916.901   -1087.044             142             142
   44        -959.140    -471.189        -959.091    -471.063              44              44
   29        1956.561   -1365.476        1956.529   -1365.633              29              29
   47          -2.396    -974.725          -2.308    -974.766              47              47
  172       -1590.583     466.405       -1590.437     466.535             172             172
   67         617.172   -1169.772         617.166   -1169.835              67              67
  203       -1632.156     362.540       -1632.000     362.695             203             203
   59       -2675.454   -2628.586       -2675.722   -2628.386              59              59
   69        1634.095    -249.656        1634.042    -249.953              69              69
  237          74.686     221.195          74.793     221.042             237             237
  100        -803.760    2195.038        -803.486    2195.042             100             100
  242        -362.531     701.657        -362.418     701.699             242             242
  165        -342.484     657.657        -342.368     657.696             165             165
   40        -825.153     793.582        -825.040     793.688              40              40
  149        -347.280     693.496        -347.208     693.597             149             149
  167        1380.237    -618.536        1380.268    -618.612             167             167
  157        -763.419    -349.183        -763.266    -349.096             157             157
   39       -3586.128    -337.337       -3586.105    -336.994              39              39
  119       -1109.559      44.363       -1109.631      44.444             119             119
  209        -152.886     689.596        -152.859     689.609             209             209
  221       -1023.158     340.262       -1023.174     340.404             221             221
  194        1116.654     -89.809        1116.640     -89.865             194             194
  137       -1158.516   -1423.696       -1158.620   -1423.594             137             137
   56       -1371.905     438.321       -1371.922     438.394              56              56
  176         990.300    1407.333         990.402    1407.261             176             176
   98       -1128.115    -356.404       -1128.192    -356.197              98              98
  173        1259.040   -1718.843        1258.805   -1718.972             173             173
   13        1648.504    -849.670        1648.509    -849.945              13              13
   65       -1502.575    -179.190       -1502.492    -179.195              65              65
  223        -954.389    2291.339        -954.159    2291.331             223             223
  135         647.335    1775.397         647.535    1775.341             135             135
  119       -1157.874    1251.668       -1157.738    1251.848             119             119
  167        1206.013    1822.439        1206.234    1822.430             167             167
  180       -1081.552     436.210       -1081.432     436.508             180             180
   65       -1503.186     -32.938       -1503.240     -32.601              65              65
   91        1261.025    -252.091        1260.965    -252.039              91              91
  178        -339.967   -2510.555        -340.194   -2510.410             178             178
  119       -1746.312   -1360.589       -1746.540   -1360.425             119             119
    8        2090.476     201.911        2090.425     201.659               8               8
  140         839.137     -53.797         839.191     -53.842             140             140
  172        1371.048    -696.591        1371.132    -696.681             172             172
   26       -2161.201   -1529.184       -2161.234   -1528.924              26              26
   36       -1942.182   -1034.615       -1942.365   -1034.450              36              36
   79        1731.507    -473.200        1731.432    -473.476              79              79
    6       -1355.597    -239.772       -1355.594    -239.698               6               6
  195          -7.819     415.229          -7.823     415.167             195             195
  116         749.308     475.107         749.348     474.999             116             116
   23        1031.211    1037.841        1031.414    1037.799              23              23
  245        -925.921   -2300.101        -926.109   -2299.967             245             245
   10        -765.623      66.465        -765.644      66.479              10              10
   14        1235.471    -462.965        1235.398    -463.178              14              14
  113        1653.231     314.693        1653.415     314.422             113             113
  127       -1054.260     354.802       -1054.035     354.890             127             127
   35        -632.819      70.563        -632.674      70.606              35              35
   52       -3321.164    -231.669       -3321.234    -231.352              52              52
  238        1762.684    1979.863        1762.838    1979.610             238             238
  245         246.693     716.861         246.864     716.903             245             245
   60        -856.284     -66.694        -856.252     -66.533              60              60
  220         951.602     660.157         951.760     660.101             220             220
   32       -1455.494    -523.462       -1455.477    -523.219              32              32
   36        -584.230    -124.463        -584.271    -124.374              36              36
  139        1512.944      15.404        1513.028      15.222             139             139
   39       -1678.484     185.088       -1678.346     185.323              39              39
   83        -468.145    -127.010        -468.147    -126.931              83              83
  186         140.885     158.876         140.965     158.873             186             186
   17        -468.983    -305.208        -468.904    -305.162              17              17
  117       -2605.893    1149.171       -2605.761    1149.516             117             117
  145        1272.342     847.072        1272.424     847.008             145             145
  192       -1350.392     392.883       -1350.304     393.240             192             192
  239         -64.785   -2017.872         -65.082   -2017.763             239             239
  246         689.831    -921.698         689.770    -921.861             246             246
  114        -908.247    2273.400        -907.860    2273.596             114             114
  232         496.365   -2399.162         496.188   -2399.117             232             232
  159       -3805.557    -712.895       -3805.639    -712.457             159             159
   98         903.435     628.556         903.440     628.379              98              98
   58       -1214.703     879.667       -1214.579     879.871              58              58
  101          86.550     311.945          86.607     312.029             101             101
   64       -2702.241     568.300       -2702.258     568.832              64              64
  250        1240.678    -776.858        1240.409    -776.829             250             250
   96         960.131   -2124.078         959.851   -2124.127              96              96
   79        -114.402    -525.472        -114.411    -525.431              79              79
  163        -183.409   -1699.260        -183.595   -1699.244             163             163
   65        -279.869      32.591        -279.813      32.611              65              65
  233        -133.918   -1238.781        -134.014   -1238.762             233             233
  141        -969.262    -720.902        -969.279    -720.825             141             141
  132       -1466.045    -101.448       -1466.047    -101.284             132             132
   62       -1249.797     248.220       -1249.838     248.446              62              62
   23        -669.363   -1752.544        -669.761   -1752.426              23              23
  207        1223.576    -852.713        1223.376    -852.965             207             207
  152         721.458    -568.774         721.443    -568.968             152             152
  210         254.922     149.938         255.119     149.860             210             210
  161       -2272.113    -922.136       -2272.124    -921.827             161             161
   93       -2796.862    -577.116       -2797.084    -576.761              93              93
  212         188.682   -1422.754         188.227   -1422.921             212             212
    9        1791.415     807.454        1791.479     807.047               9               9
  117         -87.188     239.557         -87.079     239.550             117             117
  152        -432.886   -1193.403        -433.021   -1193.420             152             152
   67        -435.851     634.599        -435.725     634.560              67              67
  178       -1164.721    -229.234       -1164.790    -229.121             178             178
  117         295.817     507.878         295.843     507.791             117             117
  253         346.355    -314.697         346.369    -314.763             253             253
  249        -923.984    -644.916        -923.974    -644.857             249             249
   72       -2723.367     771.851       -2723.312     772.221              72              72
  240        -832.145   -1230.107        -832.572   -1230.046             240             240
  248         754.434     209.892         754.300     209.612             248             248
  170        -416.199    1158.191        -416.154    1158.175             170             170
    9         935.116     583.058         935.070     582.917               9               9
  117        1024.505     557.325        1024.565     557.228             117             117
  229        -372.252    -870.346        -372.443    -870.247             229             229
    9        1383.278    -845.693        1383.074    -846.000               9               9
  154        1750.777     769.819        1751.002     769.456             154             154
  133        -482.725     502.484        -482.528     502.584             133             133
  228        1233.301    -411.016        1233.371    -411.166             228             228
  152       -1109.860   -1287.067       -1109.925   -1286.949             152             152
   90         317.819    -100.752         317.895    -100.941              90              90
  249        -233.373    -295.869        -233.261    -296.001             249             249
  224        -817.121    1171.048        -816.759    1171.031             224             224
  166       -2166.641    1094.523       -2166.401    1094.822             166             166
  168       -1263.940    1311.228       -1263.792    1311.464             168             168
  138       -1552.755    1373.364       -1552.714    1373.807             138             138
  185        1134.496   -2140.690        1133.975   -2140.780             185             185
   42         927.000       0.262         927.000       0.000              42              42
  114        1133.439    2140.876        1133.969    2140.783             114             114
  121       -1552.665   -1374.267       -1552.710   -1373.813             121             121
  209       -1263.634   -1311.710       -1263.788   -1311.467             209             209
  105       -2166.149   -1095.136       -2166.398   -1094.826             105             105
  240        -816.379   -1171.014        -816.756   -1171.032             240             240
  195        -233.144     296.139        -233.261     296.000             195             195
  197         317.975     101.142         317.895     100.943             197             197
  219       -1109.996    1286.823       -1109.926    1286.949             219             219
   85        1233.445     411.334        1233.370     411.171              85              85
   73        -482.313    -502.694        -482.526    -502.585              73              73
  248        1751.250    -769.055        1751.004    -769.451             248             248
  110        1382.849     846.342        1383.074     846.004             110             110
  213        -372.658     870.136        -372.446     870.247             213             213
  206        1024.633    -557.115        1024.566    -557.225             206             206
  194         935.019    -582.756         935.070    -582.915             194             194
  196        -416.102   -1158.156        -416.153   -1158.175             196             196
   72         754.146    -209.289         754.299    -209.610              72              72
   40        -833.066    1229.973        -832.574    1230.044              40              40
  125       -2723.244    -772.661       -2723.310    -772.228             125             125
   19        -923.965     644.786        -923.975     644.856              19              19
   90         346.382     314.843         346.366     314.765              90              90
  107         295.875    -507.686         295.844    -507.790             107             107
  108       -1164.874     228.984       -1164.791     229.120             108             108
   81        -435.570    -634.511        -435.723    -634.559              81              81
   43        -433.188    1193.438        -433.023    1193.418              43              43
  171         -86.944    -239.540         -87.078    -239.549             171             171
  133        1791.561    -806.539        1791.481    -807.042             133             133
  252         187.656    1423.130         188.224    1422.921             252             252
  217       -2797.363     576.307       -2797.085     576.754             217             217
  233       -2272.137     921.432       -2272.125     921.822             233             233
  165         255.371    -149.760         255.119    -149.859             165             165
   52         721.424     569.217         721.443     568.968              52              52
  189        1223.110     853.296        1223.372     852.967             189             189
  163        -670.286    1752.268        -669.764    1752.424             163             163
  195       -1249.891    -248.747       -1249.838    -248.448             195             195
  210       -1466.049     101.061       -1466.047     101.281             210             210
  129        -969.306     720.717        -969.281     720.822             129             129
  168        -134.146    1238.737        -134.015    1238.761             168             168
   97        -279.734     -32.639        -279.812     -32.612              97              97
  143        -183.853    1699.224        -183.598    1699.246             143             143
  207        -114.425     525.376        -114.412     525.432             207             207
  157         959.455    2124.197         959.847    2124.128             157             157
  230        1240.029     776.793        1240.407     776.833             230             230
  194       -2702.281    -569.588       -2702.257    -568.836             194             194
   96          86.689    -312.149          86.608    -312.030              96              96
  245       -1214.399    -880.169       -1214.577    -879.875             245             245
  142         903.448    -628.118         903.440    -628.376             142             142
  203       -3805.760     711.812       -3805.640     712.454             203             203
   65         495.916    2399.053         496.181    2399.118              65              65
   41        -907.277   -2273.892        -907.854   -2273.599              41              41
  101         689.674     922.108         689.767     921.863             101             101
  143         -65.533    2017.598         -65.084    2017.763             143             143
    4       -1350.170    -393.790       -1350.305    -393.245               4               4
   40        1272.555    -846.907        1272.427    -847.005              40              40
  111       -2605.554   -1150.056       -2605.759   -1149.522             111             111
  133        -468.783     305.090        -468.905     305.162             133             133
  224         141.089    -158.867         140.965    -158.872             224             224
  117        -468.151     126.804        -468.148     126.930             117             117
  134       -1678.126    -185.705       -1678.346    -185.328             134             134
    8        1513.163     -14.925        1513.028     -15.220               8               8
   65        -584.339     124.228        -584.271     124.373              65              65
  165       -1455.449     522.815       -1455.476     523.214             165             165
  244         952.022    -660.004         951.762    -660.096             244             244
   15        -856.198      66.266        -856.252      66.534              15              15
  122         247.151    -716.975         246.864    -716.903             122             122
  252        1763.113   -1979.174        1762.845   -1979.606             252             252
   56       -3321.352     230.799       -3321.233     231.345              56              56
   14        -632.422     -70.682        -632.673     -70.607              14              14
  126       -1053.640    -355.044       -1054.033    -354.891             126             126
  184        1653.739    -313.939        1653.417    -314.417             184             184
   64        1235.269     463.563        1235.398     463.184              64              64
  208        -765.680     -66.504        -765.644     -66.480             208             208
  181        -926.459    2299.724        -926.115    2299.965             181             181
  217        1031.786   -1037.719        1031.416   -1037.797             217             217
  113         749.426    -474.799         749.351    -474.998             113             113
  137          -7.829    -415.053          -7.823    -415.167             137             137
   27       -1355.586     239.554       -1355.593     239.694              27              27
  235        1731.288     474.002        1731.431     473.480             235             235
   83       -1942.714    1034.130       -1942.367    1034.445              83              83
   11       -2161.297    1528.423       -2161.234    1528.922              11              11
  202        1371.293     696.857        1371.131     696.683             202             202
  167         839.295      53.935         839.190      53.845             167             167
  115        2090.329    -201.156        2090.427    -201.654             115             115
  230       -1746.992    1360.095       -1746.541    1360.422             230             230
   63        -340.659    2510.117        -340.202    2510.407              63              63
  213        1260.840     251.938        1260.962     252.042             213             213
   26       -1503.351      31.915       -1503.240      32.598              26              26
  213       -1081.187    -437.115       -1081.432    -436.507             213             213
  211        1206.700   -1822.409        1206.240   -1822.429             211             211
   62       -1157.450   -1252.225       -1157.736   -1251.850              62              62
  136         647.959   -1775.219         647.539   -1775.338             136             136
  111        -953.666   -2291.316        -954.154   -2291.333             111             111
   66       -1502.310     179.202       -1502.490     179.192              66              66
  103        1648.519     850.545        1648.507     849.949             103             103
  124        1258.289    1719.255        1258.801    1718.975             124             124
   42       -1128.362     355.737       -1128.192     356.194              42              42
   11         990.633   -1407.094         990.404   -1407.258              11              11
    8       -1371.958    -438.561       -1371.921    -438.396               8               8
  254       -1158.860    1423.357       -1158.624    1423.591             254             254
  203        1116.612      90.000        1116.641      89.868             203             203
  106       -1023.210    -340.735       -1023.173    -340.407             106             106
   36        -152.794    -689.642        -152.858    -689.610              36              36
    3       -1109.799     -44.640       -1109.631     -44.448               3               3
   66       -3586.050     336.176       -3586.105     336.990              66              66
   32        -762.900     348.885        -763.266     349.095              32              32
  206        1380.339     618.802        1380.266     618.616             206             206
  168        -347.028    -693.845        -347.205    -693.598             168             168
  183        -824.758    -793.951        -825.037    -793.689             183             183
  182        -342.074    -657.796        -342.364    -657.698             182             182
  227        -362.136    -701.806        -362.418    -701.700             227             227
  126        -802.783   -2195.055        -803.478   -2195.044             126             126
  241          75.067    -220.651          74.795    -221.042             241             241
  165        1633.905     250.729        1634.042     249.957             165             165
  177       -2676.433    2627.855       -2675.728    2628.381             177             177
  164       -1631.586    -363.109       -1631.998    -362.699             164             164
  220         617.149    1170.003         617.164    1169.835             220             220
  207       -1590.042    -466.888       -1590.434    -466.539             207             207
   32          -2.074     974.875          -2.311     974.764              32              32
   28        1956.441    1366.070        1956.527    1365.640              28              28
  147        -958.955     470.713        -959.091     471.063             147             147
  154        2916.786    1087.580        2916.897    1087.052             154             154
   23          61.221    -182.951          61.299    -182.732              23              23
  129        -588.259     -81.423        -588.314     -81.077             129             129
  238         135.025    -750.041         134.719    -749.905             238             238
   20         387.961    -577.613         387.754    -577.541              20              20
  140        -585.602   -3661.008        -586.651   -3661.083             140             140
   23        1552.987    1144.273        1553.198    1143.443              23              23
   41        -190.024    -158.668        -190.000    -159.000              41              41
   79        -207.811    3798.988        -206.890    3798.919              79              79
   57         630.806     732.861         631.020     732.941              57              57
    8        -377.383     124.577        -377.239     124.784               8               8
  202        -851.517    1065.679        -851.180    1065.980             202             202
  200       -1754.919    1992.353       -1754.517    1993.181             200             200
  138       -1144.393   -1855.115       -1145.196   -1854.463             138             138
   34         625.256    -520.587         624.834    -520.676              34              34
   20          19.984     101.842          19.873     101.946              20              20
   26       -1184.685    -613.162       -1185.125    -612.727              26              26
   13         969.767   -1362.470         969.089   -1362.786              13              13
   21         365.352     531.338         365.276     531.083              21              21
   31        1111.261    1062.920        1111.427    1062.634              31              31
  210         -60.948     868.549         -60.738     868.719             210             210
  195       -1388.837     544.456       -1388.968     545.074             195             195
  122        1581.539     159.382        1581.261     159.309             122             122
   66         802.097    -774.065         801.798    -773.935              66              66
   50         143.556   -1659.214         143.019   -1659.088              50              50
  239         -60.694    -461.926         -61.046    -461.827             239             239
   20         994.359   -1160.768         993.742   -1160.941              20              20
   64        2943.973   -1119.156        2943.660   -1119.934              64              64
  150         656.057   -1137.871         655.995   -1138.141             150             150
    2         -16.335    -812.075         -16.398    -812.267               2               2
  187         -48.871    -126.755         -48.829    -126.994             187             187
   69        -786.508    1496.659        -786.218    1496.805              69              69
  201        2033.857     669.579        2034.037     669.280             201             201
   73        -280.300   -1266.973        -280.417   -1266.664              73              73
   64       -1342.508   -1706.474       -1342.974   -1706.138              64              64
  247        -728.740    -356.925        -729.148    -356.829             247             247
  143        1840.568   -1245.674        1839.979   -1246.286             143             143
  215        2070.621   -1458.549        2070.372   -1459.507             215             215
   80        -836.139    2341.769        -835.379    2341.761              80              80
  176        1325.302    -381.062        1325.248    -381.384             176             176
    2         829.396    -547.352         829.538    -547.735               2               2
  182       -1078.953    1475.205       -1078.322    1475.472             182             182
   21        -468.367   -1220.029        -468.675   -1219.905              21              21
  248         579.834     797.450         580.138     797.230             248             248
   49          37.253    -814.507          37.265    -814.528              49              49
   56       -1012.665    -740.511       -1012.679    -740.437              56              56
   78        -512.630    -171.260        -512.538    -171.478              78              78
  138        -994.760    1381.165        -994.188    1381.098             138             138
   50       -3072.133    2730.130       -3071.489    2730.987              50              50
  220        -707.138    1039.249        -707.271    1039.742             220             220
  230        1117.498     460.906        1117.444     460.973             230             230
  126        -485.851   -1734.122        -486.300   -1733.798             126             126
  228       -1349.301    -727.851       -1349.593    -727.624             228             228
  141       -1322.556    1265.579       -1322.506    1265.881             141             141
   12        -571.132     852.142        -571.365     852.516              12              12
  187        1017.929    -785.314        1017.293    -785.373             187             187
  126        1185.965   -1416.547        1185.371   -1416.960             126             126
  245         310.239    1667.870         310.550    1667.798             245             245
   92        1970.474   -1007.010        1970.180   -1007.400              92              92
  166         447.972    -399.925         448.078    -400.049             166             166
  179        -343.835    -554.023        -343.805    -554.014             179             179
  169       -1064.649    1244.251       -1064.279    1244.601             169             169
   46          91.785    -392.575          91.605    -392.356              46              46
  140         750.302   -1749.687         750.003   -1749.897             140             140
  151       -3181.206     612.703       -3181.023     613.598             151             151
   38        -557.607   -1473.115        -558.403   -1472.944              38              38
  208        -281.959     -71.156        -282.339     -71.127             208             208
  255         562.075   -1862.254         561.211   -1862.572             255             255
  147        1246.996    -749.609        1246.646    -750.410             147             147
   78         517.684     786.634         517.939     786.045              78              78
   10         830.341    2127.703         831.164    2127.377              10              10
  129       -2059.689    -538.110       -2059.748    -537.467             129             129
   93       -1235.949    -210.161       -1236.312    -209.979              93              93
  188         945.069     281.250         944.906     280.681             188             188
  103          96.549    2109.852          97.145    2109.716             103             103
  253       -1625.548     587.221       -1625.668     587.794             253             253
  143        2833.109     110.147        2833.011     109.262             143             143
   73        -549.328    2059.163        -548.483    2059.376              73              73
  235       -1195.426    1333.258       -1195.019    1334.009             235             235
  172        -833.222   -1125.766        -833.712   -1125.207             172             172
   14        -786.517      -7.705        -786.804      -7.357              14              14
   40         443.972    -424.790         443.549    -424.865              40              40
  250        1224.735     884.800        1224.991     884.577             250             250
  239       -1252.619    -922.499       -1252.876    -921.961             239             239
   70        -507.251    -205.416        -507.513    -205.257              70              70
   31         228.005     145.348         227.895     145.307              31              31
   40        -114.689    -111.185        -114.760    -111.145              40              40
  169       -1378.795    1453.690       -1378.529    1454.315             169             169
  250        -328.424   -1290.725        -329.187   -1290.389             250             250
   64         957.792     600.759         957.719     600.676              64              64
   98        1517.216   -1952.165        1516.822   -1952.486              98              98
  214       -3517.230      24.070       -3517.246      25.141             214             214
  120         333.765   -1132.530         333.051   -1132.616             120             120
  114        -724.156   -1054.339        -724.713   -1054.340             114             114
  118        -393.416    1240.258        -393.325    1240.261             118             118
  197        -512.300     251.504        -512.543     251.859             197             197
  208         321.360   -1790.042         320.589   -1790.109             208             208
  204       -1755.697    -358.632       -1756.123    -358.264             204             204
   21        -576.517   -1382.962        -577.541   -1383.174              21              21
   65         508.282    1782.206         508.262    1781.602              65              65
  118         579.273    3047.299         579.745    3047.254             118             118
   50         702.619    -113.606         702.154    -113.473              50              50
  129        1131.195    1623.335        1131.345    1623.482             129             129
  243        1654.519   -2828.450        1653.503   -2828.611             243             243
  193         514.959     664.268         515.219     664.286             193             193
    7        -398.371   -2243.286        -399.067   -2242.955               7               7
  157       -1008.776   -1142.147       -1009.318   -1141.914             157             157
  171        -642.226    -604.807        -642.814    -604.680             171             171
  161         772.526   -1038.805         771.875   -1039.126             161             161
  160        -971.399   -1315.084        -972.192   -1315.005             160             160
  240        1560.164    -532.425        1559.670    -533.267             240             240
   88         -48.194      68.087         -48.232      67.790              88              88
  230       -1520.121      87.847       -1520.363      88.083             230             230
  174        -999.717    -234.301       -1000.406    -234.292             174             174
  141         872.400     879.793         872.083     879.193             141             141
  134         -30.419    1801.171         -30.361    1801.172             134             134
  198         926.179    -884.881         925.389    -885.211             198             198
   54         885.755    1469.612         885.897    1469.227              54              54
  133        -167.407     234.537        -167.634     234.621             133             133
  210        -956.217    1392.612        -956.330    1393.088             210             210
  244         471.716   -1264.284         470.539   -1264.376             244             244
  182        2270.250    1832.932        2270.395    1832.235             182             182
   56        -614.503     827.959        -614.585     828.657              56              56
    3         402.465   -2907.263         400.984   -2907.226               3               3
  202         -88.746     804.245         -89.061     804.190             202             202
   56         726.472    -261.081         725.863    -261.155              56              56
  160       -1419.063    -871.634       -1419.999    -871.067             160             160
  125       -1227.049   -1093.938       -1228.558   -1093.590             125             125
   89        1360.396    -629.900        1358.967    -630.538              89              89
  220         381.554     -32.391         380.447     -32.732             220             220
  163       -1034.362    1042.504       -1035.520    1042.858             163             163
  238         833.101    -630.062         830.979    -630.160             238             238
   91        -977.300   -1766.885        -980.529   -1766.678              91              91
  165        3316.022    -104.139        3312.406    -105.527             165             165
  205        -645.606    -220.789        -652.481    -220.816             205             205
