SINAL     NFT                         FFT                         NFT INVERSA     FFT INVERSA
-----     -----------------------     -----------------------     -----------     -----------
   44       63959.000       0.000       63959.000       0.000              44              44
  249        -126.381     198.106        -126.367     198.105             249             249
   86       -1196.296    1837.589       -1196.282    1837.590              86              86
   34         799.533    1168.614         799.546    1168.614              34              34
  221        2249.201      41.999        2249.214      41.996             221             221
   36        1424.971   -1691.016        1424.983   -1691.022              36              36
  138        -554.951    1913.354        -554.927    1913.355             138             138
  159         241.218    -293.733         241.235    -293.733             159             159
  234       -2362.003     715.356       -2361.984     715.368             234             234
   41        -953.659    -444.188        -953.654    -444.184              41              41
  165        1214.959    1497.276        1214.976    1497.269             165             165
   11        2272.244     377.866        2272.265     377.853              11              11
   93       -1343.349    2172.302       -1343.311    2172.321              93              93
  217       -1903.355   -1230.556       -1903.355   -1230.529             217             217
  173         868.137   -1085.800         868.134   -1085.802             173             173
  174        1061.104    -297.083        1061.115    -297.090             174             174
   70         513.369     -84.525         513.387     -84.525              70              70
  108         825.916    -318.333         825.938    -318.333             108             108
  160       -2036.313   -2144.408       -2036.314   -2144.384             160             160
  148        -848.538    -670.948        -848.534    -670.946             148             148
  157        -225.881    -658.556        -225.876    -658.561             157             157
    4       -1095.925   -1052.657       -1095.927   -1052.661               4               4
  166       -1067.008    1719.433       -1066.981    1719.431             166             166
   15        -293.191    1563.282        -293.172    1563.291              15              15
   76        1131.349   -1137.197        1131.341   -1137.213              76              76
   41       -2179.973    1045.194       -2179.958    1045.219              41              41
    7        1545.056    2133.677        1545.079    2133.667               7               7
  205        1535.846   -1342.084        1535.830   -1342.091             205             205
  116        1586.644    -992.824        1586.647    -992.854             116             116
   89         394.455     585.209         394.497     585.198              89              89
  125       -1164.474    -247.335       -1164.461    -247.311             125             125
   85         131.054    -800.538         131.043    -800.553              85              85
  189        1505.003    1968.596        1505.061    1968.558             189             189
  227         -87.792     488.251         -87.751     488.266             227             227
    3        -744.817     296.660        -744.792     296.688               3               3
  170         813.997     645.742         814.032     645.744             170             170
  172       -1171.626    -674.521       -1171.621    -674.471             172             172
  161         486.638    -909.549         486.635    -909.549             161             161
  235       -1392.251   -1137.864       -1392.262   -1137.835             235             235
  126        -410.549     -27.224        -410.553     -27.224             126             126
  230         822.910     322.465         822.925     322.440             230             230
  196         356.210    1348.753         356.267    1348.768             196             196
   86        -282.014   -2200.065        -282.045   -2200.035              86              86
  117       -1115.567   -1713.557       -1115.596   -1713.551             117             117
  155       -1368.705    1978.534       -1368.660    1978.569             155             155
    0        1174.515   -2255.491        1174.445   -2255.520               0              -0
  111        -190.373     -76.882        -190.367     -76.898             111             111
    6         934.246   -1359.580         934.225   -1359.645               6               6
   94       -1050.818    1818.175       -1050.739    1818.162              94              94
  155       -1212.194    2399.555       -1212.126    2399.597             155             155
   94        -295.190    1175.061        -295.180    1175.112              94              94
   13        1008.724    -727.335        1008.680    -727.326              13              13
   38        1395.921   -1468.868        1395.879   -1468.902              38              38
  172        -520.072    -147.379        -520.077    -147.360             172             172
   24        2240.537   -1559.171        2240.496   -1559.256              24              24
    2        -599.103    -953.006        -599.114    -953.028               2               2
  101        1674.567     758.922        1674.619     758.816             101             101
  104        -859.915     887.518        -859.854     887.516             104             104
   93        1106.389    1788.511        1106.478    1788.460              93              93
  209        -371.265    1333.392        -371.180    1333.421             209             209
  161         157.488    1156.351         157.566    1156.379             161             161
  249       -1182.931     546.058       -1182.885     546.157             249             249
   67        -380.018   -1744.765        -380.083   -1744.724              67              67
   48        -258.407     -96.359        -258.406     -96.362              48              48
    9        -581.830     939.586        -581.799     939.616               9               9
  108        1369.019    -277.320        1369.023    -277.368             108             108
   19       -1430.036    1893.712       -1429.929    1893.810              19              19
   61       -1751.660   -1379.906       -1751.755   -1379.780              61              61
  177         843.350    -726.031         843.260    -726.057             177             177
   38        2044.139      92.007        2044.139      91.933              38              38
   36        -500.243   -1339.932        -500.296   -1339.906              36              36
  180        1171.569      80.922        1171.571      80.852             180             180
   45         -56.728     434.191         -56.707     434.194              45              45
   92        1445.665     228.320        1445.689     228.269              92              92
   23        -437.522    -537.543        -437.530    -537.516              23              23
  144        -137.111    1150.127        -137.080    1150.158             144             144
  135        2206.879    -710.196        2206.842    -710.257             135             135
   45         759.193   -1187.346         759.175   -1187.371              45              45
  230          98.765       9.910          98.787       9.913             230             230
    6        1363.573    -885.193        1363.555    -885.252               6               6
   92         744.737    -674.521         744.759    -674.576              92              92
  158        -209.394     860.220        -209.297     860.238             158             158
   76        -325.385    -856.042        -325.400    -856.002              76              76
   29         -94.957     393.375         -94.920     393.417              29              29
   56        -126.633   -2518.343        -126.773   -2518.312              56              56
    5        1295.157   -1674.516        1295.075   -1674.637               5               5
  212         632.096     -68.429         632.130     -68.521             212             212
  179         441.668     375.604         441.732     375.566             179             179
   24           0.422   -2064.332           0.337   -2064.371              24              24
  215         610.376    -502.059         610.371    -502.196             215             215
  212        1294.093    1186.157        1294.216    1185.996             212             212
  120         950.696     839.323         950.856     839.205             120             120
  166       -2320.255    2422.165       -2320.048    2422.281             166             166
  140        1286.620    1925.241        1286.782    1925.228             140             140
  146       -1828.220    -577.827       -1828.195    -577.644             146             146
  148        -144.483    -211.435        -144.474    -211.381             148             148
   95       -1136.706   -1550.868       -1136.797   -1550.790              95              95
   95        1193.685      60.734        1193.721      60.640              95              95
  198       -2103.703    -327.675       -2103.701    -327.541             198             198
  136         438.897   -1873.545         438.759   -1873.639             136             136
  233         177.793    2314.705         177.966    2314.641             233             233
   29       -1032.840     288.058       -1032.820     288.158              29              29
  247         825.568   -1461.970         825.479   -1462.043             247             247
  198       -1157.057     376.763       -1157.028     376.776             198             198
    2         878.377     734.314         878.427     734.205               2               2
  101       -1210.129    1890.683       -1210.003    1890.770             101             101
  101         103.002     -66.957         102.950     -66.932             101             101
   56        1109.107     714.999        1109.151     714.953              56              56
   94       -1305.054    -692.630       -1305.147    -692.514              94              94
   71        2858.408   -1079.480        2858.299   -1079.730              71              71
  181         485.197    1702.905         485.354    1702.824             181             181
  248        1418.293     985.667        1418.409     985.586             248             248
  197         309.349     -87.708         309.417     -87.733             197             197
  229        -534.341    2555.128        -534.126    2555.212             229             229
   62        1262.437     113.763        1262.474     113.794              62              62
  201         566.194   -1139.827         566.187   -1139.789             201             201
  119        -341.472    -425.729        -341.435    -425.644             119             119
   90        -571.986   -2572.505        -572.155   -2572.478              90              90
   18         626.535     873.803         626.618     873.708              18              18
   59         341.998     -89.892         342.033     -89.900              59              59
  111         799.828   -1398.286         799.790   -1398.370             111             111
  123        -130.412    -421.796        -130.339    -421.872             123             123
  131       -2313.864    1022.032       -2313.764    1022.147             131             131
   91         651.458     525.179         651.467     525.088              91              91
   74          30.686    1732.639          30.821    1732.642              74              74
  225        1040.143     170.139        1040.177     170.092             225             225
  207          -8.662    1151.038          -8.529    1151.101             207             207
   47         519.711   -1137.137         519.650   -1137.130              47              47
  216         852.908     178.063         853.000     178.000             216             216
  131       -1626.431    -323.926       -1626.434    -323.773             131             131
  145        1463.325    -435.073        1463.275    -435.198             145             145
  117        1536.740   -1259.284        1536.722   -1259.490             117             117
  140         169.347    1630.206         169.626    1630.105             140             140
  220       -1104.461    1467.023       -1104.233    1467.120             220             220
  233       -1408.178     718.383       -1408.117     718.532             233             233
  151        1925.071    1568.384        1925.245    1568.284             151             151
  191        -920.988      -9.235        -920.902      -9.055             191             191
  226         614.505    -290.148         614.557    -290.148             226             226
   15       -1170.419     958.146       -1170.251     958.341              15              15
  115        -704.494   -1962.502        -704.641   -1962.381             115             115
  126        -748.971     323.144        -748.943     323.213             126             126
  170         -98.218    -970.758         -98.331    -970.765             170             170
  188         552.856    1442.112         552.981    1442.062             188             188
  168         442.663     224.738         442.690     224.777             168             168
   14        1627.924    -916.103        1627.909    -916.211              14              14
  112        -199.079    -164.098        -198.992    -164.077             112             112
   56         925.515     123.816         925.649     123.740              56              56
  207        -896.242      -8.970        -896.097      -8.864             207             207
  203       -1755.039     -25.552       -1754.991     -25.365             203             203
  224        -389.148      22.763        -389.172      22.811             224             224
  175        1512.203     597.036        1512.314     596.923             175             175
  149        -579.191    -255.050        -579.102    -254.955             149             149
  225        -542.248     599.124        -542.111     599.221             225             225
  203        -662.412      -7.118        -662.356      -6.987             203             203
  192        -495.006     171.493        -494.954     171.608             192             192
  230         275.083     387.385         275.185     387.464             230             230
   67        -432.721    -759.869        -432.690    -759.714              67              67
  240       -1774.893    -239.443       -1774.856    -239.150             240             240
  173       -2002.256   -1698.657       -2002.513   -1698.349             173             173
  134        2030.440   -2205.953        2030.163   -2206.163             134             134
   84         672.382    -594.367         672.434    -594.487              84              84
  229       -1355.095    -717.454       -1355.080    -717.356             229             229
   59        -403.551     -30.786        -403.512     -30.786              59              59
  113       -1306.844     402.224       -1306.790     402.364             113             113
   61        -729.022     746.371        -729.001     746.548              61              61
   59         629.222   -1598.250         629.001   -1598.194              59              59
    3        1240.916   -2508.102        1240.691   -2508.238               3               3
   63         -31.989   -1453.175         -32.046   -1453.288              63              63
   51          -7.700     739.428          -7.504     739.364              51              51
   80       -1963.064   -1170.794       -1963.140   -1170.596              80              80
  153        -889.843   -1250.479        -890.055   -1250.493             153             153
  185        1501.356    1056.263        1501.459    1056.014             185             185
  145        -322.232    -210.683        -322.207    -210.653             145             145
   65         823.257    -582.629         823.250    -582.748              65              65
  225        -225.396   -1053.632        -225.422   -1053.713             225             225
  191         -50.887    1889.912         -50.598    1889.876             191             191
  164         432.418    -627.955         432.479    -627.952             164             164
  168       -1713.971   -1206.973       -1714.009   -1206.809             168             168
   58         186.872    -474.482         186.891    -474.595              58              58
   46       -1272.957     295.903       -1272.827     295.984              46              46
  110        -735.313    -754.321        -735.323    -754.315             110             110
  144       -2321.078     555.011       -2321.002     555.193             144             144
  203       -1075.981    -519.928       -1076.139    -519.913             203             203
   67         279.589    1898.111         279.745    1898.003              67              67
  140         237.469     787.250         237.578     787.273             140             140
   22       -1025.465    -556.326       -1025.519    -556.165              22              22
   81       -1143.369   -1185.132       -1143.604   -1185.079              81              81
   77        1287.045     828.920        1287.074     828.607              77              77
   90         358.429    3571.809         358.890    3571.831              90              90
  218         -45.741   -1098.632         -45.860   -1098.454             218             218
   11         774.842     -92.130         774.865     -92.127              11              11
   70         670.479   -1739.269         670.382   -1739.296              70              70
  161        -542.077   -2130.327        -542.200   -2130.384             161             161
  193        -739.890     891.106        -739.648     891.039             193             193
  142       -2923.389    1274.330       -2923.254    1274.708             142             142
   68         937.455   -1681.125         937.156   -1681.250              68              68
  141         500.023    -307.971         500.067    -308.159             141             141
  130       -2218.874      70.632       -2218.844      70.792             130             130
  189        -314.966      -3.907        -315.063      -4.014             189             189
   69         -24.734     936.504         -24.700     936.342              69              69
   60        1158.542    2409.551        1158.840    2409.349              60              60
  154         179.830     717.817         179.991     717.817             154             154
   54        -996.082    2009.191        -995.824    2009.417              54              54
  148         966.710    -518.526         966.624    -518.527             148             148
   72         -61.060     154.328         -61.025     154.398              72              72
  100        2131.962    -230.568        2132.074    -230.786             100             100
   44       -2384.037    -640.075       -2383.977    -639.732              44              44
  237        -984.310    -797.162        -984.485    -797.080             237             237
  208         350.843     312.619         350.781     312.490             208             208
  147        2112.537    1162.656        2112.721    1162.396             147             147
  202         316.693   -1718.364         316.578   -1718.436             202             202
   35        1257.481    1119.605        1257.787    1119.345              35              35
  165         806.540    -185.027         806.790    -185.182             165             165
   22       -1380.063     800.239       -1379.693     800.374              22              22
    6        -968.912     574.666        -968.662     574.784               6               6
  212        -501.296     505.227        -501.020     505.282             212             212
  160       -3060.293    1416.508       -3059.993    1417.002             160             160
  187        -424.258    -730.354        -424.354    -730.213             187             187
  109       -1144.518    -675.015       -1144.570    -674.906             109             109
  119        -302.472    1334.939        -302.228    1334.971             119             119
  235        -546.217   -1362.923        -546.277   -1362.895             235             235
  189       -2134.875    1834.337       -2134.523    1834.572             189             189
  160       -1459.560      67.448       -1459.557      67.668             160             160
   18        -814.908     736.829        -814.804     736.925              18              18
   10       -1140.861     952.679       -1140.699     952.859              10              10
  165       -1485.372    1616.614       -1485.136    1616.980             165             165
    2       -1785.841   -2545.471       -1786.298   -2545.187               2               2
   97        -133.071    1686.533        -132.898    1686.453              97              97
  171       -1128.308     379.238       -1128.277     379.381             171             171
   80       -1224.330    2568.676       -1224.031    2568.945              80              80
  248        -262.575    -583.360        -262.731    -583.203             248             248
  178       -1089.808    2534.915       -1089.479    2535.254             178             178
  192        -673.652    -762.475        -673.823    -762.082             192             192
   93       -1914.486   -1417.533       -1914.834   -1417.104              93              93
  144        -211.884    -731.099        -212.195    -731.031             144             144
  104        -482.862     291.088        -483.026     291.245             104             104
  207        1920.745   -1431.093        1920.445   -1431.298             207             207
  221        -846.179   -1713.192        -846.442   -1713.135             221             221
  207         546.201    -522.506         546.106    -522.782             207             207
  235       -1090.018    1404.710       -1089.822    1404.761             235             235
  111          80.066      22.775          80.008      22.696             111             111
   91        -131.934    1930.292        -131.633    1930.308              91              91
  110       -1383.491     255.723       -1383.520     256.020             110             110
  190         104.779     492.079         104.736     492.088             190             190
    4         216.688    2421.397         217.031    2421.561               4               4
  232        -672.973   -1196.710        -673.181   -1196.319             232             232
   57       -1471.173   -1701.929       -1471.592   -1701.617              57              57
  229         639.587    -654.414         639.307    -654.562             229             229
  164         247.228      85.520         247.161      85.428             164             164
    9        -424.985     390.981        -425.025     391.018               9               9
  187         294.360    1689.279         294.513    1689.347             187             187
   39         -64.972    -340.730         -65.142    -340.484              39              39
  246         -38.967   -1962.294         -39.447   -1962.197             246             246
   73         432.176    -741.059         431.849    -741.178              73              73
  194        1775.978    -120.752        1775.813    -121.071             194             194
  119        1444.426    -937.482        1444.241    -937.785             119             119
   49        1039.000       0.305        1039.000       0.000              49              49
   86        1444.053     938.095        1444.240     937.788              86              86
  111        1775.647     121.405        1775.814     121.077             111             111
  207         431.510     741.301         431.846     741.178             207             207
   23         -39.949    1962.092         -39.451    1962.195              23              23
    4         -65.319     340.224         -65.143     340.482               4               4
   66         294.678   -1689.414         294.515   -1689.344              66              66
  199        -425.066    -391.060        -425.025    -391.020             199             199
   95         247.090     -85.329         247.161     -85.427              95              95
  143         639.002     654.722         639.304     654.563             143             143
  118       -1472.049    1701.273       -1471.595    1701.614             118             118
   32        -673.415    1195.890        -673.186    1196.316              32              32
   68         217.416   -2421.737         217.037   -2421.559              68              68
   16         104.688    -492.097         104.736    -492.088              16              16
   81       -1383.551    -256.355       -1383.520    -256.022              81              81
   78        -131.292   -1930.328        -131.630   -1930.310              78              78
   60          79.940     -22.608          80.007     -22.697              60              60
   86       -1089.594   -1404.828       -1089.819   -1404.766              86              86
  196         545.991     523.103         546.103     522.785             196             196
  138        -846.754    1713.064        -846.447    1713.132             138             138
  221        1920.087    1431.544        1920.441    1431.302             221             221
  166        -483.218    -291.434        -483.025    -291.248             166             166
    1        -212.567     730.950        -212.197     731.032               1               1
    7       -1915.255    1416.584       -1914.839    1417.097               7               7
  134        -674.032     761.603        -673.825     762.079             134             134
  115       -1089.069   -2535.669       -1089.472   -2535.257             115             115
  116        -262.922     583.010        -262.731     583.203             116             116
   55       -1223.654   -2569.282       -1224.025   -2568.950              55              55
  181       -1128.239    -379.563       -1128.277    -379.383             181             181
  114        -132.674   -1686.352        -132.892   -1686.453             114             114
  147       -1786.883    2544.825       -1786.305    2545.185             147             147
  166       -1484.832   -1617.450       -1485.133   -1616.984             166             166
  128       -1140.487    -953.092       -1140.697    -952.860             128             128
    1        -814.662    -737.051        -814.800    -736.926               1               1
   99       -1459.555     -67.959       -1459.558     -67.669              99              99
  229       -2134.052   -1834.890       -2134.517   -1834.578             229             229
  129        -546.363    1362.853        -546.280    1362.892             129             129
  140        -301.895   -1335.016        -302.223   -1334.972             140             140
   13       -1144.646     674.756       -1144.573     674.904              13              13
  255        -424.486     730.020        -424.355     730.213             255             255
  255       -3059.577   -1417.688       -3059.990   -1417.008             255             255
  124        -500.634    -505.358        -501.017    -505.282             124             124
   14        -968.312    -574.950        -968.660    -574.786              14              14
  217       -1379.169    -800.566       -1379.689    -800.376             217             217
  201         807.145     185.406         806.790     185.185             201             201
  149        1258.225   -1118.970        1257.790   -1119.341             149             149
  180         316.407    1718.540         316.574    1718.437             180             180
  106        2112.990   -1162.014        2112.724   -1162.390             106             106
   20         350.692    -312.299         350.783    -312.489              20              20
   86        -984.741     796.960        -984.484     797.079              86              86
  124       -2383.890     639.213       -2383.978     639.726             124             124
  201        2132.244     231.122        2132.075     230.793             201             201
  120         -60.972    -154.506         -61.025    -154.400             120             120
    0         966.494     518.534         966.624     518.531              -0              -0
  220        -995.422   -2009.766        -995.820   -2009.419             220             220
   71         180.241    -717.819         179.991    -717.817              71              71
   84        1159.310   -2409.034        1158.845   -2409.348              84              84
   41         -24.642    -936.085         -24.697    -936.341              41              41
    3        -315.213       4.185        -315.061       4.014               3               3
  121       -2218.796     -71.052       -2218.844     -70.796             121             121
  219         500.138     308.462         500.067     308.159             219             219
  163         936.667    1681.459         937.152    1681.255             163             163
   92       -2923.032   -1275.332       -2923.252   -1274.714              92              92
  101        -739.246    -890.928        -739.647    -891.039             101             101
  181        -542.408    2130.479        -542.202    2130.384             181             181
  207         670.214    1739.344         670.379    1739.297             207             207
   87         774.906      92.129         774.867      92.131              87              87
  132         -46.069    1098.151         -45.864    1098.455             132             132
  124         359.695   -3571.871         358.896   -3571.831             124             124
  194        1287.130    -828.061        1287.076    -828.605             194             194
  181       -1144.023    1184.985       -1143.608    1185.078             181             181
   19       -1025.617     555.876       -1025.521     556.162              19              19
   15         237.778    -787.312         237.581    -787.273              15              15
  194         280.034   -1897.810         279.750   -1898.003             194             194
   65       -1076.423     519.880       -1076.137     519.911              65              65
  220       -2320.860    -555.534       -2321.000    -555.198             220             220
  225        -735.344     754.303        -735.325     754.314             225             225
  211       -1272.584    -296.138       -1272.827    -295.987             211             211
  197         186.927     474.809         186.892     474.596             197             197
   55       -1714.087    1206.491       -1714.013    1206.805              55              55
   45         432.593     627.946         432.478     627.952              45              45
  103         -50.027   -1889.804         -50.590   -1889.876             103             103
  159        -225.477    1053.871        -225.424    1053.713             159             159
  120         823.237     582.985         823.251     582.751             120             120
   71        -322.162     210.592        -322.210     210.652              71              71
    5        1501.669   -1055.510        1501.462   -1056.009               5               5
  158        -890.484    1250.518        -890.056    1250.492             158             158
   26       -1963.298    1170.189       -1963.143    1170.591              26              26
  135          -7.099    -739.233          -7.502    -739.363             135             135
  155         -32.171    1453.526         -32.050    1453.290             155             155
   17        1240.215    2508.525        1240.687    2508.241              17              17
  244         628.531    1598.079         628.998    1598.196             244             244
  237        -728.954    -746.924        -728.999    -746.548             237             237
   12       -1306.671    -402.666       -1306.788    -402.366              12              12
  150        -403.427      30.785        -403.511      30.785             150             150
    0       -1355.048     717.141       -1355.081     717.352              -0               0
  240         672.547     594.754         672.433     594.488             240             240
   61        2029.538    2206.639        2030.159    2206.168              61              61
   94       -2003.097    1697.649       -2002.517    1698.345              94              94
   90       -1774.773     238.475       -1774.856     239.143              90              90
  122        -432.621     759.359        -432.691     759.713             122             122
  102         275.421    -387.642         275.187    -387.463             102             102
  106        -494.830    -171.880        -494.953    -171.611             106             106
  120        -662.221       6.677        -662.354       6.985             120             120
   11        -541.782    -599.451        -542.109    -599.221              11              11
  133        -578.887     254.726        -579.101     254.954             133             133
  127        1512.588    -596.646        1512.316    -596.921             127             127
  234        -389.225     -22.931        -389.170     -22.812             234             234
  218       -1754.873      24.901       -1754.991      25.362             218             218
  124        -895.735       8.596        -896.096       8.862             124             124
   19         925.986    -123.550         925.650    -123.738              19              19
  202        -198.771     164.020        -198.991     164.075             202             202
  249        1627.867     916.487        1627.908     916.212             249             249
  154         442.768    -224.877         442.694    -224.776             154             154
  119         553.312   -1441.931         552.985   -1442.062             119             119
  199         -98.631     970.780         -98.332     970.764             199             199
  169        -748.868    -323.400        -748.942    -323.216             169             169
   84        -705.041    1962.054        -704.645    1962.379              84              84
  177       -1169.794    -958.874       -1170.249    -958.343             177             177
   54         614.700     290.147         614.557     290.147              54              54
   73        -920.667       8.558        -920.903       9.054              73              73
  128        1925.736   -1567.997        1925.249   -1568.279             128             128
   54       -1407.941    -718.955       -1408.114    -718.535              54              54
  161       -1103.578   -1467.400       -1104.227   -1467.122             161             161
  132         170.434   -1629.815         169.631   -1630.105             132             132
  172        1536.666    1260.096        1536.719    1259.495             172             172
   50        1463.126     435.568        1463.273     435.202              50              50
  248       -1626.445     323.316       -1626.435     323.768             248             248
  197         853.277    -177.812         853.000    -178.000             197             197
   42         519.458    1137.111         519.648    1137.131              42              42
  243          -8.115   -1151.288          -8.527   -1151.100             243             243
   29        1040.288    -169.941        1040.179    -170.090              29              29
    9          31.255   -1732.652          30.825   -1732.642               9               9
   95         651.501    -524.797         651.469    -525.087              95              95
   15       -2313.437   -1022.527       -2313.761   -1022.151              15              15
   59        -130.103     422.113        -130.339     421.870              59              59
  238         799.665    1398.649         799.789    1398.372             238             238
   36         342.146      89.930         342.032      89.901              36              36
  124         626.910    -873.383         626.623    -873.705             124             124
   89        -572.737    2572.387        -572.160    2572.477              89              89
   22        -341.306     425.359        -341.435     425.645              22              22
  117         566.156    1139.658         566.184    1139.789             117             117
   60        1262.604    -113.897        1262.475    -113.791              60              60
  212        -533.352   -2555.517        -534.117   -2555.216             212             212
  188         309.656      87.817         309.416      87.732             188             188
    1        1418.840    -985.284        1418.413    -985.582               1               1
  169         485.937   -1702.521         485.357   -1702.821             169             169
  217        2857.890    1080.671        2858.297    1079.737             217             217
  170       -1305.500     692.068       -1305.148     692.510             170             170
  166        1109.315    -714.771        1109.151    -714.950             166             166
  143         102.756      66.839         102.951      66.934             143             143
  195       -1209.503   -1891.113       -1209.998   -1890.773             195             195
  105         878.629    -733.774         878.429    -734.203             105             105
  236       -1156.915    -376.826       -1157.028    -376.776             236             236
  206         825.111    1462.342         825.476    1462.046             206             206
  208       -1032.735    -288.570       -1032.817    -288.160             208             208
   35         178.689   -2314.372         177.971   -2314.639              35              35
  232         438.179    1874.033         438.755    1873.640             232             232
  233       -2103.690     326.969       -2103.703     327.537             233             233
  211        1193.876     -60.235        1193.723     -60.638             211             211
  246       -1137.195    1550.449       -1136.799    1550.789             246             246
  242        -144.436     211.141        -144.474     211.380             242             242
   87       -1828.090     576.822       -1828.196     577.642              87              87
  178        1287.533   -1925.159        1286.789   -1925.224             178             178
   76       -2319.086   -2422.823       -2320.042   -2422.284              76              76
  123         951.600    -838.649         950.858    -839.202             123             123
  216        1294.800   -1185.231        1294.219   -1185.993             216             216
  216         610.347     502.854         610.370     502.198             216             216
   86          -0.080    2064.557           0.335    2064.371              86              86
  102         442.046    -375.371         441.733    -375.563             102             102
   94         632.301      68.988         632.129      68.524              94              94
  104        1294.651    1675.252        1295.072    1674.640             104             104
   14        -127.496    2518.158        -126.776    2518.314              14              14
  136         -94.733    -393.641         -94.921    -393.419             136             136
   35        -325.483     855.792        -325.403     856.002              35              35
   10        -208.771    -860.335        -209.293    -860.239              10              10
  194         744.877     674.872         744.758     674.576             194             194
  171        1363.450     885.592        1363.553     885.257             171             171
  143          98.909      -9.921          98.787      -9.911             143             143
  113         759.054    1187.515         759.171    1187.373             113             113
   30        2206.624     710.619        2206.841     710.261              30              30
   84        -136.894   -1150.338        -137.078   -1150.158              84              84
  244        -437.577     537.352        -437.531     537.516             244             244
  102        1445.828    -227.957        1445.690    -228.266             102             102
   89         -56.572    -434.214         -56.706    -434.195              89              89
   60        1171.581     -80.404        1171.570     -80.847              60              60
  153        -500.642    1339.744        -500.299    1339.906             153             153
   18        2044.142     -91.442        2044.140     -91.927              18              18
  131         842.669     726.232         843.260     726.059             131             131
  135       -1752.401    1378.929       -1751.759    1379.775             135             135
  160       -1429.194   -1894.478       -1429.925   -1893.814             160             160
  227        1369.048     277.709        1369.021     277.371             227             227
  220        -581.585    -939.828        -581.799    -939.616             220             220
  113        -258.403      96.376        -258.406      96.361             113             113
   56        -380.567    1744.425        -380.086    1744.725              56              56
   72       -1182.545    -546.906       -1182.886    -546.161              72              72
   54         158.170   -1156.587         157.568   -1156.378              54              54
    3        -370.506   -1333.646        -371.176   -1333.421               3               3
  204        1107.199   -1788.038        1106.483   -1788.456             204             204
  101        -859.359    -887.512        -859.852    -887.519             101             101
  235        1675.051    -757.935        1674.621    -758.813             235             235
   61        -599.214     953.210        -599.116     953.027              61              61
  224        2240.128    1560.004        2240.493    1559.261             224             224
   26        -520.115     147.189        -520.076     147.358              26              26
  182        1395.499    1469.222        1395.876    1468.905             182             182
  219        1008.268     727.247        1008.678     727.327             219             219
   61        -295.074   -1175.587        -295.178   -1175.111              61              61
    4       -1211.460   -2399.998       -1212.119   -2399.599               4               4
   60       -1049.968   -1818.055       -1050.737   -1818.165              60              60
  250         933.991    1360.320         934.221    1359.649             250             250
  230        -190.312      77.061        -190.369      76.898             230             230
   93        1173.681    2255.836        1174.439    2255.523              93              93
   85       -1368.162   -1978.950       -1368.657   -1978.572              85              85
   71       -1115.936    1713.466       -1115.601    1713.547              71              71
   89        -282.420    2199.697        -282.050    2200.035              89              89
  144         356.941   -1348.929         356.271   -1348.766             144             144
    0         823.092    -322.140         822.925    -322.438               0              -0
  198        -410.593      27.219        -410.553      27.223             198             198
   81       -1392.416    1137.439       -1392.264    1137.830              81              81
   97         486.592     909.548         486.634     909.550              97              97
  233       -1171.553     673.806       -1171.622     674.470             233             233
  185         814.530    -645.763         814.036    -645.742             185             185
  212        -744.444    -297.092        -744.792    -296.689             212             212
    6         -87.159    -488.477         -87.751    -488.265               6               6
  127        1505.951   -1967.993        1505.064   -1968.557             127             127
   25         130.855     800.788         131.042     800.553              25              25
  165       -1164.238     246.912       -1164.461     247.310             165             165
  148         395.200    -585.015         394.498    -585.197             148             148
  242        1586.696     993.409        1586.646     992.859             242             242
   71        1535.508    1342.243        1535.826    1342.094              71              71
   70        1545.536   -2133.437        1545.082   -2133.663              70              70
   73       -2179.633   -1045.747       -2179.955   -1045.224              73              73
  236        1131.155    1137.565        1131.338    1137.215             236             236
   63        -292.711   -1563.479        -293.168   -1563.290              63              63
  162       -1066.344   -1719.420       -1066.978   -1719.434             162             162
  178       -1095.977    1052.721       -1095.928    1052.658             178             178
  203        -225.763     658.688        -225.877     658.560             203             203
  200        -848.448     670.864        -848.535     670.942             200             200
  238       -2036.365    2143.679       -2036.318    2144.380             238             238
  154         826.609     318.355         825.939     318.336             154             154
   54         513.947      84.555         513.387      84.526              54              54
  146        1061.480     297.368        1061.115     297.094             146             146
   86         867.987    1085.919         868.132    1085.805              86              86
  128       -1903.378    1229.397       -1903.357    1230.522             128             128
  250       -1341.654   -2173.148       -1343.306   -2172.324             250             250
   79        2273.246    -377.217        2272.265    -377.849              79              79
  168        1215.849   -1496.852        1214.979   -1497.265             168             168
   58        -953.395     443.917        -953.655     444.182              58              58
  244       -2360.787    -716.171       -2361.983    -715.372             244             244
    9         242.439     293.745         241.233     293.735               9               9
  193        -552.806   -1913.408        -554.922   -1913.354             193             193
  194        1426.139    1691.612        1424.980    1691.025             194             194
   73        2250.875     -41.497        2249.214     -41.990              73              73
   87         801.818   -1168.507         799.548   -1168.614              87              87
   61       -1192.481   -1837.815       -1196.278   -1837.592              61              61
  243        -119.480    -197.789        -126.367    -198.106             243             243
