SINAL     NFT                         FFT                         NFT INVERSA     FFT INVERSA
-----     -----------------------     -----------------------     -----------     -----------
   95       64519.000       0.000       64519.000       0.000              95              95
  234        1204.726    1773.553        1204.740    1773.552             234             234
   32         279.793    1067.931         279.808    1067.930              32              32
  219        -488.241    1154.479        -488.226    1154.481             219             219
  192        -330.552     946.721        -330.537     946.723             192             192
  235        -374.329     834.188        -374.314     834.191             235             235
  199        -362.008     843.865        -361.995     843.869             199             199
   42        1197.538    1022.934        1197.553    1022.937              42              42
  109         245.284    -950.260         245.292    -950.253             109             109
  217         998.002   -1040.021         998.011   -1040.020             217             217
   68         705.322   -1769.703         705.330   -1769.706              68              68
  220       -1372.187    -930.759       -1372.178    -930.753             220             220
   36         804.846     212.749         804.859     212.739              36              36
    6         323.022    1503.562         323.047    1503.563               6               6
  176        -199.298   -1068.294        -199.296   -1068.288             176             176
  136        1247.508     -14.350        1247.517     -14.360             136             136
  220        2664.023     635.670        2664.055     635.647             220             220
   75       -1553.823     386.022       -1553.791     386.050              75              75
   55        -466.505   -1874.217        -466.509   -1874.206              55              55
  174         126.129     128.085         126.145     128.081             174             174
   84         862.079     509.510         862.108     509.503              84              84
   16        -827.847    -177.866        -827.823    -177.847              16              16
   47       -1114.891    -841.090       -1114.883    -841.072              47              47
  232       -1241.148     148.159       -1241.137     148.175             232             232
  201        -626.988    1106.167        -626.975    1106.186             201             201
    0        2571.280    -287.333        2571.289    -287.352               0              -0
  199       -1530.619   -1225.684       -1530.618   -1225.647             199             199
   46         984.779    -299.115         984.786    -299.122              46              46
  105         342.631   -1430.140         342.631   -1430.141             105             105
    8        -705.643    -161.656        -705.624    -161.641               8               8
   13        -450.628   -1921.206        -450.648   -1921.205              13              13
  204        -721.745    1141.373        -721.717    1141.378             204             204
  218         279.481      -0.365         279.483      -0.362             218             218
   69        1358.136    -414.104        1358.144    -414.120              69              69
   54        -360.035   -1871.159        -360.054   -1871.155              54              54
   39        1222.731     821.061        1222.777     821.027              39              39
  226       -1011.651    -981.168       -1011.638    -981.145             226             226
   69       -1290.971    -326.819       -1290.967    -326.802              69              69
  228         259.340     649.418         259.363     649.406             228             228
   40        -452.414     161.065        -452.406     161.081              40              40
  145        1760.578    -441.330        1760.588    -441.374             145             145
   16        -636.702    -218.955        -636.669    -218.950              16              16
  171       -1152.465    2306.742       -1152.387    2306.786             171             171
   89         409.168    -773.719         409.155    -773.693              89              89
   30         986.479   -1552.159         986.472   -1552.177              30              30
   75       -1554.031     -98.699       -1553.999     -98.659              75              75
  133        -671.122    -166.863        -671.114    -166.840             133             133
  238         267.460    -420.996         267.470    -421.003             238             238
   13       -1044.656     302.139       -1044.618     302.178              13              13
   59       -1579.669    -639.594       -1579.685    -639.531              59              59
  123        -131.781    -568.849        -131.804    -568.836             123             123
   54         232.004   -1637.908         231.962   -1637.924              54              54
   72       -1285.324    -460.735       -1285.337    -460.725              72              72
   15         692.367     900.155         692.399     900.112              15              15
  219         -43.711     -72.310         -43.686     -72.320             219             219
  221       -1979.233    1400.995       -1979.184    1401.063             221             221
   57        1569.314     546.287        1569.351     546.258              57              57
   30       -3566.507     135.575       -3566.498     135.743              30              30
  216         675.762   -1349.213         675.682   -1349.211             216             216
   73       -1387.410    -691.629       -1387.458    -691.572              73              73
  247         132.977    -407.126         132.918    -407.118             247             247
  253         706.652   -1928.197         706.552   -1928.235             253             253
  230          44.646     436.180          44.638     436.161             230             230
  148         587.460   -1343.898         587.375   -1343.940             148             148
  160        1201.272    1080.231        1201.291    1080.170             160             160
  194        1402.514   -1760.578        1402.431   -1760.651             194             194
   18        1209.774    1090.086        1209.815    1090.010              18              18
  141        2928.882     -58.770        2928.912     -58.888             141             141
  253        1542.303      -6.038        1542.395      -6.086             253             253
    1       -1265.148   -2145.570       -1265.173   -2145.516               1               1
  143         473.177   -1223.539         473.168   -1223.610             143             143
  198       -1384.958   -1698.192       -1385.007   -1698.231             198             198
  152         804.458    2861.272         804.601    2861.150             152             152
   38        1205.308     980.158        1205.418     980.081              38              38
  112       -1612.941    1597.542       -1612.805    1597.619             112             112
  232        -753.109     145.027        -753.086     145.081             232             232
  195        -279.157    -796.064        -279.189    -796.076             195             195
  232         789.736    1678.174         789.853    1678.109             232             232
   71       -1043.560      90.637       -1043.509      90.677              71              71
  121       -1094.452    1631.545       -1094.357    1631.596             121             121
  170        -745.055     534.816        -745.039     534.873             170             170
   42         448.587     178.574         448.591     178.551              42              42
  223         403.030    1144.354         403.120    1144.329             223             223
  133        -487.379    1570.063        -487.253    1570.117             133             133
  121       -1230.296    1405.848       -1230.200    1405.989             121             121
   41        -506.882    -248.723        -506.886    -248.605              41              41
   21       -1805.835   -1382.696       -1805.932   -1382.546              21              21
  133         208.341    -574.918         208.270    -574.912             133             133
   22        -221.043   -1282.803        -221.136   -1282.805              22              22
   11         269.450    1048.417         269.508    1048.401              11              11
  167       -1456.527   -1616.686       -1456.639   -1616.605             167             167
   67        -512.868    -565.659        -512.968    -565.707              67              67
  151         207.348    2747.376         207.429    2747.338             151             151
  177        1729.394      57.826        1729.351      57.753             177             177
   95         825.200     210.091         825.208     210.039              95              95
   29         577.119    1382.927         577.195    1382.907              29              29
   92        1371.582     812.274        1371.653     812.247              92              92
  222        -664.164   -1108.132        -664.224   -1108.066             222             222
   83        1117.201    1179.556        1117.274    1179.492              83              83
   97        -320.622     384.446        -320.599     384.506              97              97
   81         829.185     953.730         829.218     953.745              81              81
   98        2294.428   -1144.229        2294.389   -1144.312              98              98
  164         373.574    -913.200         373.609    -913.223             164             164
   67       -1351.165     213.861       -1351.111     213.933              67              67
  140          95.000    1005.683          95.059    1005.699             140             140
  244         405.113    -312.211         405.097    -312.202             244             244
   87         775.390    -229.105         775.415    -229.163              87              87
  141       -1313.880    2211.814       -1313.710    2211.956             141             141
  213        -387.464    -813.308        -387.574    -813.191             213             213
   30        1178.255     -56.051        1178.208     -56.075              30              30
   78         689.389    -647.146         689.326    -647.141              78              78
  142         950.053    -117.531         950.015    -117.543             142             142
  100        3289.150   -1415.080        3289.103   -1415.286             100             100
   65        -454.029     -48.520        -453.948     -48.470              65              65
  138        2043.208    -914.319        2043.221    -914.443             138             138
   21         246.927   -1015.246         246.986   -1015.269              21              21
  160        -820.968    -577.332        -820.927    -577.293             160             160
   53        1553.447    -965.141        1553.496    -965.317              53              53
  182       -1995.163    1432.571       -1994.911    1432.692             182             182
  158       -2457.403    -345.444       -2457.413    -345.239             158             158
   55        -536.658    -892.087        -536.783    -892.091              55              55
  255        1163.291    2029.283        1163.444    2029.190             255             255
  202          75.973   -1231.537          75.920   -1231.521             202             202
   51         460.061     518.389         460.173     518.330              51              51
  135       -1337.694     -42.523       -1337.645     -42.423             135             135
   25         121.930    -281.186         121.945    -281.243              25              25
  228       -2307.284    1564.162       -2307.171    1564.315             228             228
  229         507.069     838.760         507.066     838.734             229             229
  200         569.964     737.036         570.000     737.000             200             200
  116        1063.911    1362.331        1064.044    1362.261             116             116
  122         244.610    2737.828         244.890    2737.929             122             122
   88         206.550     331.148         206.629     331.342              88              88
  190        -506.151   -1787.625        -506.278   -1787.439             190             190
  145         507.154    -580.165         507.118    -580.142             145             145
   85         536.257       6.040         536.305       6.095              85              85
    3         243.548   -2630.085         243.375   -2630.070               3               3
    3        1142.235     316.938        1142.371     316.816               3               3
  105        -463.321     241.687        -463.140     241.779             105             105
   91       -1940.668    -985.900       -1940.661    -985.677              91              91
   12        -497.558   -1089.005        -497.581   -1088.985              12              12
  135       -3328.540    1388.167       -3328.417    1388.476             135             135
   90        -822.132     430.151        -822.221     430.339              90              90
  238         767.565   -1548.461         767.328   -1548.445             238             238
  101        1818.295    -611.219        1818.254    -611.346             101             101
  251         966.463   -1139.672         966.510   -1139.734             251             251
  185       -3255.061   -1127.728       -3255.095   -1127.439             185             185
   14        -445.786    -305.653        -445.873    -305.641              14              14
  177         638.012    -564.175         637.982    -564.280             177             177
  100       -1979.478    1722.128       -1979.288    1722.361             100             100
   42       -1887.288   -2235.462       -1887.630   -2235.234              42              42
   41        1752.739     128.169        1752.653     127.968              41              41
  161        -233.861    -507.768        -233.937    -507.760             161             161
   94         822.877     577.287         822.907     577.215              94              94
  192         756.024    -284.445         756.038    -284.461             192             192
  207        -578.658   -1570.739        -578.751   -1570.677             207             207
   89       -2505.458    -898.417       -2505.639    -898.258              89              89
  118        2073.804    1675.856        2073.859    1675.630             118             118
  250          25.262   -1770.387          25.037   -1770.400             250             250
    6        2256.612     436.523        2256.656     436.186               6               6
    8         146.042    2528.373         146.341    2528.394               8               8
  245        2842.130   -1068.747        2842.153   -1068.952             245             245
  198       -1231.623    -230.137       -1231.447    -229.996             198             198
   59       -1118.817    -373.225       -1118.770    -373.123              59              59
   94        -238.006     602.960        -237.859     602.974              94              94
  210       -2013.276     262.966       -2013.205     263.187             210             210
   97       -1288.408    1955.518       -1288.267    1955.770              97              97
  160         507.935   -1806.904         507.691   -1806.832             160             160
  226         138.247     -64.738         138.278     -64.694             226             226
    1       -1926.710   -1822.033       -1926.926   -1821.807               1               1
  199        -534.121     257.239        -534.214     257.288             199             199
    2        1010.040   -1513.843        1009.809   -1513.977               2               2
  249        -798.845    -144.829        -798.925    -144.834             249             249
   13        1543.774     613.656        1543.803     613.418              13              13
   92       -1081.007     926.331       -1080.946     926.445              92              92
  146        1576.888     515.816        1576.887     515.678             146             146
   35        -364.604    -267.210        -364.691    -267.167              35              35
  206        3347.985    1654.616        3348.213    1654.272             206             206
  141        -304.967     413.049        -304.743     413.211             141             141
   20       -1356.415    -278.320       -1356.392    -278.053              20              20
    7        -599.412      72.673        -599.455      72.848               7               7
   71         213.284    -430.630         213.140    -430.534              71              71
   14        2384.288   -1171.659        2384.168   -1171.866              14              14
  235         180.345    -176.220         180.446    -176.186             235             235
   60        -386.802   -1184.371        -386.859   -1184.289              60              60
  213       -1135.138    -171.426       -1135.178    -171.283             213             213
   51         633.527    -142.965         633.430    -143.000              51              51
   95        2118.068    -276.119        2118.080    -276.300              95              95
   84        -256.778   -1692.400        -256.892   -1692.369              84              84
  163        1621.448     719.467        1621.664     719.257             163             163
  162       -1543.073    -117.996       -1542.974    -117.724             162             162
  116         626.996   -1654.826         626.837   -1654.887             116             116
  130         305.529     166.186         305.676     166.123             130             130
  174       -1105.303    -747.941       -1105.291    -747.831             174             174
  229       -1535.777    1122.545       -1535.683    1122.736             229             229
   14        1967.086     787.007        1967.170     786.896              14              14
   37         896.735   -1255.568         896.751   -1255.551              37              37
   23       -1581.657    -586.103       -1581.602    -585.838              23              23
   61         -63.972    -194.004         -63.944    -193.894              61              61
  166        -301.456   -1301.124        -301.547   -1300.978             166             166
   62        -131.755   -1168.890        -131.814   -1168.792              62              62
  165        -382.558   -2339.071        -382.742   -2339.017             165             165
   21       -1004.451   -1543.109       -1004.540   -1543.093              21              21
  236       -1542.174     355.881       -1542.086     356.009             236             236
  195        -194.098    -996.847        -194.179    -996.857             195             195
  217       -2388.622     416.110       -2388.575     416.426             217             217
  139        -136.424   -1438.403        -136.710   -1438.374             139             139
  241        1099.912     -18.510        1099.975     -18.638             241             241
  102       -1640.821   -2687.104       -1641.039   -2686.932             102             102
    1       -2773.214    -239.289       -2773.269    -239.053               1               1
   42       -1755.449    -976.654       -1755.761    -976.532              42              42
  177        -478.140    -991.268        -478.496    -991.422             177             177
  231         360.371    2099.062         360.472    2098.874             231             231
  129        1131.130     571.632        1131.124     571.510             129             129
  104         376.087   -1084.626         375.948   -1084.719             104             104
  165       -1010.740    1209.469       -1010.610    1209.555             165             165
   29        -438.788     373.512        -438.889     373.620              29              29
   23        2063.245    -288.635        2063.160    -288.892              23              23
   42       -1037.826     682.487       -1037.731     682.700              42              42
  231         674.536    -537.731         674.389    -537.706             231             231
   62         355.598   -1127.807         355.404   -1127.789              62              62
  255        1262.449    -776.271        1262.379    -776.407             255             255
  148        -165.379   -1914.818        -165.546   -1914.810             148             148
   29       -1402.799   -1457.735       -1403.022   -1457.671              29              29
  151         798.113    -453.912         798.008    -454.214             151             151
  199        -325.421     766.509        -325.289     766.438             199             199
   82        -594.546     157.409        -594.557     157.466              82              82
  118        -493.357    -662.027        -493.561    -662.031             118             118
   91         533.645    1548.597         533.738    1548.525              91              91
  204        1688.980   -1241.815        1688.782   -1241.992             204             204
  251        -925.690   -1572.898        -925.980   -1572.861             251             251
  249        2874.333     704.509        2874.409     703.977             249             249
   33        1455.635    -910.719        1455.707    -911.027              33              33
  242        -264.532     577.115        -264.218     577.016             242             242
   85        -447.015    1904.939        -446.549    1905.053              85              85
   37        -736.290   -1275.651        -736.298   -1275.450              37              37
   47       -3538.739    -341.419       -3538.825    -340.894              47              47
   37         338.288    -689.278         337.995    -689.371              37              37
    5         216.654     -46.006         216.570     -46.098               5               5
  182        -211.108      73.709        -211.193      73.727             182             182
  147        1674.434    -614.644        1674.324    -614.927             147             147
   97        -113.072     218.571        -112.959     218.573              97              97
  123        -510.951    -837.622        -511.097    -837.550             123             123
   81        1100.529    -420.675        1100.464    -420.894              81              81
   49         456.238    -935.776         456.187    -935.944              49              49
   73          66.549     462.714          66.738     462.621              73              73
  194          58.518    -279.789          58.634    -279.806             194             194
  158       -2292.268   -1275.159       -2292.447   -1274.874             158             158
  245         840.149    -507.088         840.025    -507.404             245             245
  103         142.361    1005.767         142.626    1005.644             103             103
   42        -691.281   -1204.041        -691.336   -1204.038              42              42
   78       -2739.229     743.769       -2739.160     744.053              78              78
   26         450.841     241.442         450.734     241.276              26              26
   27        -143.072      42.325        -143.102      42.219              27              27
  183        -863.122    1338.936        -862.994    1338.991             183             183
  116         459.951     728.093         459.968     728.025             116             116
  116        -920.972     790.646        -921.035     790.862             116             116
  230        3973.000       0.555        3973.000       0.000             230             230
   58        -921.090    -791.085        -921.031    -790.865              58              58
  124         459.988    -727.953         459.970    -728.023             124             124
  171        -862.858   -1339.050        -862.991   -1338.992             171             171
  110        -143.132     -42.108        -143.101     -42.218             110             110
  107         450.625    -241.097         450.735    -241.272             107             107
  250       -2739.084    -744.357       -2739.158    -744.057             250             250
  215        -691.399    1204.033        -691.340    1204.038             215             215
   35         142.910   -1005.513         142.627   -1005.644              35              35
  218         839.890     507.750         840.024     507.408             218             218
  249       -2292.644    1274.561       -2292.448    1274.871             249             249
   61          58.761     279.827          58.634     279.808              61              61
   20          66.949    -462.517          66.740    -462.620              20              20
  111         456.129     936.132         456.185     935.946             111             111
  230        1100.390     421.142        1100.463     420.898             230             230
   41        -511.264     837.469        -511.100     837.549              41              41
  144        -112.829    -218.578        -112.958    -218.575             144             144
   23        1674.199     615.262        1674.324     614.934              23              23
   16        -211.290     -73.746        -211.192     -73.726              16              16
  183         216.472      46.206         216.569      46.099             183             183
  212         337.653     689.481         337.995     689.372             212             212
   61       -3538.928     340.265       -3538.827     340.886              61              61
  196        -736.310    1275.210        -736.300    1275.449             196             196
   65        -445.984   -1905.188        -446.543   -1905.052              65              65
  144        -263.837    -576.897        -264.217    -577.016             144             144
   16        1455.791     911.408        1455.705     911.032              16              16
  193        2874.503    -703.313        2874.411    -703.969             193             193
  177        -926.344    1572.814        -925.984    1572.860             177             177
   50        1688.532    1242.214        1688.779    1241.995              50              50
  176         533.859   -1548.433         533.742   -1548.523             176             176
  189        -493.823     662.034        -493.563     662.030             189             189
   46        -594.570    -157.540        -594.557    -157.467              46              46
  141        -325.117    -766.348        -325.288    -766.439             141             141
   86         797.869     454.610         798.006     454.217              86              86
   81       -1403.319    1457.583       -1403.025    1457.668              81              81
  241        -165.773    1914.799        -165.551    1914.810             241             241
  219        1262.282     776.591        1262.377     776.409             219             219
  119         355.140    1127.769         355.401    1127.792             119             119
  245         674.190     537.677         674.388     537.709             245             245
   80       -1037.600    -682.992       -1037.730    -682.702              80              80
   72        2063.043     289.251        2063.159     288.896              72              72
   53        -439.029    -373.771        -438.889    -373.620              53              53
  139       -1010.423   -1209.677       -1010.607   -1209.556             139             139
   71         375.751    1084.851         375.946    1084.721              71              71
  173        1131.114    -571.336        1131.122    -571.509             173             173
   50         360.622   -2098.602         360.477   -2098.872              50              50
  124        -479.010     991.641        -478.498     991.421             124             124
  194       -1756.217     976.353       -1755.765     976.530             194             194
  113       -2773.349     238.701       -2773.269     239.048             113             113
  166       -1641.372    2686.675       -1641.046    2686.930             166             166
  100        1100.070      18.833        1099.976      18.642             100             100
   97        -137.145    1438.329        -136.715    1438.373              97              97
  200       -2388.505    -416.908       -2388.575    -416.431             200             200
   95        -194.306     996.871        -194.182     996.857              95              95
  194       -1541.949    -356.209       -1542.084    -356.012             194             194
  242       -1004.681    1543.068       -1004.544    1543.092             242             242
   66        -383.036    2338.931        -382.747    2339.016              66              66
  117        -131.910    1168.639        -131.816    1168.793             117             117
   27        -301.694    1300.745        -301.549    1300.978              27              27
  171         -63.901     193.719         -63.944     193.894             171             171
   70       -1581.515     585.406       -1581.604     585.834              70              70
  120         896.774    1255.524         896.748    1255.552             120             120
   80        1967.309    -786.709        1967.172    -786.892              80              80
   85       -1535.526   -1123.056       -1535.680   -1122.742              85              85
  243       -1105.272     747.645       -1105.291     747.830             243             243
  139         305.924    -166.019         305.677    -166.123             139             139
    3         626.563    1654.990         626.834    1654.887               3               3
   76       -1542.803     117.251       -1542.973     117.720              76              76
  252        1622.039    -718.890        1621.666    -719.254             252             252
  111        -257.099    1692.315        -256.897    1692.369             111             111
    9        2118.100     276.629        2118.079     276.307               9               9
  156         633.257     143.064         633.430     143.002             156             156
  219       -1135.249     171.026       -1135.178     171.281             219             219
   93        -386.968    1184.140        -386.862    1184.288              93              93
  121         180.632     176.127         180.447     176.188             121             121
   39        2383.943    1172.255        2384.164    1171.872              39              39
   84         212.871     430.359         213.138     430.535              84              84
   32        -599.535     -73.176        -599.455     -72.850              32              32
  177       -1356.349     277.548       -1356.393     278.050             177             177
   60        -304.319    -413.518        -304.743    -413.211              60              60
   52        3348.657   -1653.609        3348.217   -1654.268              52              52
  220        -364.859     267.078        -364.691     267.165             220             220
  240        1576.889    -515.402        1576.889    -515.673             240             240
   87       -1080.823    -926.672       -1080.944    -926.448              87              87
   84        1543.863    -612.943        1543.804    -613.415              84              84
   46        -799.084     144.842        -798.925     144.833              46              46
  108        1009.338    1514.253        1009.804    1513.981             108             108
  186        -534.402    -257.390        -534.213    -257.289             186             186
  112       -1927.372    1821.338       -1926.928    1821.802             112             112
  155         138.343      64.601         138.278      64.694             155             155
  226         507.173    1806.683         507.685    1806.833             226             226
  164       -1287.964   -1956.304       -1288.262   -1955.772             164             164
  166       -2013.053    -263.665       -2013.205    -263.192             166             166
  241        -237.543    -603.007        -237.858    -602.975             241             241
  171       -1118.668     372.898       -1118.770     373.120             171             171
  255       -1231.061     229.688       -1231.446     229.994             255             255
   95        2842.201    1069.406        2842.152    1068.954              95              95
   45         147.020   -2528.440         146.348   -2528.393              45              45
  185        2256.757    -435.421        2256.658    -436.181             185             185
   92          24.522    1770.433          25.034    1770.402              92              92
  115        2073.987   -1675.108        2073.860   -1675.627             115             115
   36       -2506.059     897.879       -2505.641     898.251              36              36
  186        -578.975    1570.531        -578.756    1570.676             186             186
   92         756.070     284.503         756.038     284.464              92              92
   81         822.982    -577.042         822.908    -577.214              81              81
  196        -234.120     507.741        -233.938     507.761             196             196
  160        1752.440    -127.477        1752.651    -127.964             160             160
   73       -1888.470    2234.674       -1887.635    2235.231              73              73
   13       -1978.822   -1722.938       -1979.287   -1722.365              13              13
  203         637.909     564.542         637.981     564.281             203             203
   63        -446.092     305.609        -445.874     305.639              63              63
   70       -3255.183    1126.698       -3255.097    1127.430              70              70
   61         966.630    1139.894         966.509    1139.734              61              61
   81        1818.146     611.683        1818.254     611.350              81              81
   78         766.698    1548.401         767.321    1548.445              78              78
   64        -822.449    -430.838        -822.218    -430.343              64              64
  250       -3328.089   -1389.305       -3328.415   -1388.481             250             250
  193        -497.648    1088.927        -497.584    1088.983             193             193
    3       -1940.643     985.066       -1940.663     985.672               3               3
  121        -462.644    -242.031        -463.137    -241.780             121             121
  237        1142.749    -316.474        1142.373    -316.815             237             237
  185         242.883    2630.024         243.369    2630.070             185             185
   74         536.436      -6.252         536.304      -6.096              74              74
  113         507.016     580.076         507.118     580.143             113             113
  234        -506.644    1786.907        -506.280    1787.439             234             234
  187         206.861    -331.909         206.630    -331.344             187             187
  139         245.719   -2738.226         244.897   -2737.930             139             139
  191        1064.442   -1362.052        1064.050   -1362.259             191             191
  182         570.108    -736.892         570.000    -737.000             182             182
  103         507.064    -838.652         507.069    -838.733             103             103
  228       -2306.817   -1564.801       -2307.168   -1564.320             228             228
   45         121.997     281.422         121.947     281.244              45              45
  105       -1337.493      42.105       -1337.646      42.421             105             105
   68         460.528    -518.142         460.174    -518.329              68              68
  218          75.747    1231.474          75.918    1231.522             218             218
   35        1163.945   -2028.882        1163.448   -2029.187              35              35
  104        -537.196     892.100        -536.784     892.089             104             104
  143       -2457.451     344.543       -2457.414     345.232             143             143
   84       -1994.060   -1433.107       -1994.908   -1432.695              84              84
   44        1553.655     965.921        1553.494     965.321              44              44
  125        -820.789     577.159        -820.927     577.293             125             125
  101         247.186    1015.350         246.983    1015.269             101             101
  162        2043.260     914.883        2043.219     914.447             162             162
   68        -453.660      48.291        -453.947      48.469              68              68
  128        3288.931    1416.032        3289.101    1415.290             128             128
  116         949.876     117.596         950.014     117.546             116             116
  127         689.092     647.131         689.324     647.143             127             127
   10        1178.037      56.169        1178.208      56.077              10              10
  168        -387.984     812.749        -387.573     813.190             168             168
  228       -1313.052   -2212.498       -1313.705   -2211.958             228             228
  140         775.507     229.390         775.414     229.164             140             140
  211         405.028     312.171         405.096     312.205             211             211
  150          95.298   -1005.762          95.062   -1005.700             150             150
    3       -1350.892    -214.231       -1351.110    -213.937               3               3
  221         373.737     913.314         373.605     913.224             221             221
  216        2294.222    1144.668        2294.385    1144.320             216             216
  203         829.360    -953.808         829.221    -953.745             203             203
  225        -320.502    -384.756        -320.598    -384.507             225             225
   55        1117.587   -1179.218        1117.276   -1179.490              55              55
  117        -664.479    1107.781        -664.225    1108.065             117             117
   47        1371.962    -812.133        1371.653    -812.247              47              47
  120         577.544   -1382.812         577.199   -1382.905             120             120
  127         825.242    -209.798         825.207    -210.036             127             127
  245        1729.158     -57.412        1729.352     -57.749             245             245
  149         207.818   -2747.158         207.434   -2747.336             149             149
  140        -513.435     565.925        -512.969     565.706             140             140
   36       -1457.178    1616.214       -1456.645    1616.601              36              36
   65         269.790   -1048.321         269.510   -1048.400              65              65
  214        -221.588    1282.813        -221.138    1282.804             214             214
  246         207.915     574.882         208.268     574.913             246             246
   58       -1806.426    1381.793       -1805.937    1382.542              58              58
  142        -506.913     248.004        -506.888     248.603             142             142
  132       -1229.703   -1406.714       -1230.197   -1405.991             132             132
   28        -486.589   -1570.399        -487.248   -1570.118              28              28
  150         403.596   -1144.197         403.122   -1144.329             150             150
   48         448.615    -178.424         448.592    -178.549              48              48
  179        -744.953    -535.186        -745.038    -534.876             179             179
  169       -1093.818   -1631.881       -1094.352   -1631.598             169             169
  194       -1043.222     -90.910       -1043.509     -90.680             194             194
  127         790.530   -1677.734         789.857   -1678.107             127             127
  199        -279.379     796.149        -279.189     796.078             199             199
  185        -752.952    -145.392        -753.085    -145.081             185             185
   72       -1611.988   -1598.084       -1612.800   -1597.622              72              72
   73        1206.082    -979.600        1205.420    -980.074              73              73
  103         805.491   -2860.402         804.607   -2861.149             103             103
  222       -1385.324    1698.470       -1385.011    1698.228             222             222
   35         473.109    1224.055         473.166    1223.609              35              35
  153       -1265.346    2145.167       -1265.179    2145.513             153             153
  193        1542.992       6.403        1542.395       6.089             193             193
  147        2929.108      59.694        2928.912      58.897             147             147
   45        1210.098   -1089.494        1209.816   -1090.007              45              45
  167        1401.847    1761.161        1402.425    1760.655             167             167
  223        1201.428   -1079.747        1201.292   -1080.169             223             223
   85         586.740    1344.249         587.370    1343.942              85              85
   95          44.588    -436.018          44.640    -436.160              95              95
   97         705.775    1928.527         706.545    1928.236              97              97
  180         132.467     407.068         132.916     407.120             180             180
   77       -1387.843     691.111       -1387.462     691.568              77              77
  236         675.039    1349.201         675.677    1349.212             236             236
  152       -3566.431    -137.122       -3566.500    -135.753             152             152
  203        1569.656    -546.012        1569.352    -546.255             203             203
  103       -1978.746   -1401.662       -1979.178   -1401.069             103             103
   90         -43.467      72.406         -43.686      72.320              90              90
  138         692.686    -899.731         692.401    -900.111             138             138
   29       -1285.445     460.633       -1285.337     460.724              29              29
  219         231.574    1638.081         231.958    1637.926             219             219
  176        -132.035     568.709        -131.807     568.836             176             176
  243       -1579.836     638.924       -1579.687     639.528             243             243
  124       -1044.248    -302.573       -1044.617    -302.180             124             124
   93         267.563     421.070         267.469     421.004              93              93
  148        -671.043     166.599        -671.115     166.838             148             148
  220       -1553.662      98.223       -1553.998      98.655             220             220
  114         986.377    1552.388         986.469    1552.180             114             114
   40         409.014     773.411         409.154     773.694              40              40
  165       -1151.502   -2307.295       -1152.382   -2306.788             165             165
  200        -636.293     218.896        -636.669     218.949             200             200
  177        1760.705     441.905        1760.587     441.377             177             177
  239        -452.287    -161.285        -452.403    -161.083             239             239
  227         259.650    -649.252         259.363    -649.406             227             227
   49       -1290.909     326.560       -1290.967     326.798              49              49
  227       -1011.477     980.827       -1011.640     981.142             227             227
   76        1223.426    -820.551        1222.779    -821.025              76              76
   93        -360.335    1871.109        -360.059    1871.156              93              93
  216        1358.257     414.366        1358.144     414.123             216             216
  248         279.509       0.303         279.483       0.361             248             248
  126        -721.245   -1141.472        -721.714   -1141.379             126             126
  188        -451.012    1921.181        -450.653    1921.204             188             188
  198        -705.302     161.369        -705.622     161.639             198             198
   77         342.604    1430.162         342.627    1430.141              77              77
  233         984.900     299.271         984.786     299.125             233             233
   92       -1530.630    1224.930       -1530.620    1225.642              92              92
   48        2571.468     287.791        2571.288     287.359              48              48
   97        -626.683   -1106.592        -626.973   -1106.188              97              97
  185       -1240.899    -148.555       -1241.136    -148.179             185             185
  171       -1114.731     840.639       -1114.885     841.069             171             171
  136        -827.254     177.377        -827.823     177.846             136             136
   94         862.842    -509.333         862.109    -509.502              94              94
    9         126.585    -127.970         126.145    -128.080               9               9
   15        -466.666    1873.905        -466.513    1874.204              15              15
  196       -1552.817    -386.892       -1553.788    -386.055             196             196
  234        2665.064    -634.907        2664.057    -635.644             234             234
  153        1247.853      14.758        1247.517      14.364             153             153
  241        -199.246    1068.013        -199.297    1068.285             241             241
  136         324.088   -1503.602         323.051   -1503.562             136             136
   48         805.381    -212.303         804.859    -212.737              48              48
   43       -1371.828     930.447       -1372.180     930.750              43              43
  104         705.657    1769.823         705.326    1769.708             104             104
  252         998.456    1039.993         998.008    1040.023             252             252
  104         245.812     949.786         245.290     950.253             104             104
  152        1198.732   -1023.066        1197.558   -1022.935             152             152
  182        -360.786    -844.307        -361.993    -843.871             182             182
  115        -372.737    -834.553        -374.312    -834.193             115             115
  119        -328.497    -947.006        -330.534    -946.724             119             119
   17        -485.423   -1154.717        -488.223   -1154.481              17              17
  193         283.809   -1067.808         279.810   -1067.930             193             193
   82        1212.249   -1772.851        1204.746   -1773.548              82              82
