SINAL     NFT                         FFT                         NFT INVERSA     FFT INVERSA
-----     -----------------------     -----------------------     -----------     -----------
   24       65421.000       0.000       65421.000       0.000              24              24
  130         552.604    1552.823         552.618    1552.822             130             130
  128        -595.730     125.979        -595.716     125.979             128             128
  217         -35.670    1173.561         -35.657    1173.560             217             217
  171        2569.615    1835.017        2569.633    1835.012             171             171
  208         974.112     -81.743         974.131     -81.743             208             208
  218       -3084.636    -409.378       -3084.621    -409.368             218             218
  145        -233.709     829.285        -233.695     829.285             145             145
    2         447.360    1305.543         447.380    1305.542               2               2
   18        -728.741      54.722        -728.727      54.731              18              18
  197        -417.715    -543.942        -417.705    -543.939             197             197
   14        -690.247     993.830        -690.232     993.836              14              14
    0         694.061    -675.281         694.064    -675.283               0               0
    1         528.220    1258.628         528.243    1258.627               1               1
   91        -984.670    -578.741        -984.662    -578.727              91              91
  109           1.087    -931.407           1.083    -931.407             109             109
  190        1511.844     221.883        1511.854     221.865             190             190
   63         700.338     504.410         700.358     504.403              63              63
  198          67.929    -398.663          67.938    -398.663             198             198
  242         520.671      56.641         520.680      56.629             242             242
   39         967.077    2135.757         967.113    2135.749              39              39
  187        1374.517    -848.103        1374.520    -848.113             187             187
  198        1770.466     586.585        1770.499     586.561             198             198
  130         -55.061    1237.047         -55.018    1237.057             130             130
   86        1568.767    -361.256        1568.791    -361.268              86              86
  245        -403.602     859.710        -403.557     859.728             245             245
   31          28.136    -363.756          28.155    -363.741              31              31
   33         964.198      90.077         964.231      90.072              33              33
   94       -1006.579     113.824       -1006.547     113.858              94              94
  207         127.894    -531.325         127.905    -531.313             207             207
   34        1007.010    -200.453        1007.041    -200.460              34              34
   97        -172.777     691.421        -172.715     691.450              97              97
  223       -2359.725   -1789.603       -2359.730   -1789.527             223             223
  230        -144.359    -972.676        -144.361    -972.654             230             230
   76        -615.508   -2964.104        -615.548   -2964.091              76              76
   39        -393.715   -1109.941        -393.716   -1109.960              39              39
  196        -173.995    1855.604        -173.921    1855.607             196             196
   36       -1912.814   -1658.850       -1912.835   -1658.790              36              36
  141         691.549    -554.292         691.550    -554.302             141             141
   99         243.302   -2620.361         243.283   -2620.376              99              99
  105       -2155.504    -835.997       -2155.485    -835.980             105             105
  128       -1698.592     540.032       -1698.560     540.044             128             128
  150       -1999.553    1318.392       -1999.519    1318.438             150             150
  229        -817.566     582.493        -817.565     582.538             229             229
   60         249.127   -2346.231         249.060   -2346.235              60              60
  143       -1281.971     424.240       -1281.964     424.264             143             143
    2         200.990   -1324.826         200.936   -1324.841               2               2
  206         210.569    -579.520         210.540    -579.552             206             206
  212        2136.087    -124.667        2136.100    -124.767             212             212
  149        -493.773    1379.948        -493.694    1379.949             149             149
   23         370.828    -131.795         370.855    -131.801              23              23
   18        -505.769   -1211.533        -505.768   -1211.538              18              18
  253       -1348.811    1035.435       -1348.754    1035.447             253             253
    2        -266.518    2022.411        -266.433    2022.436               2               2
   93       -1576.337   -1648.460       -1576.390   -1648.387              93              93
  205         424.145    -712.563         424.121    -712.605             205             205
  207         -81.381    1447.295         -81.304    1447.283             207             207
   93       -1321.968      61.097       -1321.947      61.155              93              93
   60       -1344.585    -286.152       -1344.608    -286.102              60              60
   86         688.002      86.589         687.998      86.558              86              86
   40        -238.308     614.975        -238.262     614.995              40              40
   34       -2296.993   -1432.234       -2297.057   -1432.148              34              34
  136        -983.736     -91.137        -983.805     -91.135             136             136
  111        1561.783    1867.005        1561.793    1866.944             111             111
  124        3040.433    -277.982        3040.420    -278.077             124             124
   56        2181.402   -1094.469        2181.431   -1094.553              56              56
  251       -1092.447    -989.238       -1092.407    -989.217             251             251
    1        -966.126     -29.642        -966.085     -29.642               1               1
  162       -1780.368     829.545       -1780.336     829.597             162             162
  160        2017.082     360.074        2017.116     359.972             160             160
   89       -1801.931     984.916       -1801.847     985.005              89              89
  162        -248.401    -456.468        -248.418    -456.441             162             162
  152        -480.296   -1385.584        -480.353   -1385.595             152             152
   46        -365.320    1277.188        -365.262    1277.159              46              46
  209         539.373    1504.925         539.458    1504.906             209             209
   18        -978.735     -49.856        -978.733     -49.783              18              18
   44        1867.027    -495.106        1867.036    -495.191              44              44
   47       -1751.939    -769.989       -1751.924    -769.931              47              47
    1        -833.131     414.732        -833.108     414.724               1               1
  214         126.942    1493.617         127.033    1493.586             214             214
  196       -1434.241    1439.361       -1434.161    1439.453             196             196
  179         -63.270      80.901         -63.271      80.934             179             179
   30       -1382.263      -3.803       -1382.284      -3.720              30              30
  137         616.613      92.362         616.585      92.325             137             137
  234         375.070    1209.273         375.133    1209.266             234             234
    1         708.157     187.049         708.196     187.050               1               1
   20       -1314.541    -602.441       -1314.557    -602.352              20              20
  114         305.864      85.215         305.869      85.192             114             114
  239        -577.255     803.237        -577.195     803.284             239             239
   58        -961.872    -320.079        -961.905    -320.000              58              58
   67        -124.702    -510.352        -124.768    -510.354              67              67
   51         674.931     768.593         674.957     768.542              51              51
   16         489.702     605.100         489.750     605.087              16              16
  166        -499.516     287.214        -499.485     287.272             166             166
  170        -729.409    -417.604        -729.459    -417.554             170             170
  243         504.371    1428.424         504.414    1428.424             243             243
  238        1619.880   -1040.904        1619.824   -1040.969             238             238
  243        -603.067     832.630        -602.998     832.698             243             243
   21         606.975   -1358.285         606.874   -1358.297              21              21
   43        1637.909    -104.473        1637.932    -104.583              43              43
   17         546.135   -1073.871         546.147   -1073.945              17              17
   51        -544.582    1568.992        -544.404    1569.000              51              51
  200       -1698.843    -339.250       -1698.855    -339.149             200             200
  155         703.053    2033.125         703.170    2033.093             155             155
  161         661.414     -25.683         661.450     -25.672             161             161
  220        -155.977     276.617        -155.892     276.668             220             220
  121       -2245.030    -139.659       -2245.047    -139.477             121             121
   72         814.144    1117.698         814.155    1117.698              72              72
   71        2499.854   -1056.086        2499.827   -1056.208              71              71
  252       -1064.954    1427.695       -1064.778    1427.839             252             252
  167         981.470   -1574.985         981.424   -1574.967             167             167
   84       -1037.892     497.569       -1037.775     497.745              84              84
  164       -1482.433   -4562.952       -1482.762   -4562.810             164             164
   89        1770.039   -1531.590        1769.962   -1531.844              89              89
  228        -520.849     508.165        -520.697     508.078             228             228
   78       -2378.108    2150.703       -2377.916    2150.838              78              78
  131         773.546    2193.368         773.733    2193.417             131             131
   75       -1197.927   -2445.904       -1198.035   -2445.720              75              75
  252       -1880.919    -256.306       -1880.915    -256.140             252             252
  239       -1903.031   -1582.386       -1903.209   -1582.227             239             239
  163         159.674   -1778.343         159.454   -1778.431             163             163
  225        1463.391     984.614        1463.478     984.422             225             225
  209        -890.465     805.165        -890.353     805.242             209             209
  190          61.224    -114.259          61.267    -114.219             190             190
  238       -2536.599   -1981.987       -2536.748   -1981.805             238             238
   29       -1418.647    -292.295       -1418.784    -292.277              29              29
  143        2315.044     753.514        2315.057     753.244             143             143
  184        -167.787    2524.327        -167.530    2524.377             184             184
  194        -757.832   -2107.089        -757.999   -2107.000             194             194
  232         883.843    1768.275         884.024    1768.199             232             232
  139        -687.194   -1084.668        -687.215   -1084.571             139             139
   49          42.956    -777.194          42.997    -777.247              49              49
   97       -3373.069    1457.326       -3372.882    1457.597              97              97
  234       -1784.926    -126.003       -1784.979    -125.816             234             234
  243       -2190.368    -214.006       -2190.466    -213.812             243             243
   50       -1988.664     885.587       -1988.741     885.808              50              50
  215        -805.248   -2526.761        -805.679   -2526.703             215             215
   75         677.896     791.189         677.773     791.036              75              75
  144        1433.004    1050.755        1432.981    1050.609             144             144
   86        -328.307     485.299        -328.403     485.338              86              86
   70        3946.040    1228.909        3946.093    1228.605              70              70
   42         637.054    -240.262         637.113    -240.241              42              42
  229         -34.355     -95.349         -34.320     -95.283             229             229
   41         323.488    -836.365         323.456    -836.364              41              41
  231       -1346.005     642.709       -1345.936     642.889             231             231
  125       -1328.378   -1767.977       -1328.672   -1767.825             125             125
  164        2595.817    1359.320        2595.859    1359.130             164             164
   65         761.550   -2625.092         761.338   -2625.101              65              65
   63         -98.144   -1042.386         -98.228   -1042.425              63              63
   40         648.803    -556.254         648.759    -556.352              40              40
  186         759.896   -2036.033         759.770   -2036.215             186             186
  176       -1625.654    1179.787       -1625.510    1179.834             176             176
    5         254.504   -1063.354         254.381   -1063.478               5               5
  228       -1075.336    1347.062       -1075.233    1347.044             228             228
  238         312.357    1556.269         312.465    1556.213             238             238
   66       -1002.686     694.000       -1002.681     694.127              66              66
   93        -510.979     195.690        -511.125     195.761              93              93
  140        2299.723     423.951        2299.641     423.728             140             140
   77        1312.210     611.410        1312.241     611.306              77              77
   39        2125.532     381.179        2125.616     381.019              39              39
   35          11.548      -5.497          11.616      -5.426              35              35
    5         732.879    -886.722         732.829    -886.758               5               5
  194        -285.732   -1114.846        -285.833   -1114.870             194             194
  119        1062.464    1028.247        1062.578    1028.062             119             119
    9         799.091    2321.659         799.395    2321.667               9               9
   87         488.074   -1221.077         488.028   -1220.990              87              87
  138        -531.949    -384.656        -531.939    -384.524             138             138
   19         970.091   -1105.057         970.046   -1105.098              19              19
  198       -2407.868   -1979.384       -2408.098   -1979.161             198             198
   16        1494.084     560.330        1494.041     560.114              16              16
   68        2269.025    -302.496        2269.058    -302.711              68              68
  194         -10.063   -2322.397         -10.186   -2322.464             194             194
  216        -439.043     695.276        -438.908     695.208             216             216
   96         790.325     370.216         790.417     370.119              96              96
   30         931.586   -1861.325         931.516   -1861.509              30              30
  207       -1135.152     318.195       -1134.992     318.138             207             207
   70         579.427    2409.258         579.834    2409.132              70              70
   70       -2053.977     758.787       -2053.761     759.098              70              70
  143       -2179.543    -575.924       -2179.652    -575.620             143             143
   29         447.406    -792.298         447.253    -792.387              29              29
   16        -606.268    1068.671        -606.162    1068.734              16              16
  249         375.782   -1336.297         375.621   -1336.350             249             249
  100        -434.726     -84.785        -434.705     -84.831             100             100
  100       -1285.645     415.440       -1285.642     415.497             100             100
   87         400.727     889.828         400.754     889.714              87              87
   67         381.926    1103.640         382.034    1103.570              67              67
  230        -390.603    1874.414        -390.435    1874.556             230             230
   92        1853.700   -1027.257        1853.576   -1027.372              92              92
    8        -165.384    -427.735        -165.362    -427.708               8               8
  225        -315.658    -128.285        -315.669    -128.256             225             225
   50        1216.396    -875.117        1216.339    -875.348              50              50
   47        -772.995    1594.250        -772.722    1594.271              47              47
   91        -366.516     799.847        -366.421     799.921              91              91
  226        1074.570      93.943        1074.638      93.810             226             226
   49       -1276.197    2426.667       -1275.828    2426.934              49              49
  206        -275.865    -475.391        -275.946    -475.129             206             206
   37         166.111   -2820.243         165.745   -2820.237              37              37
  199         100.553     339.631         100.615     339.512             199             199
    3         156.857    1250.569         157.070    1250.576               3               3
  214       -1128.531    -732.880       -1128.613    -732.681             214             214
  200        -346.220     572.320        -346.215     572.417             200             200
  107         538.459   -1106.126         538.261   -1106.147             107             107
  215         234.829    -186.723         234.762    -186.737             215             215
  141        2008.639   -2099.362        2008.425   -2099.716             141             141
   80        -191.073    1125.555        -190.760    1125.433              80              80
   23       -1362.174    1051.764       -1361.965    1051.929              23              23
   57       -1164.933     633.487       -1164.936     633.703              57              57
   25        1848.982    -132.654        1848.937    -132.811              25              25
  148        -607.673   -1463.329        -607.828   -1463.244             148             148
  155         511.983    -940.709         511.837    -940.931             155             155
  121        2107.768    1898.871        2108.177    1898.482             121             121
   86       -1552.086     652.322       -1551.793     652.569              86              86
  246       -1685.350    -263.704       -1685.359    -263.483             246             246
  154        -901.637     991.251        -901.586     991.344             154             154
  103         223.310    1523.183         223.412    1523.231             103             103
  254        1280.415     358.114        1280.440     358.089             254             254
  246        1067.223     -57.818        1067.318     -57.809             246             246
   30        -151.533   -1077.960        -151.538   -1077.834              30              30
   43        -633.927    -978.450        -633.956    -978.362              43              43
    6        -954.088     874.974        -953.914     875.170               6               6
  242        -956.879   -1799.397        -957.174   -1799.196             242             242
    3         892.072    -848.286         891.956    -848.469               3               3
  192        -798.376   -1448.541        -798.536   -1448.613             192             192
  176         106.908    2881.034         107.362    2880.929             176             176
  245       -1747.670     -90.315       -1747.709     -89.982             245             245
  137        -445.386    1009.589        -445.418    1009.754             137             137
   72        2401.002    -538.103        2400.886    -538.302              72              72
  214        -990.132    -927.074        -990.263    -926.822             214             214
   60        2224.682   -1397.724        2224.492   -1397.990              60              60
  240         -22.890   -3357.287         -23.282   -3357.473             240             240
  188        2048.989    1801.808        2049.465    1801.267             188             188
   46       -1420.262     645.534       -1419.897     645.736              46              46
   32       -1244.955    -871.751       -1244.962    -871.603              32              32
  158       -1317.377     275.105       -1317.316     275.221             158             158
  154         681.385     -67.684         681.448     -67.843             154             154
   86       -1232.840    -627.048       -1232.778    -626.988              86              86
  165       -2667.101    1004.238       -2666.981    1004.505             165             165
  105         208.657     835.354         208.686     835.246             105             105
  241        -697.146    2019.358        -696.867    2019.537             241             241
    3        -656.777   -1329.709        -657.059   -1329.542               3               3
   36          10.949     223.486          10.898     223.411              36              36
  121         -14.811    1044.446         -14.726    1044.466             121             121
  178        1065.938   -1335.399        1065.721   -1335.612             178             178
  135        -248.026    1068.694        -247.829    1068.609             135             135
    3         921.355     463.500         921.486     463.270               3               3
  204         309.682    1219.731         310.052    1219.574             204             204
   55       -1766.806    3705.432       -1766.110    3705.844              55              55
  200        -643.618     -11.049        -643.627     -10.656             200             200
  110       -1132.174     213.552       -1132.232     213.960             110             110
  134        2187.091    -684.057        2187.035    -684.202             134             134
   17       -2135.409   -1689.547       -2135.560   -1689.140              17              17
   59        -737.060     -61.089        -737.138     -60.993              59              59
  227         448.782     109.496         448.789     109.467             227             227
  198        -567.259   -1237.823        -567.413   -1237.759             198             198
   57       -1023.814     729.832       -1023.717     729.920              57              57
   63        -393.359    1079.082        -393.275    1079.204              63              63
   94        1027.000       0.033        1027.000       0.000              94              94
  188        -393.188   -1079.334        -393.273   -1079.207             188             188
  218       -1023.616    -730.014       -1023.716    -729.923             218             218
   69        -567.574    1237.694        -567.415    1237.759              69              69
  108         448.798    -109.433         448.790    -109.465             108             108
  187        -737.218      60.890        -737.137      60.991             187             187
  126       -2135.723    1688.706       -2135.563    1689.134             126             126
  156        2186.977     684.363        2187.035     684.207             156             156
   43       -1132.293    -214.395       -1132.231    -213.960              43              43
   76        -643.639      10.232        -643.629      10.654              76              76
  167       -1765.345   -3706.295       -1766.101   -3705.848             167             167
  203         310.461   -1219.400         310.056   -1219.572             203             203
  130         921.628    -463.019         921.485    -463.270             130             130
  115        -247.607   -1068.516        -247.826   -1068.609             115             115
  172        1065.476    1335.853        1065.720    1335.614             172             172
   67         -14.629   -1044.487         -14.725   -1044.465              67              67
   57          10.841    -223.326          10.899    -223.411              57              57
  209        -657.389    1329.348        -657.063    1329.541             209             209
   81        -696.537   -2019.745        -696.861   -2019.538              81              81
   16         208.721    -835.119         208.687    -835.245              16              16
  162       -2666.836   -1004.825       -2666.978   -1004.511             162             162
  220       -1232.708     626.913       -1232.780     626.985             220             220
  190         681.524      68.033         681.450      67.844             190             190
   65       -1317.241    -275.362       -1317.315    -275.223              65              65
  239       -1244.973     871.422       -1244.963     871.602             239             239
  127       -1419.449    -645.988       -1419.895    -645.740             127             127
  154        2050.054   -1800.595        2049.470   -1801.260             154             154
  154         -23.774    3357.702         -23.289    3357.473             154             154
  122        2224.251    1398.327        2224.489    1397.995             122             122
   66        -990.431     926.501        -990.265     926.818              66              66
   32        2400.739     538.560        2400.885     538.307              32              32
   16        -445.456   -1009.967        -445.414   -1009.757              16              16
   58       -1747.758      89.553       -1747.709      89.981              58              58
  178         107.966   -2880.796         107.371   -2880.930             178             178
  220        -798.753    1448.707        -798.541    1448.613             220             220
   71         891.799     848.713         891.954     848.472              71              71
   73        -957.571    1798.925        -957.178    1799.193              73              73
   30        -953.678    -875.433        -953.912    -875.170              30              30
  243        -633.997     978.239        -633.958     978.358             243             243
   32        -151.549    1077.661        -151.541    1077.833              32              32
  160        1067.448      57.804        1067.318      57.813             160             160
  189        1280.476    -358.047        1280.441    -358.085             189             189
  234         223.561   -1523.294         223.416   -1523.229             234             234
  111        -901.512    -991.477        -901.584    -991.346             111             111
  154       -1685.374     263.164       -1685.360     263.478             154             154
  115       -1551.372    -652.925       -1551.789    -652.572             115             115
   43        2108.767   -1897.918        2108.179   -1898.478              43              43
  215         511.623     941.257         511.836     940.934             215             215
  187        -608.058    1463.118        -607.830    1463.242             187             187
  230        1848.872     133.052        1848.938     132.816             230             230
   53       -1164.937    -634.026       -1164.934    -633.704              53              53
  169       -1361.650   -1052.180       -1361.963   -1051.932             169             169
  181        -190.282   -1125.248        -190.755   -1125.433             181             181
  230        2008.092    2100.264        2008.420    2099.723             230             230
   60         234.659     186.757         234.762     186.736              60              60
   62         537.951    1106.179         538.258    1106.147              62              62
  209        -346.206    -572.569        -346.214    -572.417             209             209
  144       -1128.745     732.365       -1128.616     732.678             144             144
   83         157.412   -1250.584         157.072   -1250.573              83              83
   28         100.716    -339.323         100.617    -339.513              28              28
  119         165.151    2820.230         165.739    2820.237             119             119
  173        -276.080     474.704        -275.947     475.130             173             173
  203       -1275.218   -2427.372       -1275.824   -2426.935             203             203
    4        1074.755     -93.588        1074.640     -93.809               4               4
   85        -366.261    -800.048        -366.420    -799.923              85              85
  251        -772.257   -1594.315        -772.719   -1594.275             251             251
  227        1216.241     875.747        1216.338     875.352             227             227
   55        -315.687     128.207        -315.668     128.257              55              55
  216        -165.324     427.662        -165.362     427.708             216             216
  136        1853.354    1027.580        1853.573    1027.376             136             136
  252        -390.132   -1874.805        -390.431   -1874.556             252             252
   55         382.226   -1103.445         382.035   -1103.569              55              55
   47         400.802    -889.507         400.754    -889.712              47              47
  239       -1285.636    -415.605       -1285.641    -415.500             239             239
   33        -434.669      84.919        -434.706      84.834              33              33
   33         375.322    1336.452         375.617    1336.353              33              33
   50        -605.963   -1068.856        -606.160   -1068.738              50              50
   37         446.966     792.556         447.251     792.389              37              37
   12       -2179.856     575.043       -2179.652     575.616              12              12
   19       -2053.351    -759.693       -2053.759    -759.104              19              19
  160         580.617   -2408.887         579.838   -2409.130             160             160
  227       -1134.680    -318.032       -1134.990    -318.140             227             227
   15         931.376    1861.873         931.513    1861.512              15              15
   81         790.600    -369.924         790.419    -370.116              81              81
  191        -438.633    -695.075        -438.903    -695.209             191             191
  190         -10.440    2322.594         -10.192    2322.462             190             190
   56        2269.120     303.152        2269.057     302.717              56              56
  191        1493.957    -559.670        1494.043    -560.110             191             191
   67       -2408.572    1978.700       -2408.101    1979.158              67              67
  159         969.949    1105.185         970.043    1105.100             159             159
  139        -531.923     384.250        -531.942     384.525             139             139
   41         487.928    1220.806         488.025    1220.990              41              41
  225         800.046   -2321.681         799.399   -2321.666             225             225
  179        1062.825   -1027.662        1062.581   -1028.059             179             179
   79        -286.052    1114.922        -285.835    1114.870              79              79
  233         732.719     886.835         732.828     886.758             233             233
   61          11.766       5.268          11.616       5.426              61              61
  137        2125.801    -380.653        2125.616    -381.014             137             137
  211        1312.312    -611.069        1312.242    -611.304             211             211
  203        2299.454    -423.214        2299.640    -423.723             203             203
  153        -511.457    -195.924        -511.125    -195.761             153             153
   34       -1002.668    -694.426       -1002.681    -694.130              34              34
  251         312.719   -1556.080         312.468   -1556.212             251             251
   82       -1074.988   -1347.008       -1075.230   -1347.047              82              82
   15         254.088    1063.775         254.380    1063.480              15              15
  138       -1625.159   -1179.951       -1625.507   -1179.837             138             138
  112         759.457    2036.659         759.764    2036.218             112             112
  241         648.647     556.596         648.757     556.355             241             241
  219         -98.436    1042.518         -98.230    1042.423             219             219
  149         760.802    2625.127         761.331    2625.104             149             149
  129        2595.967   -1358.647        2595.861   -1359.124             129             129
   59       -1329.419    1767.436       -1328.676    1767.821              59              59
   16       -1345.763    -643.348       -1345.937    -642.890              16              16
  127         323.365     836.359         323.453     836.363             127             127
   42         -34.233      95.112         -34.322      95.284              42              42
  164         637.263     240.188         637.111     240.242             164             164
  248        3946.237   -1227.784        3946.097   -1228.597             248             248
  167        -328.661    -485.446        -328.404    -485.341             167             167
  222        1432.919   -1050.205        1432.981   -1050.604             222             222
   58         677.436    -790.614         677.774    -791.035              58              58
  227        -806.877    2526.540        -805.683    2526.702             227             227
  138       -1988.953    -886.438       -1988.739    -885.814             138             138
  249       -2190.743     213.258       -2190.468     213.809             249             249
   50       -1785.130     125.278       -1784.979     125.811              50              50
  176       -3372.345   -1458.382       -3372.881   -1457.604             176             176
  165          43.112     777.400          42.994     777.246             165             165
  252        -687.277    1084.282        -687.218    1084.570             252             252
  218         884.565   -1767.974         884.031   -1768.198             218             218
  143        -758.503    2106.733        -758.001    2107.000             143             143
  250        -166.733   -2524.530        -167.524   -2524.377             250             250
   65        2315.097    -752.395        2315.057    -753.237              65              65
   66       -1419.215     292.214       -1418.786     292.275              66              66
   25       -2537.220    1981.219       -2536.750    1981.801              25              25
  237          61.403     114.092          61.267     114.219             237             237
  195        -889.992    -805.484        -890.353    -805.241             195             195
   34        1463.763    -983.789        1463.480    -984.416              34              34
  236         158.725    1778.717         159.450    1778.431             236             236
  226       -1903.810    1581.689       -1903.213    1582.223             226             226
  254       -1880.908     255.581       -1880.917     256.138             254             254
  219       -1198.420    2445.088       -1198.042    2445.716             219             219
   19         774.386   -2193.586         773.739   -2193.417              19              19
   29       -2377.236   -2151.321       -2377.909   -2150.846              29              29
  176        -520.162    -507.777        -520.696    -508.078             176             176
  186        1769.681    1532.752        1769.958    1531.848             186             186
   56       -1483.954    4562.298       -1482.768    4562.808              56              56
  133       -1037.344    -498.393       -1037.773    -497.749             133             133
   31         981.242    1574.907         981.419    1574.969              31              31
  112       -1064.122   -1428.383       -1064.776   -1427.843             112             112
   49        2499.724    1056.682        2499.826    1056.215              49              49
   94         814.211   -1117.695         814.160   -1117.697              94              94
  124       -2245.118     138.768       -2245.050     139.472             124             124
  196        -155.561    -276.864        -155.892    -276.668             196             196
  148         661.594      25.630         661.450      25.672             148             148
  215         703.656   -2032.960         703.178   -2033.090             215             215
   97       -1698.909     338.731       -1698.856     339.146              97              97
  135        -543.667   -1569.036        -544.398   -1569.002             135             135
   94         546.186    1074.249         546.144    1073.946              94              94
  109        1638.031     105.054        1637.932     104.588             109             109
  198         606.440    1358.348         606.871    1358.299             198             198
  117        -602.700    -832.994        -602.996    -832.700             117             117
   56        1619.579    1041.256        1619.822    1040.971              56              56
   26         504.615   -1428.417         504.417   -1428.422              26              26
  235        -729.692     417.324        -729.462     417.552             235             235
  115        -499.348    -287.534        -499.485    -287.273             115             115
    0         489.981    -605.024         489.753    -605.087              -0              -0
  230         675.083    -768.301         674.958    -768.540             230             230
  240        -125.083     510.365        -124.770     510.354             240             240
  123        -962.068     319.621        -961.907     319.998             123             123
  203        -576.906    -803.514        -577.195    -803.285             203             203
   22         305.895     -85.075         305.870     -85.190              22              22
  209       -1314.640     601.905       -1314.559     602.349             209             209
  253         708.397    -187.046         708.197    -187.047             253             253
   22         375.460   -1209.227         375.135   -1209.266              22              22
   43         616.443     -92.124         616.585     -92.323              43              43
   27       -1382.400       3.273       -1382.286       3.716              27              27
  219         -63.276     -81.114         -63.270     -80.935             219             219
   76       -1433.713   -1439.964       -1434.156   -1439.457              76              76
    8         127.541   -1493.408         127.036   -1493.584               8               8
  211        -832.976    -414.684        -833.107    -414.725             211             211
   35       -1751.849     769.594       -1751.927     769.927              35              35
  255        1867.086     495.694        1867.034     495.196             255             255
   22        -978.726      49.351        -978.734      49.780              22              22
  117         539.965   -1504.791         539.460   -1504.904             117             117
  203        -364.907   -1276.984        -365.258   -1277.159             203             203
  189        -480.709    1385.662        -480.355    1385.594             189             189
  158        -248.521     456.271        -248.417     456.442             158             158
   20       -1801.311    -985.567       -1801.845    -985.006              20              20
   62        2017.339    -359.306        2017.118    -359.967              62              62
  113       -1780.126    -829.942       -1780.335    -829.601             113             113
  226        -965.809      29.636        -966.086      29.640             226             226
   50       -1092.146     989.073       -1092.410     989.215              50              50
  147        2181.635    1095.144        2181.429    1094.560             147             147
  100        3040.332     278.749        3040.421     278.079             100             100
  241        1561.886   -1866.472        1561.797   -1866.938             241             241
  125        -984.307      91.109        -983.805      91.134             125             125
   60       -2297.545    1431.486       -2297.062    1432.143              60              60
   42        -237.905    -615.145        -238.261    -614.994              42              42
  177         687.968     -86.302         687.998     -86.556             177             177
   50       -1344.799     285.705       -1344.609     286.100              50              50
   87       -1321.780     -61.627       -1321.948     -61.158              87              87
  207         -80.664   -1447.185         -81.301   -1447.283             207             207
  225         423.907     712.971         424.119     712.608             225             225
  163       -1576.845    1647.757       -1576.392    1648.385             163             163
  144        -265.675   -2022.655        -266.429   -2022.437             144             144
   82       -1348.235   -1035.563       -1348.751   -1035.450              82              82
  239        -505.771    1211.585        -505.771    1211.538             239             239
   11         371.111     131.866         370.856     131.803              11              11
   94        -492.932   -1379.962        -493.690   -1379.950              94              94
  185        2136.231     125.744        2136.101     124.770             185             185
  114         210.243     579.892         210.538     579.555             114             114
   54         200.375    1324.991         200.934    1324.840              54              54
  187       -1281.883    -424.530       -1281.962    -424.266             187             187
  191         248.317    2346.284         249.055    2346.236             191             191
    3        -817.549    -583.033        -817.563    -582.540               3               3
  209       -1999.123   -1318.973       -1999.516   -1318.442             209             209
  237       -1698.190    -540.193       -1698.559    -540.047             237             237
  209       -2155.269     835.762       -2155.485     835.976             209             209
   30         243.007    2620.579         243.276    2620.378              30              30
  143         691.566     554.439         691.550     554.305             143             143
   59       -1913.114    1657.993       -1912.837    1658.786              59              59
  183        -172.930   -1855.653        -173.917   -1855.608             183             183
   17        -393.740    1110.208        -393.719    1109.958              17              17
  100        -616.136    2963.892        -615.555    2964.089             100             100
  215        -144.399     972.339        -144.361     972.653             215             215
  231       -2359.811    1788.377       -2359.732    1789.524             231             231
  103        -171.733    -691.900        -172.713    -691.450             103             103
  239        1007.533     200.589        1007.040     200.460             239             239
  160         128.102     531.102         127.905     531.312             160             160
  118       -1005.967    -114.449       -1006.545    -113.860             118             118
  182         964.838     -89.974         964.231     -90.070             182             182
  130          28.495     363.479          28.154     363.741             130             130
  233        -402.644    -860.080        -403.553    -859.729             233             233
  194        1569.259     361.548        1568.790     361.271             194             194
  162         -54.073   -1237.271         -55.015   -1237.056             162             162
  237        1771.241    -585.983        1770.500    -586.557             237             237
  203        1374.578     848.371        1374.519     848.117             203             203
  194         968.046   -2135.537         967.119   -2135.746             194             194
   48         520.938     -56.297         520.681     -56.628              48              48
   89          68.154     398.686          67.936     398.663              89              89
  131         700.947    -504.200         700.359    -504.402             131             131
   97        1512.169    -221.274        1511.855    -221.863              97              97
  128           0.907     931.411           1.081     931.407             128             128
   75        -984.459     578.164        -984.665     578.724              75              75
  125         529.191   -1258.572         528.247   -1258.625             125             125
   61         694.219     675.439         694.063     675.285              61              61
  149        -689.488    -994.144        -690.229    -993.838             149             149
  170        -417.279     543.753        -417.707     543.939             170             170
  191        -727.916     -55.204        -728.727     -54.731             191             191
  101         448.663   -1305.521         447.383   -1305.542             101             101
  230        -232.632    -829.263        -233.692    -829.286             230             230
  201       -3083.348     408.383       -3084.622     409.362             201             201
  103         976.091      81.867         974.132      81.746             103             103
   75        2572.033   -1834.244        2569.637   -1835.005              75              75
  230         -33.186   -1173.359         -35.654   -1173.560             230             230
  114        -592.207    -125.986        -595.715    -125.981             114             114
  115         560.138   -1552.321         552.623   -1552.819             115             115
