SINAL     NFT                         FFT                         NFT INVERSA     FFT INVERSA
-----     -----------------------     -----------------------     -----------     -----------
  135       66178.000       0.000       66178.000       0.000             135             135
  124        -281.525    -836.159        -281.511    -836.158             124             124
  178        -155.192    -984.198        -155.178    -984.198             178             178
   23       -1353.998    1804.289       -1353.982    1804.292              23              23
  243       -1010.579   -2491.129       -1010.571   -2491.122             243             243
  220        -781.821   -1277.409        -781.812   -1277.406             220             220
  114        -673.675    -472.379        -673.665    -472.377             114             114
  203        -767.589   -1849.842        -767.585   -1849.842             203             203
  246          -6.181     819.272          -6.169     819.268             246             246
   34        -178.406    1709.462        -178.390    1709.464              34              34
  196        1366.976    1638.044        1366.994    1638.046             196             196
  245        1735.094   -1750.941        1735.100   -1750.941             245             245
   49        -864.241     -99.434        -864.224     -99.422              49              49
   79        -273.759    -510.084        -273.750    -510.073              79              79
    4        -730.553    -894.743        -730.554    -894.729               4               4
  213        2364.462   -1265.153        2364.466   -1265.169             213             213
   67        -670.117    -891.223        -670.102    -891.215              67              67
    8       -2664.463     390.229       -2664.454     390.261               8               8
  158        1601.143    -436.634        1601.137    -436.642             158             158
   17         738.447    -192.855         738.455    -192.850              17              17
  118         906.001   -1648.011         905.995   -1648.008             118             118
   61         225.081   -1361.645         225.079   -1361.640              61              61
   87         106.016   -1885.988         105.999   -1885.985              87              87
  196        2768.663   -2226.515        2768.654   -2226.558             196             196
   86         -36.786   -1700.413         -36.774   -1700.430              86              86
  207        -853.718     327.919        -853.683     327.920             207             207
  216       -1099.687   -2494.528       -1099.709   -2494.531             216             216
  122         182.425    1567.458         182.466    1567.433             122             122
  248        -212.464    -461.149        -212.451    -461.155             248             248
  192        -147.112     512.488        -147.079     512.478             192             192
   22       -1376.482    1049.964       -1376.444    1049.991              22              22
  136        -631.458   -1571.354        -631.481   -1571.347             136             136
  173         209.253    1173.591         209.289    1173.580             173             173
  205       -1166.602   -1970.746       -1166.634   -1970.739             205             205
   61         289.710    1602.998         289.746    1602.960              61              61
  193         309.407    2401.910         309.468    2401.904             193             193
  204         285.495     770.994         285.524     771.010             204             204
    4         948.890    -434.765         948.903    -434.772               4               4
   62         269.070      47.662         269.111      47.660              62              62
   38       -1303.762     -27.143       -1303.729     -27.110              38              38
  140       -1022.658     769.161       -1022.621     769.195             140             140
  242        -762.049     -45.089        -762.041     -45.054             242             242
  180        -518.524    -754.701        -518.541    -754.685             180             180
  227         879.701     187.037         879.727     187.004             227             227
  245       -1383.788     956.662       -1383.737     956.701             245             245
  173        -461.744     902.345        -461.704     902.372             173             173
  121       -2235.562    1223.536       -2235.538    1223.635             121             121
  147        1677.409   -1093.072        1677.366   -1093.086             147             147
  150         686.650      68.592         686.688      68.598             150             150
  106       -1672.307   -1827.273       -1672.333   -1827.211             106             106
  252       -1522.945     800.361       -1522.926     800.418             252             252
  215         808.869   -2138.607         808.804   -2138.636             215             215
  153       -1604.436    1691.267       -1604.370    1691.313             153             153
  249        -458.755     382.580        -458.750     382.634             249             249
  198        -749.165   -2113.157        -749.246   -2113.118             198             198
  102         225.216      90.272         225.221      90.256             102             102
  100       -2547.249    -640.762       -2547.292    -640.683             100             100
   80        -103.564    1545.188        -103.570    1545.198              80              80
  209        1163.307   -1401.372        1163.213   -1401.413             209             209
  100        1121.939    2675.130        1122.023    2675.107             100             100
  220         345.259    -133.622         345.246    -133.557             220             220
   27         752.217   -2055.531         752.121   -2055.502              27              27
    9        2557.860   -3148.602        2557.759   -3148.714               9               9
    0         137.194     -56.965         137.243     -57.010               0              -0
  116          97.141    -308.856          97.172    -308.874             116             116
   15        -935.582   -1425.173        -935.613   -1425.174              15              15
  151         126.945    1411.282         127.031    1411.234             151             151
  227       -1716.733    1350.288       -1716.659    1350.374             227             227
  154       -1141.105    -454.273       -1141.153    -454.204             154             154
  188        -232.219    1200.095        -232.214    1200.141             188             188
   24         945.017   -2387.673         944.868   -2387.696              24              24
   29        2474.388     168.364        2474.417     168.232              29              29
  176        -474.854    -232.700        -474.805    -232.687             176             176
  124       -1435.662     395.063       -1435.625     395.127             124             124
  192       -1738.854     128.664       -1738.899     128.763             192             192
   79        1882.581    -835.428        1882.489    -835.515              79              79
  108        1015.760     394.339        1015.785     394.291             108             108
  108         579.839    -330.498         579.847    -330.511             108             108
  173        -288.016    -328.403        -288.012    -328.367             173             173
   42        -598.380   -2161.087        -598.504   -2161.074              42              42
    1         825.046    -377.670         825.000    -377.774               1               1
  196        1771.871    -333.287        1771.878    -333.451             196             196
  131        -453.383     824.760        -453.301     824.694             131             131
   22         232.946    3795.135         233.158    3795.110              22              22
  127        1535.770     994.100        1535.887     994.085             127             127
  185       -2495.722    -172.840       -2495.683    -172.663             185             185
  223        -382.414    1237.947        -382.359    1238.016             223             223
  173        -728.925    -557.781        -728.975    -557.683             173             173
  148         129.851    -124.770         129.820    -124.744             148             148
  153         148.886     505.657         148.907     505.706             153             153
   81         -95.932   -2044.485         -96.050   -2044.455              81              81
   17       -1065.005    1156.735       -1064.964    1156.816              17              17
   81        -727.748   -1451.848        -727.919   -1451.763              81              81
  146        1847.691    -417.719        1847.591    -417.810             146             146
   80        1613.691   -2091.696        1613.555   -2091.810              80              80
  254         593.917    -761.565         593.874    -761.691             254             254
  122         727.029    2249.773         727.151    2249.690             122             122
  204        2603.103    -160.299        2603.125    -160.451             204             204
  127         554.924    1148.470         555.088    1148.455             127             127
  222       -1039.736     -85.412       -1039.699     -85.298             222             222
  224         444.281    -820.589         444.238    -820.605             224             224
   20        -197.022     758.548        -196.967     758.584              20              20
  233         692.306   -1090.571         692.235   -1090.582             233             233
  149         338.278   -1727.200         338.171   -1727.278             149             149
  117        1196.074    2323.245        1196.253    2323.135             117             117
  190         347.427    -252.131         347.445    -252.113             190             190
  114        1358.043    -471.032        1358.069    -471.115             114             114
  179          16.767    -435.667          16.822    -435.692             179             179
  133        -426.242    1049.395        -426.112    1049.419             133             133
  242         271.841    -176.448         271.890    -176.448             242             242
  252       -1878.806    -135.272       -1878.806    -135.148             252             252
  175        1010.353     645.042        1010.368     644.965             175             175
  182        1326.807     525.020        1326.886     524.933             182             182
   77         846.949    1271.123         847.140    1271.106              77              77
  118        -534.528     835.257        -534.361     835.416             118             118
  159        -609.466   -2419.891        -609.562   -2419.765             159             159
  236       -1294.844   -2207.340       -1294.960   -2207.317             236             236
   78        -211.454    2343.151        -211.240    2343.117              78              78
   78        -667.367       8.245        -667.304       8.332              78              78
    8       -2051.150     514.089       -2051.096     514.285               8               8
   44        -557.156    -707.447        -557.241    -707.376              44              44
  105         301.166     326.104         301.216     326.089             105             105
  141       -2112.943     273.085       -2112.906     273.290             141             141
   75       -1416.727   -1232.934       -1416.889   -1232.836              75              75
    9        -599.062    2216.195        -598.979    2216.260               9               9
   64          30.376    -342.830          30.257    -342.746              64              64
   77         936.673     213.609         936.652     213.610              77              77
  255       -1424.085    -814.526       -1424.216    -814.335             255             255
   44        1319.203   -1280.911        1319.000   -1281.000              44              44
   98        1105.149    -229.109        1105.107    -229.209              98              98
  107         434.472     270.147         434.493     270.136             107             107
  234         128.894   -1019.098         128.786   -1019.093             234             234
  129        1019.416      22.420        1019.397      22.317             129             129
  153        1712.373     717.356        1712.502     717.243             153             153
  107       -1711.507    -850.233       -1711.543    -850.045             107             107
  250        1164.725    -151.639        1164.723    -151.735             250             250
   57       -1586.067     414.341       -1586.024     414.518              57              57
  156        -853.329    -705.833        -853.514    -705.717             156             156
  199        2405.199    -200.479        2405.090    -200.679             199             199
  101        2134.650      17.253        2134.718      17.087             101             101
  139       -1564.632    -195.554       -1564.630    -195.386             139             139
  231        1984.349    1051.486        1984.424    1051.400             231             231
  218         254.855   -2652.883         254.640   -2652.859             218             218
  199        1040.456     697.613        1040.530     697.499             199             199
  120        1872.519     557.594        1872.644     557.501             120             120
  215        1208.914    -515.939        1209.026    -515.918             215             215
   59        -417.576   -2451.082        -417.631   -2450.968              59              59
  110       -1254.587   -1848.108       -1254.643   -1848.033             110             110
  238       -1697.172     321.519       -1697.118     321.660             238             238
   63         159.369    -971.399         159.272    -971.379              63              63
   21        -517.542   -2208.503        -517.745   -2208.510              21              21
  244         737.255    1197.013         737.419    1196.904             244             244
  232       -1190.103   -1134.903       -1190.159   -1134.743             232             232
  182        -603.341   -1694.556        -603.512   -1694.529             182             182
   40        -254.223   -1100.531        -254.345   -1100.615              40              40
  201        -121.426    1074.187        -121.336    1074.146             201             201
   46        1315.283   -1205.256        1315.234   -1205.413              46              46
   60       -1971.791     234.686       -1971.679     234.833              60              60
  142       -2527.766     394.787       -2527.830     395.065             142             142
  189        1635.042   -1334.982        1634.806   -1335.141             189             189
  195       -1291.258    -202.949       -1291.359    -202.822             195             195
  245        2167.552   -2186.937        2167.248   -2187.231             245             245
   63         750.359     364.435         750.431     364.241              63              63
  139         886.287     530.497         886.408     530.392             139             139
  176         182.096   -1548.088         182.034   -1548.130             176             176
  140       -1137.455    -169.654       -1137.424    -169.582             140             140
  224         407.978   -2348.364         407.761   -2348.525             224             224
   24        -869.574    -184.688        -869.542    -184.821              24              24
   20       -1035.872    1697.025       -1035.694    1697.001              20              20
  148        -929.101     239.047        -929.158     239.091             148             148
  194        1168.493     261.771        1168.471     261.572             194             194
  217        -276.610      87.719        -276.604      87.658             217             217
   94         802.131    1302.811         802.294    1302.668              94              94
   96        -769.400     -66.875        -769.377     -66.816              96              96
  150        -709.666     771.580        -709.624     771.636             150             150
  131          79.305    -425.516          79.176    -425.563             131             131
  108        1083.984    1144.482        1084.084    1144.338             108             108
  100         265.904    -809.233         265.829    -809.278             100             100
  234         111.643     437.009         111.688     436.954             234             234
   63        1551.277   -1214.678        1551.209   -1214.951              63              63
   76       -1368.421     741.535       -1368.264     741.532              76              76
   81         525.912    1937.907         526.171    1937.790              81              81
  138       -1436.050     234.279       -1436.015     234.452             138             138
   78         162.060      72.629         162.007      72.550              78              78
  242        1126.685    1530.219        1126.903    1530.043             242             242
  147        -929.915    1524.358        -929.670    1524.556             147             147
   56        -647.238   -1335.230        -647.409   -1335.094              56              56
   37          -8.136    -207.653          -8.164    -207.712              37              37
   67       -1280.675     118.545       -1280.706     118.626              67              67
  171         285.628     272.465         285.581     272.335             171             171
   89          41.066    1615.286          41.228    1615.249              89              89
  137        -140.486    -447.551        -140.570    -447.564             137             137
  206        -713.265    1269.099        -713.173    1269.125             206             206
   36        -545.046     705.289        -545.109     705.336              36              36
   93        1254.725    1246.220        1254.742    1246.073              93              93
   78        1385.415     151.024        1385.413     150.868              78              78
  227        -838.917     246.194        -838.961     246.255             227             227
  145        2277.168    1297.852        2277.261    1297.517             145             145
   53         668.297    1132.338         668.485    1132.236              53              53
   16        -315.327    2316.726        -315.068    2316.827              16              16
  236        1331.685    1713.498        1331.823    1713.524             236             236
  235        2758.906      39.920        2758.991      39.795             235             235
  142        -305.392    -922.849        -305.376    -922.650             142             142
  238        -186.437    -888.317        -186.557    -888.230             238             238
  149        1715.554    -275.344        1715.522    -275.533             149             149
   90        1391.992   -1510.453        1391.884   -1510.693              90              90
  189        2501.758    1119.627        2502.161    1119.216             189             189
  238       -1165.850     -29.155       -1165.568     -29.033             238             238
   39         274.735    1323.513         275.160    1323.459              39              39
   36       -2567.683     927.346       -2567.378     927.762              36              36
   59        -784.450     508.632        -784.311     508.841              59              59
    7       -1763.175     272.820       -1763.096     273.185               7               7
   33       -1439.435    -950.468       -1439.618    -950.199              33              33
  167       -1097.511      35.829       -1097.637      35.998             167             167
  108         329.776    -294.868         329.592    -294.899             108             108
   44        1232.761     376.050        1232.778     375.919              44              44
   69         530.379   -1067.617         530.296   -1067.674              69              69
  103         120.685    -909.944         120.674    -910.079             103             103
    4       -1420.599     934.574       -1420.403     934.632               4               4
   15        -766.156    1544.648        -765.966    1544.719              15              15
  153        -531.479    1291.683        -531.343    1291.835             153             153
  158        -860.332     185.409        -860.418     185.639             158             158
  143        1639.291      68.948        1639.283      68.812             143             143
  224       -2110.617   -1938.723       -2110.940   -1938.481             224             224
  158        1774.720    1813.439        1774.915    1813.069             158             158
   26       -1010.558     832.853       -1010.440     833.026              26              26
  226         822.397     582.930         822.466     582.835             226             226
   16       -1350.566    1406.744       -1350.395    1407.039              16              16
   17           4.261    -814.099           3.997    -814.033              17              17
  143         589.366    1276.223         589.438    1276.171             143             143
   27         317.040     569.629         316.994     569.736              27              27
  254        2383.273   -1888.021        2382.950   -1888.360             254             254
  168        1521.584     987.867        1521.888     987.534             168             168
  121        -512.791    2074.026        -512.313    2074.188             121             121
   51       -1225.085    -561.998       -1225.174    -561.677              51              51
  241        1015.679     160.563        1015.680     160.466             241             241
   69        -483.397    -672.455        -483.507    -672.401              69              69
   65         735.594    1467.850         735.757    1467.729              65              65
   96        2166.679    -147.867        2166.750    -148.194              96              96
  227         627.588    2265.740         628.216    2265.707             227             227
  253       -2232.567     273.594       -2232.362     274.099             253             253
  239        -723.521    1064.800        -723.360    1065.086             239             239
  142        -828.207    -117.809        -828.284    -117.457             142             142
  168         900.797   -1607.458         900.536   -1607.543             168             168
  177        -583.828    1454.666        -583.537    1454.796             177             177
   29       -1249.646    -322.300       -1249.759    -321.995              29              29
   87         482.401     570.264         482.377     570.260              87              87
  145        1112.047    1123.257        1112.239    1123.262             145             145
    6        -260.194    -495.184        -260.203    -494.907               6               6
  169        -646.113   -1400.612        -646.351   -1400.408             169             169
  197         555.992     447.498         556.048     447.493             197             197
  230         451.693   -1243.147         451.592   -1243.138             230             230
  101       -2358.866    -550.180       -2358.996    -549.822             101             101
  135         840.117     242.983         839.991     242.811             135             135
  117        1065.267     673.694        1065.359     673.534             117             117
  105         959.619    1018.915         959.923    1018.878             105             105
   48       -2392.000      -0.591       -2392.000       0.000              48              48
  112         960.234   -1018.835         959.925   -1018.875             112             112
  178        1065.456    -673.370        1065.361    -673.533             178             178
   92         839.864    -242.631         839.991    -242.809              92              92
   89       -2359.133     549.446       -2358.998     549.818              89              89
  241         451.481    1243.128         451.588    1243.138             241             241
   40         556.106    -447.484         556.048    -447.491              40              40
  206        -646.611    1400.188        -646.358    1400.404             206             206
  128        -260.213     494.610        -260.203     494.906             128             128
  213        1112.451   -1123.265        1112.243   -1123.260             213             213
  112         482.353    -570.254         482.378    -570.259             112             112
  142       -1249.887     321.656       -1249.762     321.990             142             142
  185        -583.212   -1454.938        -583.533   -1454.796             185             185
   45         900.241    1607.639         900.531    1607.544              45              45
  106        -828.374     117.064        -828.286     117.456             106             106
   95        -723.178   -1065.413        -723.358   -1065.091              95              95
  124       -2232.130    -274.679       -2232.362    -274.104             124             124
  111         628.943   -2265.664         628.222   -2265.705             111             111
  215        2166.830     148.579        2166.749     148.199             215             215
  104         735.951   -1467.586         735.761   -1467.727             104             104
  153        -483.637     672.336        -483.508     672.400             153             153
    5        1015.680    -160.349        1015.679    -160.464               5               5
   51       -1225.283     561.293       -1225.176     561.675              51              51
  134        -511.737   -2074.386        -512.309   -2074.191             134             134
  212        1522.255    -987.129        1521.888    -987.532             212             212
  248        2382.548    1888.783        2382.944    1888.367             248             248
   40         316.938    -569.866         316.995    -569.735              40              40
  230         589.531   -1276.106         589.441   -1276.170             230             230
  144           3.667     813.952           3.996     814.034             144             144
  251       -1350.178   -1407.414       -1350.394   -1407.043             251             251
  245         822.556    -582.713         822.468    -582.834             245             245
  208       -1010.288    -833.248       -1010.439    -833.027             208             208
  203        1775.169   -1812.591        1774.917   -1813.068             203             203
    8       -2111.371    1938.160       -2110.946    1938.477               8               8
   77        1639.274     -68.630        1639.283     -68.809              77              77
   65        -860.529    -185.946        -860.417    -185.642              65              65
   79        -531.156   -1292.037        -531.339   -1291.835              79              79
  238        -765.705   -1544.819        -765.962   -1544.722             238             238
    0       -1420.136    -934.712       -1420.402    -934.634              -0              -0
  232         120.655     910.263         120.671     910.080             232             232
  192         530.180    1067.752         530.294    1067.674             192             192
  216        1232.803    -375.732        1232.779    -375.916             216             216
   48         329.335     294.942         329.591     294.900              48              48
   53       -1097.813     -36.240       -1097.637     -36.001              53              53
  203       -1439.877     949.815       -1439.619     950.196             203             203
  144       -1762.982    -273.712       -1763.095    -273.189             144             144
  163        -784.109    -509.141        -784.309    -508.842             163             163
  176       -2566.933    -928.372       -2567.374    -927.769             176             176
  228         275.785   -1323.381         275.163   -1323.460             228             228
   55       -1165.150      28.850       -1165.566      29.031              55              55
  152        2502.764   -1118.596        2502.164   -1119.209             152             152
   44        1391.717    1511.056        1391.881    1510.696              44              44
  231        1715.474     275.824        1715.522     275.537             231             231
  223        -186.741     888.094        -186.557     888.228             223             223
   64        -305.355     922.346        -305.378     922.650              64              64
   37        2759.121     -39.596        2758.991     -39.789              37              37
  160        1332.041   -1713.563        1331.825   -1713.522             160             160
  191        -314.649   -2316.987        -315.061   -2316.828             191             191
  130         668.785   -1132.073         668.487   -1132.233             130             130
  242        2277.415   -1296.976        2277.265   -1297.512             242             242
  162        -839.031    -246.356        -838.960    -246.256             162             162
  190        1385.408    -150.610        1385.413    -150.864             190             190
  235        1254.769   -1245.832        1254.743   -1246.072             235             235
  230        -545.212    -705.414        -545.107    -705.336             230             230
  162        -713.017   -1269.170        -713.172   -1269.126             162             162
   49        -140.712     447.588        -140.571     447.565              49              49
  210          41.507   -1615.186          41.231   -1615.248             210             210
  131         285.502    -272.111         285.582    -272.334             131             131
   17       -1280.758    -118.769       -1280.706    -118.628              17              17
  200          -8.215     207.813          -8.165     207.711             200             200
   36        -647.717    1334.857        -647.413    1335.094              36              36
   10        -929.233   -1524.911        -929.667   -1524.559              10              10
   94        1127.294   -1529.725        1126.904   -1530.041              94              94
  146         161.911     -72.404         162.007     -72.548             146             146
   53       -1435.952    -234.768       -1436.015    -234.453              53              53
  227         526.653   -1937.574         526.176   -1937.788             227             227
   57       -1367.971    -741.530       -1368.262    -741.534              57              57
  233        1551.075    1215.467        1551.205    1214.956             233             233
  196         111.771    -436.850         111.688    -436.953             196             196
  143         265.682     809.365         265.826     809.281             143             143
   36        1084.279   -1144.062        1084.086   -1144.337              36              36
  117          78.926     425.655          79.176     425.564             117             117
  246        -709.541    -771.743        -709.624    -771.635             246             246
  111        -769.331      66.698        -769.377      66.815             111             111
  115         802.621   -1302.384         802.297   -1302.666             115             115
  111        -276.593     -87.537        -276.604     -87.659             111             111
  217        1168.427    -261.167        1168.472    -261.568             217             217
   11        -929.275    -239.183        -929.158    -239.093              11              11
  150       -1035.330   -1696.955       -1035.694   -1697.002             150             150
  145        -869.475     185.093        -869.542     184.820             145             145
  144         407.298    2348.865         407.755    2348.528             144             144
   48       -1137.358     169.428       -1137.423     169.580              48              48
  163         181.900    1548.221         182.032    1548.132             163             163
  185         886.670    -530.166         886.409    -530.390             185             185
   71         750.585    -363.821         750.430    -364.239              71              71
   15        2166.580    2187.877        2167.243    2187.238              15              15
   61       -1291.580     202.541       -1291.359     202.820              61              61
  189        1634.274    1335.499        1634.803    1335.144             189             189
  117       -2527.971    -395.694       -2527.829    -395.069             117             117
   96       -1971.422    -235.172       -1971.677    -234.838              96              96
   63        1315.116    1205.775        1315.230    1205.416              63              63
   51        -121.122   -1074.053        -121.333   -1074.147              51              51
   52        -254.633    1100.810        -254.348    1100.616              52              52
  109        -603.921    1694.462        -603.517    1694.527             109             109
   48       -1190.296    1134.363       -1190.161    1134.742              48              48
  109         737.815   -1196.639         737.423   -1196.902             109             109
  177        -518.244    2208.528        -517.750    2208.510             177             177
  104         159.033     971.331         159.270     971.380             104             104
  249       -1696.984    -322.010       -1697.116    -321.663             249             249
   69       -1254.787    1847.839       -1254.647    1848.029              69              69
   19        -417.776    2450.683        -417.637    2450.967              19              19
   24        1209.311     515.865        1209.027     515.919              24              24
   24        1872.964    -557.260        1872.645    -557.498              24              24
  123        1040.725    -697.199        1040.534    -697.496             123             123
   85         254.073    2652.796         254.634    2652.860              85              85
  160        1984.625   -1051.164        1984.426   -1051.395             160             160
  190       -1564.626     194.934       -1564.630     195.383             190             190
  229        2134.898     -16.632        2134.719     -17.081             229             229
    6        2404.791     201.229        2405.088     200.683               6               6
  226        -854.024     705.398        -853.517     705.714             226             226
   70       -1585.905    -415.009       -1586.024    -414.520              70              70
  153        1164.712     152.009        1164.722     151.740             153             153
   13       -1711.645     849.507       -1711.545     850.041              13              13
  224        1712.872    -716.916        1712.503    -717.238             224             224
  249        1019.342     -22.020        1019.399     -22.314             249             249
  226         128.463    1019.080         128.780    1019.093             226             226
  112         434.555    -270.106         434.492    -270.137             112             112
  221        1104.979     229.512        1105.105     229.212             221             221
  124        1318.390    1281.266        1319.000    1281.000             124             124
   53       -1424.626     813.740       -1424.220     814.330              53              53
   30         936.592    -213.604         936.653    -213.608              30              30
   60          29.889     342.491          30.256     342.747              60              60
   47        -598.705   -2216.466        -598.975   -2216.261              47              47
  227       -1417.414    1232.509       -1416.893    1232.830             227             227
  165       -2112.787    -273.958       -2112.906    -273.295             165             165
    5         301.380    -326.042         301.216    -326.090               5               5
  115        -557.523     707.143        -557.242     707.375             115             115
  156       -2050.912    -514.948       -2051.095    -514.290             156             156
   13        -667.090      -8.626        -667.303      -8.334              13              13
   98        -210.504   -2343.003        -211.234   -2343.118              98              98
   43       -1295.365    2207.235       -1294.964    2207.316              43              43
  219        -609.902    2419.322        -609.567    2419.761             219             219
  203        -533.774    -835.976        -534.360    -835.418             203             203
    9         847.823   -1271.045         847.145   -1271.105               9               9
   20        1327.168    -524.617        1326.886    -524.931              20              20
  126        1010.432    -644.672        1010.370    -644.961             126             126
  163       -1878.806     134.684       -1878.807     135.144             163             163
  188         272.072     176.453         271.889     176.450             188             188
  243        -425.619   -1049.512        -426.110   -1049.419             243             243
  188          17.027     435.787          16.821     435.691             188             188
  161        1358.168     471.440        1358.068     471.118             161             161
  151         347.515     252.041         347.445     252.113             151             151
   58        1196.962   -2322.700        1196.255   -2323.133              58              58
   73         337.730    1727.589         338.166    1727.279              73              73
   78         691.947    1090.632         692.233    1090.584              78              78
  160        -196.736    -758.731        -196.965    -758.584             160             160
  112         444.059     820.669         444.237     820.605             112             112
  119       -1039.541      84.818       -1039.699      85.294             119             119
    1         555.785   -1148.385         555.090   -1148.453               1               1
  127        2603.217     161.113        2603.123     160.458             127             127
  164         727.685   -2249.328         727.153   -2249.689             164             164
  242         593.676     762.247         593.871     761.692             242             242
   46        1612.934    2092.335        1613.551    2091.815              46              46
  201        1847.136     418.237        1847.590     417.815             201             201
  190        -728.709    1451.374        -727.922    1451.762             190             190
   42       -1064.762   -1157.204       -1064.961   -1156.821              42              42
   32         -96.615    2044.312         -96.056    2044.454              32              32
  220         149.004    -505.940         148.906    -505.706             220             220
  141         129.667     124.624         129.820     124.746             141             141
  163        -729.225     557.197        -728.976     557.681             163             163
  179        -382.079   -1238.362        -382.356   -1238.017             179             179
   37       -2495.489     171.755       -2495.683     172.656              37              37
   38        1536.493    -993.998        1535.890    -994.082              38              38
   66         234.291   -3794.980         233.171   -3795.110              66              66
  249        -452.866    -824.348        -453.299    -824.695             249             249
  104        1771.914     334.341        1771.876     333.457             104             104
  210         824.753     378.339         825.000     377.775             210             210
  114        -599.198    2161.000        -598.509    2161.073             114             114
  102        -287.999     328.171        -288.014     328.367             102             102
   33         579.889     330.586         579.845     330.511              33              33
   96        1015.934    -394.006        1015.786    -394.288              96              96
  237        1881.956     836.033        1882.489     835.519             237             237
  132       -1739.168    -129.360       -1738.899    -128.767             132             132
  246       -1435.404    -395.530       -1435.625    -395.133             246             246
   70        -474.512     232.605        -474.807     232.687              70              70
  207        2474.599    -167.387        2474.418    -168.225             207             207
  178         943.913    2387.848         944.863    2387.698             178             178
  246        -232.173   -1200.441        -232.212   -1200.141             246             246
    7       -1141.470     453.756       -1141.155     454.203               7               7
  145       -1716.165   -1350.956       -1716.656   -1350.379             145             145
   58         127.626   -1410.911         127.035   -1411.234              58              58
  198        -935.830    1425.178        -935.618    1425.173             198             198
  237          97.391     309.001          97.172     308.875             237             237
  205         137.596      57.323         137.244      57.009             205             205
  184        2556.973    3149.549        2557.751    3148.719             184             184
   20         751.375    2055.300         752.115    2055.504              20              20
  241         345.135     133.070         345.245     133.558             241             241
  164        1122.710   -2674.923        1122.031   -2675.106             164             164
  152        1162.462    1401.739        1163.209    1401.414             152             152
  253        -103.600   -1545.284        -103.566   -1545.198             253             253
   48       -2547.654     640.024       -2547.293     640.679              48              48
  177         225.270     -90.103         225.221     -90.254             177             177
  132        -749.965    2112.771        -749.252    2113.115             132             132
    7        -458.702    -383.105        -458.750    -382.634               7               7
  118       -1603.770   -1691.727       -1604.366   -1691.316             118             118
   72         808.191    2138.912         808.798    2138.638              72              72
  238       -1522.743    -800.962       -1522.925    -800.423             238             238
  107       -1672.598    1826.603       -1672.339    1827.206             107             107
  156         687.051     -68.649         686.687     -68.598             156             156
  157        1676.911    1093.246        1677.363    1093.090             157             157
   18       -2235.283   -1224.691       -2235.535   -1223.642              18              18
  165        -461.279    -902.656        -461.702    -902.373             165             165
  187       -1383.181    -957.119       -1383.735    -956.702             187             187
  249         879.996    -186.634         879.726    -187.002             249             249
  107        -518.743     754.495        -518.542     754.682             107             107
   21        -761.954      44.638        -762.042      45.051              21              21
  193       -1022.187    -769.601       -1022.620    -769.196             193             193
  115       -1303.330      26.683       -1303.729      27.107             115             115
  145         269.617     -47.642         269.111     -47.661             145             145
  156         949.062     434.876         948.903     434.776             156             156
    6         285.923    -771.215         285.527    -771.008               6               6
   77         310.342   -2401.815         309.475   -2401.903              77              77
   36         290.266   -1602.420         289.749   -1602.959              36              36
  168       -1167.136    1970.622       -1166.641    1970.735             168             168
  176         209.840   -1173.400         209.291   -1173.579             176             176
  128        -631.871    1571.225        -631.484    1571.344             128             128
    8       -1375.816   -1050.459       -1376.441   -1049.994               8               8
    4        -146.509    -512.305        -147.077    -512.477               4               4
  132        -212.235     461.261        -212.452     461.155             132             132
  106         183.248   -1566.967         182.471   -1567.432             106             106
  210       -1100.165    2494.554       -1099.714    2494.527             210             210
  117        -852.986    -327.962        -853.682    -327.924             117             117
  110         -36.535    1700.777         -36.775    1700.430             110             110
   90        2768.409    2227.557        2768.649    2226.566              90              90
   89         105.587    1885.908         105.996    1885.984              89              89
   94         224.999    1361.513         225.076    1361.640              94              94
  194         905.807    1647.970         905.991    1648.012             194             194
  139         738.653     192.733         738.455     192.852             139             139
  192        1600.961     436.893        1601.136     436.645             192             192
   10       -2664.171    -391.247       -2664.451    -390.270              10              10
  210        -669.652     890.972        -670.104     891.214             210             210
  250        2364.507    1265.762        2364.462    1265.174             250             250
   94        -730.599     894.183        -730.555     894.727              94              94
   47        -273.439     509.640        -273.753     510.071              47              47
   10        -863.520      98.872        -864.224      99.421              10              10
   83        1735.266    1751.010        1735.094    1750.945              83              83
   30        1367.937   -1638.151        1366.997   -1638.045              30              30
   56        -177.427   -1709.608        -178.384   -1709.465              56              56
   21          -5.361    -819.007          -6.168    -819.268              21              21
   98        -767.498    1849.711        -767.592    1849.839              98              98
  211        -672.864     472.062        -673.666     472.373             211             211
  132        -781.006    1277.049        -781.816    1277.403             132             132
    1       -1009.753    2490.257       -1010.576    2491.121               1               1
  181       -1350.974   -1805.206       -1353.977   -1804.298             181             181
    4        -151.867     983.963        -155.181     984.196               4               4
   70        -274.700     835.626        -281.512     836.155              70              70
