SINAL     NFT                         FFT                         NFT INVERSA     FFT INVERSA
-----     -----------------------     -----------------------     -----------     -----------
   53       63129.000       0.000       63129.000       0.000              53              53
   41         914.727    -399.035         914.740    -399.035              41              41
   29        -500.474   -2548.450        -500.463   -2548.449              29              29
  165         816.480   -2007.675         816.490   -2007.680             165             165
   11         995.401     426.946         995.417     426.938              11              11
   16        -363.979     444.587        -363.963     444.583              16              16
   47         946.945      17.660         946.961      17.650              47              47
  142        -969.323    1871.393        -969.299    1871.389             142             142
  106       -1600.456    1133.721       -1600.438    1133.722             106             106
   58         775.097    2105.039         775.120    2105.029              58              58
  211         335.556    3138.462         335.593    3138.464             211             211
    4       -1069.779    -506.507       -1069.763    -506.496               4               4
   34       -2265.349     584.972       -2265.334     584.989              34              34
  138         149.954   -1350.679         149.952   -1350.685             138             138
   18        -599.362     859.676        -599.344     859.671              18              18
  135        -538.712     782.122        -538.696     782.119             135             135
  167        -541.867    1004.281        -541.850    1004.278             167             167
  190         -57.349    2094.174         -57.321    2094.171             190             190
  152        -608.860     880.773        -608.846     880.784             152             152
  244         358.025     487.956         358.030     487.954             244             244
   27        1225.036     -19.270        1225.042     -19.286              27              27
   68         424.793     -74.256         424.800     -74.271              68              68
  182        1105.934    1780.216        1105.965    1780.195             182             182
  202        2267.755     905.084        2267.788     905.054             202             202
  175        -141.835     844.104        -141.796     844.109             175             175
  168        1596.046     457.357        1596.083     457.332             168             168
  197        -161.974    1439.334        -161.908    1439.342             197             197
  104       -2133.784    -451.180       -2133.762    -451.141             104             104
  189        -882.269     700.308        -882.244     700.321             189             189
  136       -1058.669    1009.652       -1058.647    1009.676             136             136
  225        1577.138    -303.886        1577.146    -303.911             225             225
   61       -1030.307     128.257       -1030.281     128.267              61              61
  163        -136.318     870.508        -136.283     870.501             163             163
   97        -568.624    1472.999        -568.575    1473.007              97              97
  114          -4.426    1805.394          -4.364    1805.406             114             114
   46       -2960.129    1348.011       -2960.100    1348.105              46              46
  119        1935.700     230.998        1935.699     230.992             119             119
   96        -383.419   -1060.158        -383.427   -1060.123              96              96
   99        1226.067    -980.262        1226.068    -980.280              99              99
  254       -1560.179   -1435.236       -1560.184   -1435.210             254             254
  128        -447.215     473.511        -447.190     473.504             128             128
   50        -666.227     242.107        -666.208     242.112              50              50
  217        -953.666    1562.867        -953.621    1562.896             217             217
  239        -261.967    -527.935        -261.979    -527.919             239             239
  108       -1119.545     471.925       -1119.547     471.955             108             108
  203        2604.984     674.226        2605.015     674.162             203             203
  232       -2052.607      17.031       -2052.586      17.112             232             232
  155         851.105   -2131.013         851.052   -2131.047             155             155
  246       -1791.236     972.523       -1791.203     972.551             246             246
  178         636.477    -336.609         636.456    -336.654             178             178
   10        -636.849    1762.219        -636.800    1762.219              10              10
  123        1269.148    1261.813        1269.185    1261.777             123             123
  203         515.051     939.944         515.104     939.944             203             203
   84        -282.302    -376.864        -282.294    -376.855              84              84
  185        -137.389    2366.513        -137.295    2366.529             185             185
  180        -776.600     319.313        -776.590     319.377             180             180
  221         499.504     582.641         499.516     582.661             221             221
  135        1037.919    -925.389        1037.902    -925.399             135             135
  217        -287.255    -857.141        -287.263    -857.143             217             217
   53         158.274    1540.101         158.347    1540.088              53              53
  240        -397.778     357.638        -397.758     357.662             240             240
  147        1557.202    1764.555        1557.298    1764.519             147             147
   92       -1370.526    1148.529       -1370.443    1148.648              92              92
   38        -770.293    -244.157        -770.302    -244.044              38              38
   16         377.067   -2574.024         376.966   -2574.003              16              16
  162       -1750.431    -198.791       -1750.462    -198.717             162             162
   84        2107.168    -152.199        2107.135    -152.267              84              84
  207         788.108   -1331.139         788.068   -1331.166             207             207
  159        1492.827     412.442        1492.886     412.382             159             159
  198         101.299    -758.412         101.327    -758.394             198             198
   39        -693.108   -1300.883        -693.125   -1300.852              39              39
  224         690.582    -946.857         690.589    -946.914             224             224
   73       -1442.256    -732.459       -1442.242    -732.444              73              73
    6        -920.434    1154.763        -920.375    1154.762               6               6
  139        1083.186    1050.889        1083.267    1050.829             139             139
  181       -1068.000    1349.575       -1067.880    1349.651             181             181
   32        -847.342      42.899        -847.298      42.987              32              32
    2       -2345.213    -558.809       -2345.238    -558.662               2               2
    2        -569.730    -315.635        -569.783    -315.579               2               2
  134        1124.119   -1639.012        1124.054   -1639.070             134             134
  218       -2671.671    -668.865       -2671.696    -668.779             218             218
  103       -1145.168    2006.827       -1145.137    2006.876             103             103
  224        1804.812    -573.782        1804.743    -573.850             224             224
  146        -381.697     120.957        -381.689     120.994             146             146
  196        -189.968   -1454.427        -190.077   -1454.426             196             196
  165        1986.230     285.905        1986.257     285.757             165             165
   97       -1021.107    1084.385       -1021.017    1084.439              97              97
  118         260.659     666.969         260.700     667.002             118             118
   93        -476.018   -1587.141        -476.107   -1587.080              93              93
  200         392.968   -1866.759         392.862   -1866.840             200             200
  255        -345.587    2327.826        -345.457    2327.813             255             255
   11         856.081    -575.754         856.049    -575.783              11              11
  178         604.399     334.514         604.459     334.493             178             178
  161        -913.773   -1391.131        -913.825   -1391.085             161             161
    8         -41.592     317.200         -41.569     317.167               8               8
   99         225.117     266.324         225.154     266.300              99              99
  174        -762.651     347.428        -762.624     347.488             174             174
   42        1415.705   -1075.067        1415.678   -1075.162              42              42
  139       -2173.407     604.062       -2173.332     604.199             139             139
  233        -245.244   -2503.571        -245.420   -2503.600             233             233
  219        -970.252    1261.386        -970.200    1261.364             219             219
  176         331.818     896.114         331.836     896.082             176             176
  202         282.191    -705.107         282.120    -705.141             202             202
   16         877.506    -261.161         877.492    -261.279              16              16
  152        -541.863     202.399        -541.857     202.347             152             152
  172        1797.096    2132.624        1797.253    2132.453             172             172
  109         155.099     531.779         155.213     531.749             109             109
  183       -1973.033    1687.395       -1972.909    1687.509             183             183
  101         778.276    2920.088         778.438    2920.117             101             101
  198        1466.602   -1216.494        1466.550   -1216.491             198             198
   64          82.601   -1135.690          82.598   -1135.699              64              64
  249        -338.747     892.272        -338.612     892.279             249             249
  226        -854.373      96.784        -854.311      96.851             226             226
   60        -453.050     465.027        -452.960     465.055              60              60
   82       -2763.583     591.222       -2763.551     591.426              82              82
   52         137.814    1172.531         137.830    1172.544              52              52
  103         977.255    1165.878         977.350    1165.886             103             103
  174        -729.451   -1111.253        -729.488   -1111.144             174             174
  187       -1663.349    1666.538       -1663.244    1666.731             187             187
   94         817.749   -1092.922         817.662   -1092.875              94              94
   42       -2384.688   -1598.642       -2384.839   -1598.428              42              42
   64         992.329     -44.994         992.277     -45.063              64              64
  229       -1386.202    -553.220       -1386.278    -553.074             229             229
   90         569.105   -1422.881         568.942   -1422.915              90              90
  142         -75.050   -1444.583         -75.171   -1444.633             142             142
  183       -1244.559    -246.635       -1244.616    -246.622             183             183
   52        -890.078     945.532        -890.116     945.577              52              52
   47        1171.061   -1574.641        1170.824   -1574.780              47              47
   39         955.981     869.152         956.000     869.000              39              39
  223         844.816       0.483         844.787       0.385             223             223
   16         402.721    -749.007         402.624    -749.113              16              16
   46        1459.850     471.925        1459.874     471.690              46              46
  250        1417.434    1821.037        1417.653    1820.859             250             250
    5        -932.534     781.899        -932.415     781.983               5               5
   24        -754.309      54.575        -754.362      54.622              24              24
   58        2115.851     588.427        2115.876     588.190              58              58
  253         305.000    1902.637         305.204    1902.611             253             253
  226        1420.686    -352.572        1420.723    -352.706             226             226
   72        -569.101    2728.277        -568.766    2728.355              72              72
  218        -743.123     331.311        -743.056     331.506             218             218
    9        -908.527   -2109.827        -908.745   -2109.738               9               9
  132         754.803     838.533         754.858     838.376             132             132
  156        -775.554    2339.584        -775.375    2339.671             156             156
   46        1853.726     907.780        1853.791     907.727              46              46
   48         836.176   -1308.174         836.138   -1308.194              48              48
  118        -445.104     350.910        -444.981     350.939             118             118
  248        -987.890     627.744        -987.794     627.852             248             248
   75        -649.386     743.072        -649.333     743.191              75              75
   14         371.966    -925.790         371.877    -925.803              14              14
   16        -762.295     855.139        -762.201     855.202              16              16
  188       -1012.683     955.540       -1012.651     955.697             188             188
  230        1300.956    -325.827        1300.896    -325.882             230             230
  107        -732.701    -799.421        -732.752    -799.344             107             107
   25       -1501.394      64.485       -1501.451      64.578              25              25
  150        -782.692    1925.093        -782.676    1925.176             150             150
  236        2440.719     793.721        2440.684     793.569             236             236
  149         -57.483     628.650         -57.474     628.786             149             149
  253        1344.973   -1466.022        1344.744   -1466.084             253             253
   32        1254.281     884.855        1254.321     884.781              32              32
  198        1878.094    -813.625        1877.993    -813.731             198             198
  126        2468.679    -282.224        2468.741    -282.414             126             126
   93          77.409   -1395.255          77.383   -1395.221              93              93
  140         920.393   -1781.341         920.307   -1781.514             140             140
  151        -385.624     775.052        -385.447     774.997             151             151
   93        -499.215     181.206        -499.175     181.206              93              93
   70         503.241    1623.665         503.412    1623.620              70              70
   67         187.784     683.627         187.838     683.730              67              67
   16        2218.673   -2102.580        2218.496   -2102.771              16              16
  120        -110.788    -487.544        -110.744    -487.623             120             120
  245         857.689    1788.751         857.947    1788.653             245             245
  155         848.861    -721.429         848.877    -721.474             155             155
  132        1202.149     390.341        1202.351     390.238             132             132
   24        -141.774   -1157.125        -141.710   -1157.105              24              24
  125         334.991      56.060         335.230      55.977             125             125
   26       -2904.047    -184.078       -2903.900    -183.803              26              26
  193       -1201.267     824.584       -1201.124     824.682             193             193
   84       -2813.555    1244.387       -2813.468    1244.785              84              84
  110         518.569   -2397.043         518.195   -2397.120             110             110
   95        -203.565    2361.112        -203.295    2361.106              95              95
  131       -1822.789    -577.840       -1822.957    -577.533             131             131
  120        1309.372   -1634.173        1309.042   -1634.353             120             120
  198        1340.598    -148.708        1340.560    -148.985             198             198
  105        1375.850    1174.167        1376.081    1173.947             105             105
   97       -1210.521     -44.182       -1210.465     -44.040              97              97
   42         357.797   -1213.430         357.642   -1213.589              42              42
  108         141.643    1670.121         141.847    1669.950             108             108
  158         389.718    1786.782         389.932    1786.701             158             158
  145        1095.109    1462.143        1095.333    1462.061             145             145
  137          51.492     253.703          51.594     253.755             137             137
  120        1071.066     -69.858        1071.171     -70.015             120             120
  134        -585.229    2021.096        -584.821    2021.172             134             134
   33       -2126.990     416.799       -2126.935     417.120              33              33
   18         960.924    1280.058         961.035    1279.998              18              18
  113         794.902     897.509         795.092     897.518             113             113
  243        -570.147     859.014        -569.941     859.243             243             243
  125       -1007.708    -824.354       -1007.808    -824.101             125             125
   57        1073.728    -485.783        1073.710    -485.905              57              57
   46       -1838.060    1333.045       -1837.876    1333.338              46              46
  147         827.801    -547.366         827.679    -547.384             147             147
  149         675.141     388.782         675.246     388.746             149             149
  178        -702.435     135.842        -702.376     136.016             178             178
  113        -120.786    -585.512        -120.901    -585.457             113             113
  236        1609.801     655.150        1609.925     654.980             236             236
  243          21.161    -962.865          21.165    -962.864             243             243
   38       -1074.579     841.047       -1074.436     841.126              38              38
   48        1345.953    2517.811        1346.334    2517.731              48              48
  119        -583.674     468.242        -583.517     468.570             119             119
  181         961.924   -1551.415         961.851   -1551.381             181             181
  240       -2144.665    -846.764       -2144.680    -846.455             240             240
   87       -1067.114     560.127       -1067.147     560.294              87              87
  149        2851.244     160.775        2851.308     160.464             149             149
   38       -1467.004     416.066       -1466.806     416.383              38              38
   93         193.815    -244.186         193.840    -244.043              93              93
   52       -1536.105   -2117.662       -1536.423   -2117.389              52              52
   14        2362.592    -530.599        2362.543    -530.986              14              14
  251        -143.617    -266.046        -143.476    -266.110             251             251
   19         -39.349    1410.541         -38.979    1410.528              19              19
  238       -1109.510     825.777       -1109.241     826.037             238             238
   97       -1014.698      76.023       -1014.595      76.300              97              97
   66       -1178.281    -324.675       -1178.278    -324.399              66              66
   21       -1410.775     -33.201       -1410.823     -32.901              21              21
   29         344.837     187.815         344.807     187.928              29              29
   76        1094.637   -1472.674        1094.540   -1472.684              76              76
   62       -1796.674   -1596.285       -1796.766   -1596.012              62              62
  113       -1961.845     524.237       -1961.835     524.595             113             113
  168         636.870   -3179.646         636.316   -3179.734             168             168
   79         842.787    -522.036         842.796    -522.332              79              79
  178       -1486.722      92.008       -1486.611      92.097             178             178
  217       -1532.828     918.145       -1532.766     918.345             217             217
  140         959.923    -828.454         959.745    -828.604             140             140
   70        -149.116    -316.198        -149.128    -316.279              70              70
   32         958.314    1150.454         958.625    1150.271              32              32
  191       -1697.012    -629.775       -1696.917    -629.554             191             191
  164       -2766.461    1427.651       -2766.250    1428.052             164             164
   15       -2012.428    -515.324       -2012.732    -515.008              15              15
   70        1077.564    1053.151        1077.542    1052.980              70              70
    5        -973.003     674.756        -973.033     674.992               5               5
  155         732.733    -327.397         732.488    -327.438             155             155
   75        1949.809     591.525        1949.852     591.302              75              75
  247         964.098    -499.181         964.115    -499.238             247             247
  172         500.918     -45.341         501.071     -45.339             172             172
  171       -1173.879   -1327.262       -1173.982   -1327.066             171             171
  251        -552.168     -50.603        -552.189     -50.583             251             251
  189         197.340     288.223         197.367     288.161             189             189
  172         760.109       3.054         760.174       2.893             172             172
   48          31.327    2335.461          31.849    2335.591              48              48
   75       -1362.048   -1884.271       -1362.256   -1883.858              75              75
    0        -934.296   -1758.581        -934.616   -1758.494              -0               0
   98         769.835     215.978         769.878     215.729              98              98
  122         -75.103    -126.852         -74.993    -126.965             122             122
  141       -1296.620    2088.284       -1296.188    2088.481             141             141
  202       -1077.817     205.026       -1077.783     205.327             202             202
   58        -804.434    -214.054        -804.503    -213.834              58              58
  174       -1222.967    -801.916       -1223.221    -801.720             174             174
  252        1077.132     510.453        1077.123     510.226             252             252
  180         859.840    1293.218         860.176    1293.154             180             180
    6       -2661.000      -0.619       -2661.000       0.000               6               6
   14         860.521   -1293.083         860.179   -1293.151              14              14
  202        1077.113    -509.992        1077.123    -510.224             202             202
  117       -1223.485     801.514       -1223.224     801.716             117             117
   38        -804.575     213.602        -804.503     213.831              38              38
   93       -1077.744    -205.644       -1077.781    -205.330              93              93
   51       -1295.731   -2088.692       -1296.185   -2088.484              51              51
  136         -74.878     127.082         -74.994     126.964             136             136
  149         769.926    -215.460         769.879    -215.727             149             149
   81        -934.963    1758.395        -934.619    1758.491              81              81
  109       -1362.484    1883.404       -1362.258    1883.853             109             109
   56          32.427   -2335.731          31.856   -2335.590              56              56
   39         760.246      -2.712         760.175      -2.891              39              39
   86         197.395    -288.094         197.367    -288.161              86              86
  200        -552.211      50.558        -552.188      50.581             200             200
  197       -1174.103    1326.842       -1173.986    1327.064             197             197
  249         501.242      45.341         501.070      45.341             249             249
  119         964.134     499.308         964.115     499.241             119             119
   86        1949.903    -591.038        1949.853    -591.297              86              86
  244         732.205     327.487         732.489     327.439             244             244
  110        -973.068    -675.272        -973.033    -674.995             110             110
   67        1077.519   -1052.774        1077.544   -1052.977              67              67
   87       -2013.094     514.627       -2012.733     515.003              87              87
   22       -2765.993   -1428.543       -2766.246   -1428.060              22              22
   23       -1696.803     629.285       -1696.918     629.552              23              23
  142         959.010   -1150.042         958.630   -1150.268             142             142
  166        -149.140     316.378        -149.125     316.278             166             166
  109         959.521     828.793         959.742     828.608             109             109
  244       -1532.686    -918.598       -1532.764    -918.348             244             244
  240       -1486.472     -92.210       -1486.612     -92.098             240             240
    2         842.806     522.709         842.796     522.333               2               2
  220         635.601    3179.848         636.307    3179.736             220             220
  170       -1961.820    -525.060       -1961.834    -524.598             170             170
   22       -1796.892    1595.651       -1796.770    1596.008              22              22
  207        1094.408    1472.699        1094.537    1472.685             207             207
    6         344.770    -188.074         344.808    -187.927               6               6
  181       -1410.884      32.496       -1410.822      32.897             181             181
  119       -1178.273     324.023       -1178.278     324.395             119             119
  192       -1014.455     -76.679       -1014.595     -76.304             192             192
  202       -1108.874    -826.392       -1109.240    -826.040             202             202
  168         -38.468   -1410.506         -38.976   -1410.526             168             168
   10        -143.279     266.197        -143.475     266.109              10              10
   91        2362.476     531.531        2362.543     530.990              91              91
   68       -1536.875    2116.998       -1536.428    2117.383              68              68
   29         193.876     243.842         193.841     244.044              29              29
  208       -1466.522    -416.843       -1466.805    -416.388             208             208
   20        2851.400    -160.009        2851.308    -160.458              20              20
   60       -1067.195    -560.541       -1067.145    -560.299              60              60
  144       -2144.703     846.004       -2144.681     846.454             144             144
   80         961.739    1551.335         961.848    1551.383              80              80
   21        -583.283    -469.062        -583.517    -468.573              21              21
  249        1346.915   -2517.608        1346.342   -2517.729             249             249
   31       -1074.216    -841.248       -1074.434    -841.127              31              31
   50          21.169     962.861          21.162     962.863              50              50
   96        1610.120    -654.718        1609.927    -654.978              96              96
  211        -121.080     585.371        -120.902     585.456             211             211
  141        -702.285    -136.287        -702.376    -136.016             141             141
  140         675.412    -388.691         675.247    -388.746             140             140
    4         827.482     547.414         827.677     547.385               4               4
    0       -1837.576   -1333.812       -1837.871   -1333.344              -0              -0
  136        1073.681     486.104        1073.710     485.907             136             136
  185       -1007.971     823.685       -1007.808     824.098             185             185
   70        -569.600    -859.620        -569.939    -859.246              70              70
  156         795.410    -897.531         795.096    -897.516             156             156
   23         961.220   -1279.896         961.035   -1279.997              23              23
   52       -2126.837    -417.673       -2126.932    -417.126              52              52
  168        -584.124   -2021.309        -584.818   -2021.176             168             168
   96        1071.351      70.290        1071.172      70.018              96              96
   37          51.774    -253.844          51.596    -253.755              37              37
   96        1095.732   -1461.914        1095.338   -1462.059              96              96
  235         390.312   -1786.554         389.935   -1786.699             235             235
  210         142.214   -1669.647         141.852   -1669.949             210             210
   96         357.359    1213.878         357.639    1213.592              96              96
  227       -1210.360      43.780       -1210.463      44.038             227             227
  151        1376.501   -1173.546        1376.082   -1173.946             151             151
  185        1340.490     149.498        1340.560     148.990             185             185
  111        1308.427    1634.689        1309.039    1634.356             111             111
  130       -1823.271     576.953       -1822.958     577.528             130             130
  124        -202.785   -2361.096        -203.292   -2361.106             124             124
   16         517.481    2397.267         518.189    2397.121              16              16
   99       -2813.300   -1245.548       -2813.467   -1244.787              99              99
  220       -1200.835    -824.876       -1201.117    -824.685             220             220
  103       -2903.617     183.257       -2903.902     183.796             103             103
  208         335.701     -55.812         335.232     -55.976             208             208
   97        -141.589    1157.066        -141.714    1157.105              97              97
   35        1202.759    -390.027        1202.353    -390.235              35              35
  227         848.909     721.568         848.876     721.476             227             227
   47         858.479   -1788.451         857.953   -1788.650              47              47
  254        -110.657     487.784        -110.746     487.623             254             254
  180        2218.124    2103.177        2218.492    2102.777             180             180
   31         187.958    -683.944         187.841    -683.729              31              31
  182         503.775   -1623.524         503.415   -1623.619             182             182
  152        -499.090    -181.208        -499.174    -181.208             152             152
  187        -385.063    -774.877        -385.444    -774.997             187             187
  134         920.115    1781.889         920.301    1781.515             134             134
  208          77.323    1395.146          77.379    1395.222             208             208
  161        2468.878     282.836        2468.741     282.417             161             161
  253        1877.768     813.976        1877.992     813.736             253             253
   63        1254.413    -884.611        1254.322    -884.779              63              63
  164        1344.216    1466.232        1344.739    1466.088             164             164
  170         -57.450    -629.098         -57.472    -628.786             170             170
  163        2440.606    -793.208        2440.685    -793.563             163             163
   19        -782.638   -1925.373        -782.674   -1925.179              19              19
  228       -1501.586     -64.801       -1501.452     -64.583             228             228
  239        -732.875     799.162        -732.753     799.344             239             239
  119        1300.755     326.018        1300.898     325.884             119             119
  141       -1012.574    -956.079       -1012.651    -955.700             141             141
  254        -761.968    -855.358        -762.198    -855.204             254             254
   68         371.658     925.837         371.877     925.804              68              68
   57        -649.197    -743.492        -649.331    -743.194              57              57
   28        -987.555    -628.126        -987.795    -627.855              28              28
  165        -444.669    -351.015        -444.980    -350.941             165             165
  229         836.039    1308.250         836.136    1308.197             229             229
  109        1853.965    -907.581        1853.794    -907.722             109             109
   84        -774.901   -2339.897        -775.370   -2339.671              84              84
  206         755.007    -837.957         754.860    -838.373             206             206
    6        -909.328    2109.497        -908.749    2109.735               6               6
  142        -742.878    -332.032        -743.056    -331.508             142             142
  210        -567.847   -2728.567        -568.760   -2728.355             210             210
   77        1420.824     353.076        1420.722     352.710              77              77
  207         305.769   -1902.536         305.206   -1902.609             207             207
   57        2115.947    -587.519        2115.877    -588.185              57              57
   24        -754.510     -54.753        -754.361     -54.622              24              24
  139        -932.077    -782.222        -932.414    -781.984             139             139
   79        1418.286   -1820.346        1417.657   -1820.858              79              79
   99        1459.945    -470.998        1459.876    -471.683              99              99
   44         402.336     749.425         402.622     749.115              44              44
   89         844.702      -0.090         844.787      -0.383              89              89
  118         956.056    -868.544         956.000    -869.000             118             118
  242        1170.087    1575.212        1170.818    1574.783             242             242
   57        -890.231    -945.719        -890.116    -945.578              57              57
  205       -1244.798     246.572       -1244.618     246.618             205             205
  230         -75.556    1444.784         -75.173    1444.631             230             230
   30         568.414    1423.031         568.937    1422.917              30              30
  196       -1386.527     552.605       -1386.280     553.072             196             196
   64         992.108      45.293         992.277      45.065              64              64
  185       -2385.340    1597.722       -2384.842    1598.425             185             185
  127         817.364    1092.724         817.658    1092.876             127             127
   91       -1662.877   -1667.386       -1663.239   -1666.734              91              91
  142        -729.620    1110.776        -729.491    1111.143             142             142
  216         977.680   -1165.911         977.351   -1165.885             216             216
  118         137.891   -1172.593         137.832   -1172.545             118             118
   81       -2763.435    -592.147       -2763.549    -591.431              81              81
  247        -452.637    -465.160        -452.958    -465.058             247             247
   52        -854.093     -97.091        -854.312     -96.852              52              52
  118        -338.117    -892.306        -338.609    -892.279             118             118
  123          82.582    1135.734          82.597    1135.701             123             123
  233        1466.353    1216.489        1466.548    1216.495             233             233
   50         779.063   -2920.222         778.444   -2920.116              50              50
  229       -1972.431   -1687.952       -1972.905   -1687.514             229             229
   43         155.656    -531.633         155.216    -531.748              43              43
  194        1797.878   -2131.778        1797.259   -2132.448             194             194
   84        -541.834    -202.145        -541.857    -202.347              84              84
  206         877.435     261.758         877.491     261.283             206             206
  169         281.833     705.283         282.119     705.143             169             169
  156         331.910    -895.947         331.838    -896.080             156             156
   30        -969.981   -1261.275        -970.197   -1261.364              30              30
   61        -246.170    2503.726        -245.427    2503.601              61              61
  189       -2173.011    -604.791       -2173.330    -604.205             189             189
  218        1415.558    1075.568        1415.674    1075.164             218             218
   30        -762.506    -347.750        -762.624    -347.489              30              30
  144         225.315    -266.191         225.153    -266.299             144             144
   14         -41.467    -317.026         -41.569    -317.168              14              14
  238        -914.075    1390.870        -913.830    1391.083             238             238
   11         604.741    -334.390         604.461    -334.491              11              11
  208         855.894     575.920         856.047     575.784             208             208
   68        -344.830   -2327.755        -345.450   -2327.814              68              68
   17         392.338    1867.226         392.855    1866.839              17              17
   79        -476.542    1586.787        -476.110    1587.080              79              79
   20         260.907    -667.161         260.702    -667.003              20              20
  138       -1020.561   -1084.709       -1021.014   -1084.440             138             138
   76        1986.395    -285.001        1986.258    -285.753              76              76
  136        -190.644    1454.420        -190.080    1454.426             136             136
  163        -381.649    -121.191        -381.689    -120.996             163             163
   55        1804.380     574.217        1804.743     573.856              55              55
    7       -1144.962   -2007.147       -1145.133   -2006.880               7               7
  120       -2671.837     668.306       -2671.697     668.777             120             120
  187        1123.680    1639.401        1124.048    1639.073             187             187
  199        -570.079     315.270        -569.783     315.579             199             199
   46       -2345.381     557.809       -2345.240     558.655              46              46
  167        -847.050     -43.497        -847.299     -42.989             167             167
   51       -1067.170   -1350.108       -1067.876   -1349.654              51              51
   87        1083.755   -1050.459        1083.270   -1050.825              87              87
   24        -920.007   -1154.757        -920.372   -1154.764              24              24
   97       -1442.155     732.346       -1442.243     732.442              97              97
  181         690.622     947.277         690.586     946.916             181             181
  156        -693.242    1300.653        -693.126    1300.850             156             156
  212         101.509     758.280         101.326     758.395             212             212
  187        1493.274    -411.985        1492.887    -412.379             187             187
  134         787.793    1331.353         788.065    1331.168             134             134
   92        2106.912     152.741        2107.135     152.272              92              92
  114       -1750.678     198.198       -1750.463     198.712             114             114
  173         376.253    2573.852         376.964    2574.002             173             173
  156        -770.378     243.223        -770.303     244.041             156             156
  150       -1369.824   -1149.530       -1370.440   -1148.651             150             150
   97        1558.039   -1764.243        1557.304   -1764.516              97              97
  150        -397.606    -357.855        -397.757    -357.664             150             150
    4         158.924   -1539.982         158.350   -1540.086               4               4
   24        -287.343     857.154        -287.266     857.142              24              24
    1        1037.748     925.489        1037.899     925.401               1               1
   11         499.618    -582.818         499.517    -582.660              11              11
   44        -776.499    -319.917        -776.589    -319.379              44              44
  141        -136.464   -2366.653        -137.288   -2366.529             141             141
   68        -282.233     376.778        -282.295     376.854              68              68
   84         515.575    -939.935         515.105    -939.942              84              84
  159        1269.533   -1261.434        1269.189   -1261.774             159             159
  165        -636.340   -1762.209        -636.797   -1762.219             165             165
   84         636.264     337.079         636.456     336.654              84              84
   98       -1790.875    -972.830       -1791.202    -972.552              98              98
   13         850.483    2131.410         851.046    2131.051              13              13
   45       -2052.357     -17.957       -2052.584     -17.117              45              45
  202        2605.338    -673.472        2605.016    -674.156             202             202
   64       -1119.563    -472.282       -1119.546    -471.957              64              64
  170        -262.139     527.740        -261.984     527.919             170             170
   47        -953.090   -1563.231        -953.616   -1562.898              47              47
   54        -665.984    -242.170        -666.209    -242.113              54              54
   41        -446.897    -473.422        -447.189    -473.505              41              41
  103       -1560.282    1434.853       -1560.189    1435.204             103             103
   91        1226.093     980.526        1226.068     980.284              91              91
   11        -383.563    1059.653        -383.432    1060.121              11              11
  243        1935.686    -230.880        1935.699    -230.987             243             243
   26       -2959.691   -1349.425       -2960.097   -1348.113              26              26
   77          -3.461   -1805.572          -4.359   -1805.406              77              77
   57        -567.854   -1473.139        -568.571   -1473.010              57              57
   33        -135.752    -870.392        -136.282    -870.500              33              33
  169       -1029.855    -128.471       -1030.281    -128.272             169             169
  137        1577.283     304.351        1577.145     303.915             137             137
  151       -1058.272   -1010.099       -1058.645   -1009.678             151             151
  206        -881.797    -700.547        -882.242    -700.321             206             206
   83       -2133.377     450.375       -2133.762     451.135              83              83
    0        -160.634   -1439.503        -161.905   -1439.342               0               0
  212        1596.822    -456.827        1596.086    -457.329             212             212
  185        -140.988    -844.195        -141.795    -844.108             185             185
  207        2268.533    -904.350        2267.792    -905.048             207             207
  212        1106.699   -1779.676        1105.969   -1780.189             212             212
   93         424.965      74.634         424.799      74.272              93              93
  251        1225.160      19.702        1225.041      19.289             251             251
  255         358.178    -487.916         358.032    -487.954             255             255
   10        -608.465    -881.083        -608.845    -880.784              10              10
   66         -56.453   -2094.106         -57.315   -2094.171              66              66
  209        -541.305   -1004.175        -541.848   -1004.277             209             209
  194        -538.133    -782.011        -538.694    -782.120             194             194
    5        -598.670    -859.480        -599.342    -859.669               5               5
   78         149.820    1350.915         149.949    1350.686              78              78
  166       -2264.661    -585.771       -2265.331    -584.993             166             166
  230       -1069.040     505.925       -1069.763     506.493             230             230
  118         337.541   -3138.471         335.600   -3138.459             118             118
  162         776.501   -2104.420         775.125   -2105.026             162             162
  158       -1599.248   -1133.814       -1600.437   -1133.724             158             158
  146        -967.392   -1871.120        -969.293   -1871.391             146             146
  251         948.341     -16.675         946.962     -17.644             251             251
  156        -362.290    -444.116        -363.962    -444.582             156             156
  226         997.415    -425.846         995.416    -426.935             226             226
  247         818.018    2008.617         816.485    2007.683             247             247
   74        -497.931    2548.414        -500.469    2548.450              74              74
  223         921.376     399.207         914.739     399.038             223             223
