SINAL     NFT                         FFT                         NFT INVERSA     FFT INVERSA
-----     -----------------------     -----------------------     -----------     -----------
   40       63918.000       0.000       63918.000       0.000              40              40
  208        -190.903     943.211        -190.889     943.212             208             208
  162        -413.790   -1120.981        -413.778   -1120.979             162             162
  180         -72.091   -1192.079         -72.081   -1192.080             180             180
  145         531.581     315.197         531.595     315.195             145             145
  106         972.886     243.357         972.901     243.355             106             106
  250        -490.838      91.816        -490.821      91.818             250             250
    3       -1441.739     213.570       -1441.726     213.576               3               3
   55         482.947    -453.648         482.956    -453.651              55              55
   55        -349.397    -325.345        -349.386    -325.345              55              55
   57        -463.353     362.605        -463.339     362.603              57              57
  143        -959.596    1432.243        -959.580    1432.247             143             143
  152        1339.520    1535.187        1339.538    1535.183             152             152
  162        -597.300     437.526        -597.290     437.541             162             162
   88        2727.091      68.996        2727.102      68.987              88              88
  200         761.169   -1861.221         761.177   -1861.220             200             200
   44       -1653.860     121.051       -1653.844     121.073              44              44
   96        1337.970   -1855.964        1337.962   -1855.973              96              96
   64        -464.114   -1728.701        -464.116   -1728.705              64              64
  121       -1364.074     237.202       -1364.067     237.205             121             121
  221        1263.862     474.597        1263.868     474.574             221             221
  143        1502.377     129.499        1502.394     129.472             143             143
  133        -366.690    1662.124        -366.651    1662.127             133             133
   50         490.849    1319.426         490.878    1319.435              50              50
  140          89.108   -1366.840          89.098   -1366.831             140             140
   21         860.707    1293.121         860.740    1293.119              21              21
  223         -25.217   -1744.754         -25.231   -1744.740             223             223
   94         104.403   -1070.456         104.391   -1070.462              94              94
   38        1854.000    -646.187        1854.002    -646.233              38              38
  192          84.097     802.302          84.133     802.290             192             192
  254         763.489    1051.536         763.526    1051.527             254             254
    1         159.817     -93.096         159.834     -93.087               1               1
  175         935.547    -453.484         935.558    -453.497             175             175
   62          33.806    -560.794          33.817    -560.798              62              62
  216         771.656     462.360         771.688     462.338             216             216
  250         477.754    1039.380         477.808    1039.380             250             250
  129        -495.628     -83.223        -495.605     -83.190             129             129
   82        1184.583   -1358.228        1184.586   -1358.248              82              82
  151       -2432.860     -49.979       -2432.841     -49.925             151             151
  240         909.038     237.078         909.045     237.061             240             240
  255         284.849    -288.993         284.858    -288.991             255             255
   55         202.943    -597.426         202.942    -597.426              55              55
   86         844.962    -537.249         844.965    -537.272              86              86
  246        1330.940    -711.218        1330.961    -711.265             246             246
  173       -1214.739     -66.106       -1214.711     -66.093             173             173
  163        1868.188    1182.041        1868.259    1181.982             163             163
  223       -2168.298     296.263       -2168.258     296.334             223             223
    3        1346.709     441.272        1346.733     441.247               3               3
  120        1145.892    -625.372        1145.926    -625.399             120             120
   79        -497.689     619.972        -497.601     619.994              79              79
   89       -2886.535      14.497       -2886.511      14.606              89              89
   97        1250.759     121.236        1250.770     121.217              97              97
   68         520.839     -23.719         520.897     -23.702              68              68
  210       -2670.976   -1718.957       -2670.996   -1718.845             210             210
   27         184.085   -1364.893         184.059   -1364.909              27              27
    1       -1837.468    -208.297       -1837.454    -208.255               1               1
   50        -627.271    1064.224        -627.230    1064.254              50              50
    7        -962.299     -19.823        -962.300     -19.745               7               7
  179        -576.411   -2071.555        -576.501   -2071.504             179             179
   48         886.678   -1685.759         886.618   -1685.796              48              48
  106        -111.751   -1342.065        -111.773   -1342.077             106             106
   79       -1248.965   -2300.871       -1249.037   -2300.873              79              79
  192        -979.352     550.642        -979.342     550.626             192             192
  204        -415.462   -1115.292        -415.533   -1115.317             204             204
  116         257.765    -339.723         257.718    -339.801             116             116
  111        1359.688      71.294        1359.672      71.157             111             111
  120        2769.428    1890.788        2769.562    1890.602             120             120
  137       -1375.556    2434.821       -1375.379    2434.865             137             137
  123        -503.726    1362.499        -503.624    1362.542             123             123
  187       -2225.019     998.749       -2224.965     998.885             187             187
  108       -1138.995    -460.339       -1139.063    -460.262             108             108
  200         964.281     810.355         964.269     810.341             200             200
  223        2073.352   -1646.321        2073.291   -1646.406             223             223
  132         -99.752     -11.487         -99.699     -11.513             132             132
   93       -1048.603    1196.758       -1048.513    1196.801              93              93
  108       -2278.808     695.281       -2278.813     695.420             108             108
  159         820.117    -417.727         820.014    -417.734             159             159
  142        3468.682    -817.511        3468.649    -817.675             142             142
   97        -269.376      66.068        -269.309      66.076              97              97
  248       -1300.639     -35.559       -1300.649     -35.487             248             248
  209        2032.166    -698.703        2032.118    -698.819             209             209
   50        1201.357    1450.835        1201.485    1450.791              50              50
  102         220.823   -1505.721         220.823   -1505.698             102             102
   72       -2152.929   -1193.840       -2152.963   -1193.751              72              72
  134        -239.717     419.134        -239.718     419.126             134             134
   54        -437.788    -878.214        -437.879    -878.205              54              54
  239        2437.861    -298.887        2437.847    -299.058             239             239
   96       -1464.621      38.879       -1464.613      38.924              96              96
  254        1422.028       9.125        1421.992       9.009             254             254
  168        1223.869     235.117        1223.871     235.012             168             168
   54        3481.008     225.470        3481.092     225.231              54              54
    6        -703.876     897.196        -703.719     897.207               6               6
    3         504.560    1226.471         504.700    1226.454               3               3
  190        -636.732    -703.084        -636.717    -703.032             190             190
  127        -355.422    -492.399        -355.448    -492.414             127             127
    8        3026.499     245.629        3026.594     245.386               8               8
  106       -2281.998    1028.745       -2281.839    1028.829             106             106
  139         197.879    2014.286         198.022    2014.258             139             139
  251        1163.913    1189.450        1164.061    1189.401             251             251
   26       -1226.515    1284.730       -1226.353    1284.857              26              26
  196        -840.257    -180.562        -840.244    -180.467             196             196
  212          29.297     699.737          29.354     699.758             212             212
  168         501.998     482.936         502.061     482.933             168             168
   13         428.592     661.788         428.694     661.787              13              13
   74        -281.427    2019.044        -281.231    2019.149              74              74
   50         436.949     296.964         437.039     297.091              50              50
   83        -524.271   -1719.505        -524.306   -1719.332              83              83
  224       -1085.325   -2906.807       -1085.480   -2906.692             224             224
  195         942.274   -1883.140         942.213   -1883.265             195             195
  108       -1462.655    1167.153       -1462.480    1167.241             108             108
   13       -1149.532   -2594.722       -1149.667   -2594.661              13              13
  198       -1258.328     382.399       -1258.282     382.416             198             198
   16        -437.899    -836.435        -437.940    -836.475              16              16
  135       -1500.773     738.316       -1500.711     738.323             135             135
  212       -1486.275    2956.167       -1486.122    2956.277             212             212
  236         787.563     297.149         787.506     297.177             236             236
   90        2398.829    -846.353        2398.807    -846.492              90              90
  162       -1105.026      29.143       -1104.941      29.243             162             162
   11        -203.234   -1259.903        -203.297   -1259.917              11              11
  203        -488.518    1577.694        -488.370    1577.704             203             203
  237         -77.741     698.251         -77.660     698.308             237             237
  253        -435.866     317.432        -435.811     317.561             253             253
   34        -383.521   -2413.735        -383.692   -2413.666              34              34
    6        -434.593    -774.376        -434.652    -774.397               6               6
  180         607.040    -124.635         607.047    -124.740             180             180
   72         224.579    -242.865         224.628    -242.954              72              72
  124        -846.816    1482.734        -846.636    1482.764             124             124
  236        -809.464      26.807        -809.443      26.858             236             236
  155         189.831    1717.994         189.999    1718.000             155             155
  188          23.437    -667.762          23.462    -667.729             188             188
   19       -2205.570     448.883       -2205.494     449.057              19              19
  190       -1076.575    1541.971       -1076.502    1542.113             190             190
  166        1225.815    -368.901        1225.774    -368.922             166             166
   55         -89.812    -418.505         -89.759    -418.456              55              55
   17       -2857.896     370.219       -2857.861     370.524              17              17
  138        -342.663    -827.844        -342.833    -827.744             138             138
    3         930.679   -1230.287         930.531   -1230.344               3               3
  208        -108.654   -1282.646        -108.765   -1282.671             208             208
   26         313.273    -175.261         313.266    -175.346              26              26
   79         -26.051    -167.220         -26.034    -167.263              79              79
  205        -666.830    -128.450        -666.827    -128.456             205             205
  120        -729.792    1864.007        -729.662    1864.080             120             120
   16        1076.202    -735.597        1076.110    -735.639              16              16
  224         478.410    -888.217         478.368    -888.285             224             224
   15         572.177     865.921         572.353     865.861              15              15
  169       -2000.523    -891.792       -2000.554    -891.589             169             169
  101        -653.049   -1014.705        -653.183   -1014.715             101             101
  159        -203.120    1607.731        -203.018    1607.725             159             159
  121         744.978   -1503.975         744.808   -1504.059             121             121
  126        1411.337     325.490        1411.459     325.287             126             126
   67       -2448.132    -947.663       -2448.174    -947.526              67              67
  226        -199.901     939.803        -199.880     939.671             226             226
  183         842.001    2134.068         842.184    2133.905             183             183
   36        1169.475    2002.896        1169.756    2002.791              36              36
    0       -2125.261    1892.027       -2125.031    1892.334              -0              -0
  236         256.356     551.337         256.374     551.450             236             236
  174        -755.139    -506.632        -755.257    -506.463             174             174
   27        3047.428      69.715        3047.468      69.458              27              27
  117         -95.903     574.625         -95.641     574.728             117             117
   95       -3665.373   -1409.007       -3665.493   -1408.564              95              95
   93         677.327    -835.564         677.151    -835.660              93              93
   67         360.495     291.524         360.533     291.451              67              67
  113         -35.038     920.450         -34.898     920.507             113             113
   17       -1126.381   -2221.395       -1126.608   -2221.285              17              17
   77        -704.669     721.271        -704.669     721.265              77              77
   12         951.197    -534.191         951.069    -534.372              12              12
   59        1345.469    1564.748        1345.667    1564.530              59              59
  124           9.878     613.879          10.015     613.851             124             124
   44          16.200    1844.411          16.445    1844.427              44              44
  100         974.079     383.482         974.231     383.429             100             100
  192       -2050.875     598.669       -2050.736     598.885             192             192
  131         164.960    4002.558         165.408    4002.713             131             131
  132        -965.553   -2286.264        -965.795   -2285.946             132             132
  218        -435.484      85.905        -435.513      85.987             218             218
  111         393.739    1660.279         393.906    1660.371             111             111
   30        -108.398   -1170.714        -108.532   -1170.538              30              30
   82         825.768    -156.681         825.791    -156.672              82              82
  102       -1119.808    -587.219       -1119.845    -586.985             102             102
  242        -143.597     -51.001        -143.651     -50.851             242             242
  243         845.626   -1446.145         845.440   -1446.091             243             243
  214         336.246   -3415.473         335.853   -3415.537             214             214
  165        1885.100      76.455        1885.201      76.124             165             165
  253        -405.568    -837.855        -405.518    -837.888             253             253
  176         225.912     661.749         226.123     661.658             176             176
   55        -715.190    -724.689        -715.132    -724.680              55              55
  141       -1575.263    1699.045       -1575.002    1699.184             141             141
   83         355.226     209.786         355.302     209.754              83              83
   49        -149.872    1883.144        -149.476    1883.237              49              49
  216       -3594.170    -216.063       -3594.148    -215.491             216             216
   22       -1215.168     360.943       -1215.265     361.217              22              22
   64         193.516    -851.636         193.291    -851.547              64              64
   36         731.618    -417.562         731.536    -417.588              36              36
  104        -163.696    -177.891        -163.718    -177.801             104             104
   67         554.789     -46.187         554.787     -46.155              67              67
  126        1598.093    -257.193        1598.219    -257.228             126             126
  242       -2236.139   -2779.564       -2236.318   -2779.203             242             242
   32       -2183.960    -855.854       -2184.112    -855.599              32              32
   19         758.152   -1792.450         757.890   -1792.623              19              19
  171       -1097.489     921.270       -1097.332     921.383             171             171
   68       -1340.842   -2130.699       -1341.164   -2130.542              68              68
  210        -893.007    -662.893        -893.227    -662.922             210             210
  124         318.293     623.035         318.207     622.888             124             124
   66        2667.450     396.221        2667.507     395.843              66              66
  164        -396.721    -117.777        -396.624    -117.745             164             164
   25         506.152     297.972         506.283     297.883              25              25
  252        -189.787     375.350        -189.591     375.386             252             252
  238       -1696.871     -41.753       -1696.801     -41.512             238             238
  134        -330.397    1041.511        -330.225    1041.638             134             134
   62       -1746.215    -942.285       -1746.349    -941.932              62              62
  225        -722.132   -1123.736        -722.391   -1123.621             225             225
   92         952.653    -139.969         952.608    -140.103              92              92
  156       -1089.671    -362.643       -1089.716    -362.470             156             156
  108        -201.112    -614.763        -201.277    -614.713             108             108
   16        1611.017   -1101.314        1610.903   -1101.582              16              16
  140        -960.937    1308.970        -960.665    1309.155             140             140
  229         718.045   -2790.765         717.766   -2790.832             229             229
  127       -1080.399    -406.915       -1080.260    -406.873             127             127
   65       -3509.455    -974.151       -3509.589    -973.783              65              65
  237        -585.627     824.883        -585.637     824.869             237             237
  100       -1730.363     113.379       -1730.501     113.633             100             100
  225         227.585   -1034.796         227.233   -1034.852             225             225
  191        1373.276    -666.251        1373.123    -666.559             191             191
  145        -129.452     603.821        -129.314     603.753             145             145
    1       -1087.075      40.955       -1087.075      41.104               1               1
  226        -930.577   -1194.053        -930.870   -1193.988             226             226
    2        1367.388    -325.293        1367.297    -325.676               2               2
  172        -541.943    2108.101        -541.558    2108.132             172             172
  220       -1965.117    -908.868       -1965.301    -908.536             220             220
   80        -487.589   -1309.668        -487.943   -1309.734              80              80
   10        -503.674     666.083        -503.766     665.949              10              10
   67         961.428    1716.801         961.506    1716.570              67              67
   38        1807.659     567.617        1807.743     567.338              38              38
   71        -573.718    1253.603        -573.465    1253.735              71              71
   24        -763.897    -582.779        -764.027    -582.620              24              24
   88        -810.263    -138.557        -810.451    -138.504              88              88
   65        1696.883    1281.663        1696.960    1281.368              65              65
   73         186.859     819.404         186.960     819.433              73              73
  213         829.965     763.552         830.076     763.556             213             213
  208        -661.539   -1141.200        -661.765   -1141.021             208             208
  215         810.681     437.203         810.616     437.112             215             215
  155        2606.057    -954.893        2605.948    -955.267             155             155
   23         651.067    -755.383         651.165    -755.584              23              23
  104       -1116.789    1624.652       -1116.408    1624.810             104             104
  203        -338.964   -1025.888        -339.128   -1025.815             203             203
  103         586.928     777.360         587.062     777.245             103             103
   83        1127.742    -237.078        1127.864    -237.243              83              83
  114       -1582.402     724.618       -1582.130     724.921             114             114
   90        -764.185   -1053.851        -764.309   -1053.674              90              90
  194       -1652.852   -1548.206       -1653.154   -1548.099             194             194
  202        -236.399    2332.466        -236.165    2332.417             202             202
  106         322.983    -652.776         322.752    -652.794             106             106
  255        1881.921    -282.945        1881.928    -283.348             255             255
   76       -1247.067     119.941       -1246.949     119.929              76              76
  139        -224.175    4584.559        -223.437    4584.650             139             139
   15        -915.089    -408.673        -915.243    -408.249              15              15
  175        1853.374     236.776        1853.425     236.628             175             175
  100       -1894.000      -0.481       -1894.000       0.000             100             100
  233        1853.477    -236.472        1853.425    -236.624             233             233
   90        -915.403     407.813        -915.245     408.246              90              90
   54        -222.662   -4584.741        -223.424   -4584.649              54              54
  114       -1246.827    -119.919       -1246.949    -119.930             114             114
  216        1881.933     283.775        1881.926     283.353             216             216
  185         322.511     652.814         322.752     652.794             185             185
  232        -235.913   -2332.364        -236.161   -2332.415             232             232
   99       -1653.481    1547.980       -1653.157    1548.096              99              99
  181        -764.447    1053.482        -764.312    1053.673             181             181
   17       -1581.833    -725.254       -1582.128    -724.925              17              17
   95        1127.998     237.430        1127.864     237.248              95              95
   99         587.214    -777.117         587.065    -777.243              99              99
   44        -339.311    1025.733        -339.131    1025.813              44              44
   80       -1115.979   -1624.991       -1116.404   -1624.814              80              80
  230         651.269     755.812         651.161     755.586             230             230
   48        2605.822     955.698        2605.946     955.271              48              48
  119         810.542    -437.005         810.616    -437.110             119             119
  236        -662.030    1140.814        -661.768    1141.020             236             236
  138         830.208    -763.555         830.078    -763.552             138             138
    9         187.080    -819.464         186.961    -819.431               9               9
  116        1697.052   -1281.014        1696.961   -1281.364             116             116
   89        -810.673     138.439        -810.449     138.502              89              89
  228        -764.186     582.428        -764.030     582.619             228             228
   32        -573.159   -1253.897        -573.463   -1253.736              32              32
  208        1807.846    -566.992        1807.744    -567.333             208             208
   46         961.607   -1716.288         961.510   -1716.570              46              46
   19        -503.879    -665.783        -503.765    -665.949              19              19
  192        -488.388    1309.815        -487.946    1309.734             192             192
  197       -1965.539     908.115       -1965.307     908.532             197             197
   84        -541.066   -2108.173        -541.552   -2108.134              84              84
  227        1367.180     326.169        1367.295     325.681             227             227
   27        -931.249    1193.903        -930.871    1193.988              27              27
  126       -1087.076     -41.301       -1087.076     -41.106             126             126
   23        -129.132    -603.666        -129.312    -603.754              23              23
  221        1372.920     666.974        1373.121     666.565             221             221
   79         226.762    1034.928         227.231    1034.853              79              79
  128       -1730.688    -113.980       -1730.503    -113.637             128             128
  159        -585.646    -824.853        -585.634    -824.871             159             159
  178       -3509.774     973.272       -3509.592     973.774             178             178
  164       -1080.070     406.810       -1080.260     406.870             164             164
   32         717.369    2790.926         717.759    2790.833              32              32
   45        -960.281   -1309.415        -960.661   -1309.156              45              45
  128        1610.740    1101.962        1610.901    1101.585             128             128
   58        -201.512     614.643        -201.278     614.714              58              58
  149       -1089.782     362.218       -1089.717     362.466             149             149
  177         952.545     140.301         952.609     140.108             177             177
  241        -722.769    1123.451        -722.394    1123.618             241             241
  186       -1746.548     941.411       -1746.351     941.929             186             186
  191        -329.969   -1041.826        -330.223   -1041.638             191             191
   22       -1696.696      41.150       -1696.800      41.509              22              22
  111        -189.295    -375.442        -189.590    -375.387             111             111
  252         506.479    -297.745         506.282    -297.881             252             252
  116        -396.479     117.698        -396.626     117.745             116             116
   56        2667.596    -395.256        2667.508    -395.837              56              56
   66         318.076    -622.660         318.209    -622.886              66              66
  179        -893.570     662.966        -893.226     662.921             179             179
  117       -1341.678    2130.293       -1341.170    2130.539             117             117
  157       -1097.083    -921.564       -1097.332    -921.384             157             157
   61         757.464    1792.901         757.884    1792.624              61              61
   23       -2184.360     855.185       -2184.114     855.595              23              23
  251       -2236.617    2778.608       -2236.325    2779.195             251             251
   30        1598.425     257.288        1598.218     257.232              30              30
  214         554.784      46.101         554.786      46.154             214             214
  154        -163.755     177.651        -163.718     177.801             154             154
   26         731.394     417.633         731.534     417.588              26              26
  208         192.908     851.395         193.290     851.547             208             208
  207       -1215.428    -361.690       -1215.263    -361.220             207             207
   57       -3594.109     214.494       -3594.147     215.486              57              57
   10        -148.779   -1883.400        -149.471   -1883.238              10              10
  136         355.436    -209.695         355.302    -209.752             136             136
  189       -1574.534   -1699.435       -1574.997   -1699.188             189             189
   75        -715.028     724.657        -715.132     724.677              75              75
  146         226.504    -661.496         226.125    -661.658             146             146
  150        -405.430     837.949        -405.520     837.888             150             150
  198        1885.386     -75.508        1885.202     -76.117             198             198
  156         335.120    3415.655         335.848    3415.537             156             156
  223         845.088    1445.992         845.436    1446.091             223             223
  189        -143.755      50.569        -143.653      50.851             189             189
   54       -1119.917     586.537       -1119.847     586.981              54              54
   81         825.835     156.654         825.791     156.672              81              81
  109        -108.799    1170.196        -108.536    1170.537             109             109
   22         394.236   -1660.548         393.909   -1660.370              22              22
  246        -435.569     -86.148        -435.513     -85.988             246             246
  217        -966.279    2285.315        -965.799    2285.944             217             217
  202         166.318   -4003.021         165.418   -4002.712             202             202
   33       -2050.454    -599.327       -2050.735    -598.890              33              33
  173         974.541    -383.314         974.232    -383.424             173             173
  175          16.952   -1844.461          16.449   -1844.428             175             175
  146          10.300    -613.793          10.017    -613.851             146             146
  246        1346.086   -1564.073        1345.670   -1564.527             246             246
   55         950.801     534.758         951.068     534.375              55              55
   86        -704.667    -721.254        -704.666    -721.267              86              86
   74       -1127.104    2221.045       -1126.615    2221.281              74              74
  132         -34.593    -920.628         -34.897    -920.506             132             132
  152         360.616    -291.292         360.534    -291.451             152             152
   60         676.762     835.873         677.150     835.661              60              60
  231       -3665.764    1407.555       -3665.495    1408.553             231             231
    5         -95.051    -574.957         -95.640    -574.728               5               5
  141        3047.562     -68.860        3047.469     -69.449             141             141
   47        -755.522     506.074        -755.256     506.461              47              47
   49         256.419    -551.707         256.376    -551.449              49              49
   83       -2124.490   -1893.051       -2125.026   -1892.337              83              83
  150        1170.424   -2002.540        1169.761   -2002.788             150             150
   24         842.627   -2133.516         842.190   -2133.903              24              24
  233        -199.823    -939.358        -199.877    -939.672             233             233
  179       -2448.278     947.191       -2448.176     947.523             179             179
   62        1411.751    -324.787        1411.456    -325.284              62              62
  241         744.386    1504.266         744.806    1504.060             241             241
  231        -202.759   -1607.711        -203.014   -1607.725             231             231
  219        -653.524    1014.740        -653.186    1014.715             219             219
   55       -2000.633     891.071       -2000.556     891.584              55              55
   29         572.805    -865.705         572.354    -865.860              29              29
  127         478.258     888.464         478.367     888.287             127             127
  156        1075.870     735.754        1076.110     735.643             156             156
  194        -729.315   -1864.273        -729.658   -1864.081             194             194
  238        -666.817     128.469        -666.826     128.453             238             238
  166         -25.992     167.384         -26.037     167.265             166             166
  101         313.247     175.578         313.265     175.348             101             101
  140        -109.075    1282.741        -108.769    1282.672             140             140
   70         930.121    1230.503         930.530    1230.346              70              70
   24        -343.313     827.463        -342.835     827.742              24              24
  144       -2857.765    -371.392       -2857.862    -370.530             144             144
   69         -89.612     418.315         -89.762     418.455              69              69
  241        1225.657     368.984        1225.774     368.924             241             241
   32       -1076.287   -1542.530       -1076.497   -1542.117              32              32
  208       -2205.268    -449.571       -2205.492    -449.062             208             208
   28          23.533     667.631          23.459     667.728              28              28
  231         190.508   -1718.017         190.001   -1718.000             231             231
  240        -809.378     -27.023        -809.443     -26.861             240             240
   23        -846.071   -1482.858        -846.632   -1482.764              23              23
  175         224.772     243.237         224.626     242.956             175             175
  240         607.076     125.076         607.049     124.742             240             240
    6        -434.845     774.462        -434.655     774.396               6               6
   82        -384.249    2413.453        -383.696    2413.668              82              82
  198        -435.633    -317.976        -435.811    -317.561             198             198
  255         -77.391    -698.495         -77.659    -698.309             255             255
  146        -487.870   -1577.739        -488.366   -1577.705             146             146
  221        -203.511    1259.965        -203.299    1259.917             221             221
    1       -1104.658     -29.583       -1104.942     -29.245               1               1
   29        2398.730     846.974        2398.805     846.495              29              29
  177         787.312    -297.271         787.507    -297.175             177             177
  223       -1485.572   -2956.666       -1486.114   -2956.280             223             223
   99       -1500.489    -738.361       -1500.709    -738.329              99              99
  101        -438.089     836.614        -437.941     836.474             101             101
  181       -1258.108    -382.487       -1258.280    -382.419             181             181
   38       -1150.179    2594.436       -1149.673    2594.660              38              38
  234       -1461.827   -1167.571       -1462.476   -1167.243             234             234
  226         941.977    1883.738         942.209    1883.266             226             226
  250       -1086.087    2906.248       -1085.488    2906.689             250             250
    1        -524.440    1718.667        -524.307    1719.331               1               1
  209         437.390    -297.580         437.041    -297.090             209             209
  200        -280.455   -2019.557        -281.227   -2019.149             200             200
   24         429.109    -661.782         428.698    -661.787              24              24
  222         502.317    -482.921         502.063    -482.932             222             222
  121          29.589    -699.843          29.356    -699.758             121             121
  205        -840.190     180.067        -840.245     180.464             205             205
   49       -1225.666   -1285.396       -1226.349   -1284.862              49              49
  103        1164.694   -1189.189        1164.066   -1189.397             103             103
    9         198.646   -2014.138         198.029   -2014.257               9               9
  225       -2281.144   -1029.200       -2281.837   -1028.831             225             225
   98        3027.015    -244.290        3026.596    -245.377              98              98
  246        -355.561     492.479        -355.447     492.414             246             246
  143        -636.658     702.799        -636.720     703.032             143             143
  122         505.350   -1226.374         504.703   -1226.453             122             122
  203        -702.983    -897.263        -703.717    -897.209             203             203
   74        3481.487    -224.085        3481.093    -225.222              74              74
    5        1223.885    -234.501        1223.872    -235.008               5               5
   65        1421.820      -8.443        1421.993      -9.005              65              65
   82       -1464.577     -39.155       -1464.613     -38.928              82              82
  248        2437.777     299.926        2437.846     299.065             248             248
  234        -438.341     878.158        -437.881     878.204             234             234
   31        -239.720    -419.085        -239.717    -419.127              31              31
   31       -2153.141    1193.273       -2152.965    1193.745              31              31
   37         220.815    1505.586         220.819    1505.700              37              37
   35        1202.180   -1450.547        1201.491   -1450.787              35              35
  123        2031.858     699.454        2032.117     698.821             123             123
  157       -1300.706      35.081       -1300.649      35.484             157             157
  201        -268.941     -66.128        -269.310     -66.077             201             201
  108        3468.454     818.633        3468.646     817.685             108             108
  120         819.418     417.779         820.012     417.735             120             120
  143       -2278.838    -696.249       -2278.811    -695.427             143             143
  169       -1047.979   -1197.059       -1048.511   -1196.804             169             169
   59         -99.380      11.672         -99.700      11.513              59              59
   81        2072.909    1646.932        2073.288    1646.410              81              81
  223         964.209    -810.243         964.273    -810.338             223             223
  221       -1139.497     459.762       -1139.065     460.259             221             221
   99       -2224.614    -999.772       -2224.962    -998.891              99              99
    1        -502.955   -1362.822        -503.621   -1362.542               1               1
   20       -1374.183   -2435.158       -1375.370   -2434.867              20              20
    6        2770.468   -1889.335        2769.565   -1890.594               6               6
  185        1359.568     -70.206        1359.672     -71.152             185             185
  140         257.390     340.344         257.718     339.801             140             140
   69        -416.056    1115.504        -415.536    1115.318              69              69
   98        -979.263    -550.523        -979.340    -550.628              98              98
  109       -1249.601    2300.876       -1249.044    2300.872             109             109
    7        -111.949    1342.168        -111.775    1342.078               7               7
  119         886.137    1686.096         886.614    1685.799             119             119
  176        -577.231    2071.104        -576.507    2071.504             176             176
   98        -962.310      19.116        -962.301      19.744              98              98
  197        -626.887   -1064.499        -627.228   -1064.255             197             197
  159       -1837.337     207.874       -1837.454     208.250             159             159
   46         183.820    1365.046         184.055    1364.909              46              46
  244       -2671.183    1717.837       -2670.999    1718.837             244             244
   13         521.417      23.553         520.898      23.702              13              13
  220        1250.891    -121.034        1250.774    -121.215             220             220
   59       -2886.291     -15.644       -2886.511     -14.612              59              59
  154        -496.759    -620.209        -497.598    -619.995             154             154
  233        1146.244     625.666        1145.924     625.400             233             233
  147        1346.996    -440.980        1346.736    -441.243             147             147
  130       -2167.847    -297.088       -2168.257    -296.340             130             130
  155        1869.011   -1181.342        1868.262   -1181.976             155             155
    4       -1214.406      65.931       -1214.710      66.089               4               4
   55        1331.171     711.789        1330.958     711.268              55              55
    1         844.993     537.545         844.965     537.275               1               1
  196         202.923     597.433         202.940     597.428             196             196
  179         284.965     288.967         284.857     288.992             179             179
   41         909.138    -236.834         909.046    -237.057              41              41
   47       -2432.591      49.222       -2432.840      49.919              47              47
  163        1184.611    1358.519        1184.583    1358.251             163             163
   74        -495.296      82.748        -495.604      83.189              74              74
   21         478.560   -1039.362         477.811   -1039.378              21              21
  252         772.154    -462.017         771.690    -462.335             252             252
  212          33.971     560.859          33.815     560.799             212             212
  113         935.734     453.698         935.558     453.498             113             113
  215         160.097      92.956         159.834      93.088             215             215
   13         764.164   -1051.359         763.531   -1051.524              13              13
   13          84.745    -802.078          84.134    -802.289              13              13
  188        1854.039     647.049        1854.002     646.237             188             188
   24         104.148    1070.564         104.388    1070.462              24              24
   94         -25.526    1744.470         -25.235    1744.740              94              94
  249         861.404   -1293.060         860.743   -1293.117             249             249
  122          88.885    1366.650          89.096    1366.832             122             122
  226         491.549   -1319.601         490.882   -1319.432             226             226
  195        -365.751   -1662.199        -366.647   -1662.127             195             195
  103        1502.786    -128.807        1502.394    -129.469             103             103
   24        1264.039    -473.983        1263.870    -474.573              24              24
    3       -1363.865    -237.302       -1364.066    -237.207               3               3
  188        -464.187    1728.806        -464.120    1728.705             188             188
  237        1337.699    1856.273        1337.957    1855.977             237             237
  143       -1653.351    -121.769       -1653.845    -121.077             143             143
  120         761.342    1861.214         761.171    1861.221             120             120
   89        2727.486     -68.563        2727.103     -68.980              89              89
  169        -596.900    -438.140        -597.291    -437.543             169             169
  102        1340.341   -1534.979        1339.542   -1535.181             102             102
  139        -958.810   -1432.499        -959.577   -1432.250             139             139
   46        -462.645    -362.554        -463.339    -362.604              46              46
   37        -348.771     325.361        -349.388     325.345              37              37
   20         483.514     453.795         482.955     453.651              20              20
  222       -1440.753    -214.103       -1441.724    -213.579             222             222
  170        -489.446     -91.986        -490.822     -91.819             170             170
  100         974.457    -243.002         972.902    -243.353             100             100
  143         533.296    -314.864         531.596    -315.193             143             143
   35         -70.355    1192.143         -72.082    1192.081              35              35
  186        -410.820    1120.611        -413.781    1120.980             186             186
  197        -183.769    -943.467        -190.887    -943.214             197             197
