SINAL     NFT                         FFT                         NFT INVERSA     FFT INVERSA
-----     -----------------------     -----------------------     -----------     -----------
  210       64843.000       0.000       64843.000       0.000             210             210
  216        1392.909   -2165.982        1392.922   -2165.983             216             216
   11          60.904    -631.638          60.918    -631.638              11              11
  224       -1315.156   -1737.544       -1315.144   -1737.544             224             224
   79        -865.158    2069.376        -865.142    2069.378              79              79
   97        -107.222    -166.656        -107.212    -166.654              97              97
  111         723.595     370.856         723.607     370.857             111             111
  222        1419.508   -1968.987        1419.511   -1968.991             222             222
  121        1838.150     732.486        1838.168     732.476             121             121
   22         693.810     -43.075         693.828     -43.074              22              22
  194        -158.550   -1801.703        -158.544   -1801.702             194             194
  106         867.349     309.329         867.367     309.319             106             106
  213        -230.509     991.287        -230.484     991.292             213             213
  251         544.369   -1072.009         544.377   -1072.009             251             251
   17         677.288    -475.327         677.307    -475.330              17              17
  233       -1981.009   -1798.674       -1981.008   -1798.661             233             233
  161         312.784    -450.902         312.790    -450.916             161             161
   56        -337.427    -507.881        -337.419    -507.893              56              56
  139        -455.692    2411.678        -455.657    2411.675             139             139
  119         745.714    -207.234         745.723    -207.244             119             119
  116       -1107.244    1210.665       -1107.222    1210.675             116             116
  223        1316.138     860.274        1316.152     860.259             223             223
   64         635.249    1600.222         635.281    1600.225              64              64
  180         539.795    -224.017         539.799    -224.004             180             180
  237        2451.654   -2327.125        2451.640   -2327.163             237             237
  137        -522.053    1146.446        -522.007    1146.442             137             137
  142        -130.533     956.367        -130.500     956.375             142             142
   22        -215.481    -536.112        -215.479    -536.103              22              22
  111        1652.698     414.640        1652.723     414.610             111             111
   61         497.704     532.783         497.747     532.781              61              61
   41        -166.649    -705.127        -166.626    -705.123              41              41
   28       -2070.628    -145.733       -2070.614    -145.712              28              28
  152         603.586    3832.888         603.672    3832.889             152             152
   57          39.381   -1257.807          39.377   -1257.775              57              57
   41       -1353.538    -553.389       -1353.538    -553.351              41              41
  182         109.789    -607.345         109.779    -607.351             182             182
  107        -326.600    1062.619        -326.569    1062.626             107             107
    7        -672.954     677.667        -672.944     677.701               7               7
  241        1185.107   -1006.713        1185.081   -1006.731             241             241
   55         350.001     713.098         350.031     713.093              55              55
  196         145.005    -282.884         145.011    -282.883             196             196
  195       -1396.025    1536.651       -1395.995    1536.705             195             195
  143        1010.690    -832.773        1010.635    -832.770             143             143
   38        3177.545    -999.758        3177.520    -999.839              38              38
   88        1348.708     651.666        1348.758     651.632              88              88
  223        2276.734    -424.233        2276.779    -424.288             223             223
  203       -1175.776    1226.768       -1175.679    1226.829             203             203
  205        -929.591   -2535.459        -929.640   -2535.419             205             205
  218         114.721    1152.393         114.775    1152.385             218             218
  252          16.502    -263.929          16.524    -263.905             252             252
   42       -1601.464   -1284.997       -1601.496   -1284.938              42              42
  155         358.587    -626.508         358.558    -626.533             155             155
  152         294.294     834.186         294.321     834.176             152             152
   15        1026.609    -787.473        1026.598    -787.498              15              15
  116        -556.418     -67.854        -556.407     -67.833             116             116
  208        1186.276    -552.329        1186.272    -552.361             208             208
  115        -777.761   -1775.522        -777.809   -1775.521             115             115
   91         848.825    1697.685         848.896    1697.634              91              91
  217        -490.458   -1151.082        -490.487   -1151.070             217             217
  222         291.058     921.324         291.091     921.304             222             222
   30         713.821   -1666.110         713.773   -1666.162              30              30
   74       -1257.178     420.831       -1257.175     420.811              74              74
  146        2407.569    3033.186        2407.677    3033.065             146             146
  100         388.002    1968.893         388.098    1968.916             100             100
  218        1716.638     195.537        1716.675     195.512             218             218
  201         443.055     386.308         443.121     386.334             201             201
   61         511.254   -1445.450         511.250   -1445.455              61              61
  216       -1450.214    1088.599       -1450.134    1088.678             216             216
   62         -11.161   -2361.910         -11.263   -2361.915              62              62
  239         338.908     762.013         338.950     761.949             239             239
  167         328.460    1483.333         328.540    1483.307             167             167
  244         236.075     822.194         236.119     822.200             244             244
  215        1855.220     417.039        1855.283     416.971             215             215
  217       -1005.271     526.021       -1005.189     526.086             217             217
  165        -504.147     477.636        -504.100     477.683             165             165
  171       -1422.223     391.456       -1422.222     391.553             171             171
  146        1028.617      18.865        1028.581      18.846             146             146
   40        1500.849    -847.563        1500.809    -847.642              40              40
  227        1976.217    1773.230        1976.366    1773.128             227             227
  219        -796.473    2343.259        -796.285    2343.396             219             219
  236        -460.642   -3741.705        -460.805   -3741.628             236             236
  213        -318.859     767.575        -318.805     767.567             213             213
   15         201.809     558.396         201.851     558.409              15              15
  186        -314.202    -216.038        -314.207    -215.993             186             186
   42          38.916     123.020          38.907     123.051              42              42
  242        1431.976   -1996.245        1431.866   -1996.346             242             242
  132        1861.721    2433.811        1861.929    2433.685             132             132
  150       -2335.287    1100.077       -2335.185    1100.271             150             150
  255        1127.701      79.168        1127.696      79.190             255             255
   21         465.020   -1129.818         464.988   -1129.774              21              21
  121        -473.124   -1987.401        -473.231   -1987.363             121             121
  218        1578.319    -361.505        1578.308    -361.619             218             218
  221        1788.796    -640.215        1788.853    -640.347             221             221
   99       -2035.988     -43.669       -2035.919     -43.592              99              99
  179         333.458     731.339         333.515     731.276             179             179
  198         231.452    2640.059         231.653    2640.084             198             198
  177        -401.414   -1037.835        -401.445   -1037.743             177             177
  149         129.543     100.575         129.574     100.596             149             149
  110         622.138    -876.006         622.139    -876.036             110             110
   16       -1808.029     316.857       -1807.987     316.958              16              16
   33        1259.147     673.275        1259.197     673.200              33              33
   90        -210.336     996.315        -210.218     996.373              90              90
   14        -675.757     -23.457        -675.734     -23.346              14              14
  117         270.446    -244.091         270.453    -244.042             117             117
   93        -761.243   -1429.919        -761.325   -1429.833              93              93
  187         157.062    -808.292         156.997    -808.316             187             187
  204        1411.061     170.510        1411.116     170.409             204             204
  245        -906.797    -697.687        -906.781    -697.629             245             245
  114        -758.418    -391.981        -758.440    -391.964             114             114
  145        1262.838     561.719        1262.924     561.595             145             145
  195       -2570.114    1290.921       -2570.012    1291.118             195             195
  228        1803.911    -450.901        1803.873    -451.003             228             228
  143        -528.703     668.927        -528.589     668.981             143             143
  113        -978.797     769.077        -978.714     769.227             113             113
  246        -704.916   -2492.906        -705.099   -2492.828             246             246
  114       -1324.186     416.424       -1324.207     416.492             114             114
   59        1185.290    -783.459        1185.181    -783.564              59              59
  214         600.531     -47.572         600.550     -47.653             214             214
   30        -901.745    -595.974        -901.782    -595.968              30              30
   80        -439.121     857.005        -439.108     856.966              80              80
  128        1354.694     620.481        1354.718     620.313             128             128
  122        -361.973    2650.688        -361.772    2650.719             122             122
  210         829.374      31.425         829.361      31.408             210             210
  169        -181.613     509.679        -181.604     509.701             169             169
  161        2701.286     539.874        2701.355     539.653             161             161
   60        -169.874    1766.678        -169.634    1766.718              60              60
  108        -768.804     323.055        -768.747     323.161             108             108
  110          59.044    1345.649          59.137    1345.685             110             110
  152        1172.910     964.017        1173.000     964.000             152             152
  222        1264.255     255.718        1264.364     255.679             222             222
    5        -778.480    1803.120        -778.236    1803.288               5               5
  161          92.783     673.356          92.915     673.539             161             161
    5       -1897.411   -2508.799       -1897.595   -2508.522               5               5
  158        -524.387    -698.389        -524.500    -698.362             158             158
   25        1174.612    1970.927        1174.778    1970.881              25              25
  210         138.194    -645.073         138.205    -644.959             210             210
   90       -1392.362   -1236.531       -1392.437   -1236.359              90              90
  130       -1431.241     452.671       -1431.271     452.836             130             130
  168        1132.296    -133.751        1132.220    -133.766             168             168
   84        -289.884   -1580.913        -290.055   -1580.860              84              84
   87        1028.992    1377.102        1029.105    1377.065              87              87
  238        -866.227   -1726.760        -866.409   -1726.583             238             238
   34         911.813   -2322.876         911.549   -2323.005              34              34
   16         157.613     501.795         157.625     501.699              16              16
  152         248.823    -641.021         248.668    -641.124             152             152
  229        3970.467    1581.917        3970.640    1581.469             229             229
   36         -68.847    1328.988         -68.589    1328.990              36              36
   12        -513.434    2103.342        -513.214    2103.464              12              12
  179        2303.416     737.221        2303.541     737.142             179             179
  130         313.032     266.466         313.209     266.590             130             130
   11       -1150.850    -909.094       -1150.854    -908.855              11              11
   88         421.195    -998.496         421.150    -998.477              88              88
   95        -328.464    -180.418        -328.409    -180.334              95              95
   90          45.918   -1667.242          45.843   -1667.251              90              90
   39       -2045.498    -143.881       -2045.479    -143.774              39              39
  221        -484.777    1996.537        -484.627    1996.541             221             221
  248        -165.086    2401.836        -164.884    2401.966             248             248
  190        -715.592     391.951        -715.630     392.219             190             190
  174         960.306    -265.133         960.187    -265.047             174             174
   83        1705.818   -1244.392        1705.694   -1244.438              83              83
  222         393.533    -771.291         393.514    -771.267             222             222
   33        -129.456     377.865        -129.378     377.974              33              33
  151        -642.805    -464.845        -642.889    -464.615             151             151
  143        1479.995   -2269.781        1479.733   -2269.824             143             143
   88         -23.576   -2585.384         -23.843   -2585.425              88              88
   46         731.606    -496.764         731.524    -496.977              46              46
    9        2017.308    1717.275        2017.540    1717.029               9               9
  201         292.802     -41.861         292.897     -41.833             201             201
  241         665.438     466.138         665.579     466.150             241             241
   43          15.082   -1038.787          15.067   -1038.711              43              43
  175        -694.711    -134.514        -694.698    -134.382             175             175
   45        1584.376   -1330.933        1584.291   -1331.080              45              45
  225        -859.122    -657.184        -859.109    -657.143             225             225
  124         260.299    1683.906         260.515    1683.902             124             124
  191         192.085    -146.715         192.106    -146.600             191             191
  189         262.758    -990.776         262.671    -990.694             189             189
   45        1420.442   -1469.529        1420.358   -1469.644              45              45
  148         260.693   -1255.134         260.693   -1255.195             148             148
   25         -79.786     586.467         -79.583     586.495              25              25
  219        -186.338   -1910.363        -186.422   -1910.319             219             219
  155        -568.188    -731.675        -568.136    -731.668             155             155
   81       -1213.986    -717.855       -1213.960    -717.778              81              81
   10       -2046.452    -695.098       -2046.539    -694.959              10              10
  133         392.441     125.551         392.423     125.385             133             133
   16         -65.806     971.526         -65.629     971.475              16              16
  163       -2009.431     -89.119       -2009.461     -88.905             163             163
   38        1050.929     -96.614        1050.896     -96.817              38              38
  167       -1957.446     818.099       -1957.382     818.244             167             167
  206         983.484    1537.633         983.584    1537.490             206             206
  201         400.455     759.155         400.555     759.119             201             201
  227        -117.606    1912.253        -117.365    1912.342             227             227
   42         251.432     516.502         251.497     516.612              42              42
  106         189.249     463.385         189.324     463.511             106             106
  125         483.249    -520.588         483.250    -520.510             125             125
  252       -1563.440   -1031.894       -1563.559   -1031.639             252             252
  157        -172.498   -1165.095        -172.741   -1165.170             157             157
   80        1037.801    3457.118        1038.203    3457.009              80              80
  108        -467.024    -235.969        -467.094    -235.722             108             108
  237        1250.544     105.602        1250.502     105.572             237             237
   30        1390.861      -9.962        1390.907      -9.997              30              30
   63         422.966   -1034.503         422.931   -1034.470              63              63
  109        -479.978     936.158        -479.824     936.338             109             109
    1        1018.972   -1546.141        1018.778   -1546.150               1               1
   80         922.899    -485.735         922.911    -485.833              80              80
  253         972.632     356.357         972.812     356.284             253             253
   15         791.867     164.448         792.121     164.465              15              15
  194       -1950.991    -288.484       -1950.844    -288.060             194             194
  219       -2120.873   -1129.883       -2121.084   -1129.438             219             219
  105        2183.106   -2701.663        2182.720   -2701.956             105             105
   31         -19.358     588.465         -19.125     588.434              31              31
   10       -1511.786   -1091.400       -1511.916   -1091.170              10              10
   63        3146.758    -113.874        3146.918    -114.300              63              63
  156       -3695.684   -1228.802       -3695.641   -1228.335             156             156
  148       -1336.984     704.471       -1336.950     704.582             148             148
  134        -522.874    2012.689        -522.690    2012.893             134             134
  196         397.976   -1324.337         397.726   -1324.189             196             196
  155         526.056    -811.490         525.944    -811.445             155             155
   52          65.797   -1860.894          65.561   -1860.861              52              52
  253         714.675    -569.292         714.665    -569.408             253             253
  213        -559.285    -813.084        -559.311    -813.007             213             213
  205        -753.331    -464.069        -753.395    -463.949             205             205
  251         234.327   -1612.099         234.063   -1612.169             251             251
  227         705.730    -665.189         705.628    -665.417             227             227
  184        2332.991     686.786        2333.260     686.398             184             184
  112        -147.839   -1592.558        -147.742   -1592.637             112             112
  133       -1626.237    1392.783       -1625.744    1392.878             133             133
  177       -4012.631    1666.747       -4012.371    1667.389             177             177
   44         357.092    -296.680         356.958    -296.634              44              44
   13       -1448.344     844.684       -1448.257     845.020              13              13
   30         470.051    -942.450         469.885    -942.375              30              30
  172        -947.653    -494.073        -947.705    -493.826             172             172
  219        -392.269   -1714.999        -392.528   -1714.900             219             219
  182       -1009.934    -581.541       -1010.038    -581.407             182             182
   72        -985.185   -1873.824        -985.567   -1873.796              72              72
  182         357.316    1614.785         357.456    1614.650             182             182
  141         909.716   -1213.271         909.556   -1213.433             141             141
  145        -433.890     761.391        -433.662     761.375             145             145
   75       -2465.819    1114.263       -2465.716    1114.693              75              75
   38        1180.544    -269.404        1180.395    -269.493              38              38
  168        -439.199     219.985        -439.165     220.129             168             168
  252         390.004     320.564         390.090     320.654             252             252
  170       -1381.667   -1086.339       -1381.808   -1085.974             170             170
  212       -1215.254   -1033.113       -1215.534   -1032.868             212             212
  143         931.050     644.046         931.086     644.052             143             143
  174        -885.241   -2559.780        -885.630   -2559.488             174             174
   93       -1796.787   -1055.848       -1797.103   -1055.503              93              93
   14         683.385   -2603.347         682.781   -2603.436              14              14
   40         235.015   -2338.432         234.556   -2338.588              40              40
  191       -1074.673   -2869.722       -1075.322   -2869.865             191             191
  182        2067.227     385.503        2067.137     384.804             182             182
  228           7.827     509.525           7.848     509.317             228             228
  182        1252.100    -452.409        1251.960    -452.800             182             182
  186         650.341     255.074         650.367     254.733             186             186
  148        1102.179    1600.614        1102.450    1600.314             148             148
   25        1790.379     154.342        1790.578     154.020              25              25
  162       -1259.645     294.697       -1259.398     294.867             162             162
  155       -1465.000      -0.223       -1465.000       0.000             155             155
  220       -1259.147    -295.045       -1259.397    -294.871             220             220
  144        1790.782    -153.685        1790.579    -154.015             144             144
   20        1102.731   -1600.000        1102.453   -1600.309              20              20
   23         650.395    -254.379         650.368    -254.732              23              23
  114        1251.812     453.214        1251.959     452.805             114             114
  142           7.872    -509.100           7.849    -509.317             142             142
   44        2067.038    -384.057        2067.134    -384.797              44              44
  173       -1076.021    2870.015       -1075.326    2869.864             173             173
   31         234.056    2338.756         234.550    2338.590              31              31
   56         682.114    2603.536         682.772    2603.438              56              56
  154       -1797.453    1055.121       -1797.108    1055.499             154             154
    8        -886.064    2559.164        -885.635    2559.485               8               8
  157         931.128    -644.055         931.088    -644.049             157             157
    7       -1215.851    1032.592       -1215.538    1032.865               7               7
  185       -1381.971    1085.561       -1381.813    1085.971             185             185
   98         390.188    -320.754         390.090    -320.652              98              98
  214        -439.123    -220.297        -439.164    -220.131             214             214
  158        1180.224     269.600        1180.395     269.496             158             158
  108       -2465.592   -1115.201       -2465.713   -1114.699             108             108
    3        -433.392    -761.357        -433.660    -761.376               3               3
  146         909.365    1213.628         909.554    1213.437             146             146
  146         357.628   -1614.489         357.460   -1614.650             146             146
  103        -986.031    1873.762        -985.572    1873.795             103             103
   13       -1010.166     581.243       -1010.039     581.405              13              13
   90        -392.847    1714.779        -392.531    1714.899              90              90
  242        -947.771     493.521        -947.707     493.823             242             242
    2         469.677     942.283         469.883     942.375               2               2
  254       -1448.146    -845.444       -1448.255    -845.025             254             254
   34         356.790     296.576         356.958     296.634              34              34
  239       -4012.039   -1668.211       -4012.368   -1667.398             239             239
   14       -1625.113   -1393.002       -1625.740   -1392.883              14              14
   79        -147.617    1592.739        -147.743    1592.637              79              79
  184        2333.610    -685.884        2333.262    -686.392             184             184
   43         705.491     665.716         705.627     665.418              43              43
   58         233.706    1612.262         234.057    1612.170              58              58
   24        -753.480     463.787        -753.395     463.947              24              24
   39        -559.348     812.901        -559.313     813.005              39              39
   30         714.650     569.566         714.664     569.410              30              30
  157          65.232    1860.816          65.555    1860.861             157             157
  246         525.791     811.384         525.944     811.445             246             246
  181         397.377    1323.988         397.723    1324.190             181             181
  195        -522.429   -2013.181        -522.687   -2012.896             195             195
    3       -1336.899    -704.746       -1336.948    -704.588               3               3
  113       -3695.581    1227.663       -3695.641    1228.326             113             113
   56        3147.145     114.916        3146.918     114.307              56              56
  108       -1512.104    1090.838       -1511.918    1091.168             108             108
  149         -18.787    -588.388         -19.124    -588.434             149             149
   34        2182.152    2702.388        2182.717    2701.959              34              34
  142       -2121.402    1128.772       -2121.088    1129.433             142             142
   36       -1950.626     287.424       -1950.844     288.056              36              36
   24         792.504    -164.490         792.122    -164.464              24              24
  202         973.089    -356.173         972.815    -356.283             202             202
   30         922.927     485.984         922.910     485.835              30              30
  225        1018.478    1546.168        1018.776    1546.154             225             225
  148        -479.584    -936.618        -479.823    -936.339             148             148
    7         422.874    1034.420         422.929    1034.471               7               7
  114        1390.980      10.055        1390.908      10.000             114             114
  135        1250.434    -105.523        1250.502    -105.571             135             135
  161        -467.206     235.326        -467.095     235.721             161             161
   38        1038.858   -3456.832        1038.211   -3457.007              38              38
   40        -173.140    1165.290        -172.745    1165.169              40              40
  197       -1563.754    1031.216       -1563.560    1031.634             197             197
  118         483.252     520.379         483.250     520.510             118             118
  225         189.450    -463.723         189.325    -463.512             225             225
  254         251.607    -516.800         251.497    -516.613             254             254
  188        -116.949   -1912.495        -117.361   -1912.344             188             188
  203         400.726    -759.056         400.555    -759.118             203             203
   14         983.762   -1537.241         983.587   -1537.488              14              14
  173       -1957.269    -818.508       -1957.381    -818.250             173             173
    7        1050.840      97.177        1050.896      96.819               7               7
  225       -2009.516      88.518       -2009.461      88.899             225             225
  252         -65.307    -971.387         -65.626    -971.476             252             252
  142         392.394    -125.085         392.425    -125.384             142             142
   39       -2046.701     694.698       -2046.542     694.954              39              39
   19       -1213.913     717.634       -1213.960     717.776              19              19
  227        -568.039     731.651        -568.136     731.667             227             227
  240        -186.587    1910.234        -186.427    1910.318             240             240
   74         -79.196    -586.548         -79.580    -586.495              74              74
   43         260.692    1255.311         260.692    1255.195              43              43
   23        1420.188    1469.866        1420.353    1469.645              23              23
   39         262.502     990.536         262.671     990.694              39              39
   63         192.149     146.378         192.106     146.601              63              63
  249         260.947   -1683.895         260.521   -1683.902             249             249
   27        -859.085     657.061        -859.110     657.142              27              27
   55        1584.116    1331.379        1584.288    1331.083              55              55
  180        -694.670     134.114        -694.697     134.380             180             180
  165          15.034    1038.558          15.064    1038.712             165             165
   59         665.871    -466.174         665.580    -466.149              59              59
   36         293.093      41.773         292.897      41.833              36              36
   50        2018.029   -1716.507        2017.544   -1717.024              50              50
  246         731.347     497.425         731.522     496.978             246             246
   18         -24.415    2585.510         -23.847    2585.424              18              18
  112        1479.164    2269.922        1479.727    2269.827             112             112
  223        -643.072     464.117        -642.890     464.614             223             223
   27        -129.207    -378.212        -129.376    -377.976              27              27
   99         393.471     771.216         393.513     771.267              99              99
   69        1705.408    1244.544        1705.689    1244.440              69              69
  138         959.916     264.861         960.186     265.050             138             138
  166        -715.716    -392.828        -715.630    -392.221             166             166
   62        -164.411   -2402.264        -164.877   -2401.967              62              62
   94        -484.272   -1996.555        -484.622   -1996.544              94              94
   31       -2045.433     143.519       -2045.479     143.769              31              31
   11          45.661    1667.271          45.839    1667.250              11              11
  181        -328.280     180.137        -328.409     180.334             181             181
  158         421.035     998.430         421.146     998.477             158             158
  205       -1150.866     908.272       -1150.855     908.851             205             205
  142         313.643    -266.892         313.210    -266.591             142             142
  217        2303.855    -736.942        2303.544    -737.138             217             217
  103        -512.661   -2103.773        -513.209   -2103.467             103             103
  250         -67.934   -1328.993         -68.584   -1328.989             250             250
  216        3971.081   -1580.325        3970.644   -1581.459             216             216
  132         248.270     641.386         248.667     641.124             132             132
  100         157.655    -501.451         157.625    -501.698             100             100
  181         910.851    2323.343         911.544    2323.006             181             181
  159        -866.895    1726.113        -866.414    1726.581             159             159
  114        1029.409   -1376.963        1029.107   -1377.062             114             114
  123        -290.522    1580.715        -290.060    1580.858             123             123
   95        1132.016     133.809        1132.220     133.769              95              95
  102       -1431.350    -453.295       -1431.270    -452.841             102             102
   31       -1392.646    1235.877       -1392.439    1236.356              31              31
   25         138.235     644.635         138.204     644.957              25              25
   74        1175.251   -1970.753        1174.782   -1970.880              74              74
  200        -524.822     698.280        -524.501     698.359             200             200
  163       -1898.129    2507.721       -1897.600    2508.518             163             163
  250          93.305    -674.073          92.917    -673.541             250             250
   49        -777.516   -1803.782        -778.231   -1803.288              49              49
   93        1264.688    -255.561        1264.365    -255.677              93              93
  246        1173.269    -963.948        1173.000    -964.000             246             246
  179          59.427   -1345.806          59.140   -1345.688             179             179
  224        -768.572    -323.495        -768.746    -323.163             224             224
  160        -168.883   -1766.844        -169.630   -1766.719             160             160
   74        2701.574    -538.941        2701.356    -539.647              74              74
   66        -181.573    -509.772        -181.603    -509.702              66              66
    1         829.322     -31.350         829.362     -31.405               1               1
   54        -361.104   -2650.826        -361.765   -2650.721              54              54
  219        1354.806    -619.756        1354.720    -620.310             219             219
  230        -439.058    -856.841        -439.105    -856.967             230             230
  212        -901.909     595.939        -901.784     595.965             212             212
   10         600.618      47.931         600.551      47.655              10              10
  119        1184.811     783.926        1185.181     783.565             119             119
  161       -1324.280    -416.736       -1324.207    -416.495             161             161
   30        -705.751    2492.554        -705.104    2492.827              30              30
  109        -978.419    -769.759        -978.712    -769.228             109             109
   50        -528.185    -669.178        -528.589    -668.983              50              50
   83        1803.730     451.382        1803.872     451.007              83              83
   34       -2569.628   -1291.859       -2570.008   -1291.125              34              34
    5        1263.249    -561.124        1262.926    -561.591               5               5
  184        -758.521     391.899        -758.440     391.963             184             184
  225        -906.721     697.402        -906.782     697.626             225             225
  156        1411.334    -170.010        1411.118    -170.405             156             156
   81         156.740     808.408         156.994     808.316              81              81
    0        -761.650    1429.489        -761.326    1429.831              -0              -0
  238         270.475     243.847         270.451     244.041             238             238
   38        -675.641      22.893        -675.734      23.344              38              38
  129        -209.736    -996.612        -210.216    -996.374             129             129
   99        1259.410    -672.886        1259.200    -673.198              99              99
  169       -1807.813    -317.390       -1807.986    -316.963             169             169
    8         622.145     876.171         622.139     876.039               8               8
   33         129.706    -100.682         129.574    -100.595              33              33
  190        -401.576    1037.340        -401.445    1037.741             190             190
  122         232.554   -2640.193         231.658   -2640.084             122             122
   42         333.782    -730.996         333.518    -731.276              42              42
  196       -2035.609      43.229       -2035.919      43.587             196             196
  195        1789.107     640.962        1788.851     640.351             195             195
   65        1578.255     362.160        1578.308     361.624              65              65
  139        -473.747    1987.178        -473.235    1987.360             139             139
  111         464.829    1129.561         464.985    1129.774             111             111
   87        1127.678     -79.291        1127.698     -79.188              87              87
  196       -2334.679   -1101.235       -2335.182   -1100.277             196             196
   38        1862.978   -2433.052        1861.935   -2433.682              38              38
  124        1431.305    1996.858        1431.862    1996.348             124             124
  167          38.860    -123.210          38.907    -123.051             167             167
  240        -314.233     215.751        -314.207     215.991             240             240
   17         202.074    -558.473         201.852    -558.408              17              17
  206        -318.518    -767.529        -318.804    -767.569             206             206
  144        -461.700    3741.206        -460.810    3741.626             144             144
   57        -795.230   -2344.155        -796.279   -2343.397              57              57
  213        1977.208   -1772.545        1976.370   -1773.123             213             213
   26        1500.575     848.098        1500.807     847.645              26              26
   29        1028.375     -18.727        1028.581     -18.843              29              29
   14       -1422.211    -392.133       -1422.220    -391.557              14              14
  155        -503.818    -477.967        -504.099    -477.683             155             155
  207       -1004.689    -526.486       -1005.187    -526.089             207             207
  110        1855.671    -416.551        1855.285    -416.969             110             110
  211         236.406    -822.236         236.123    -822.199             211             211
   39         329.052   -1483.146         328.543   -1483.306              39              39
   49         339.219    -761.537         338.952    -761.948              49              49
  228         -11.942    2361.945         -11.267    2361.913             228             228
  194       -1449.589   -1089.211       -1450.129   -1088.681             194             194
  224         511.218    1445.492         511.248    1445.457             224             224
   97         443.582    -386.507         443.123    -386.332              97              97
   59        1716.940    -195.336        1716.676    -195.511              59              59
   42         388.816   -1969.062         388.103   -1968.914              42              42
   78        2408.494   -3032.150        2407.683   -3033.058              78              78
  209       -1257.146    -420.679       -1257.174    -420.813             209             209
  224         713.385    1666.560         713.769    1666.162             224             224
  146         291.364    -921.137         291.096    -921.302             146             146
  147        -490.731    1150.976        -490.490    1151.069             147             147
  234         849.489   -1697.221         848.902   -1697.632             234             234
  170        -778.207    1775.512        -777.811    1775.520             170             170
  102        1186.238     552.664        1186.272     552.367             102             102
   38        -556.321      67.646        -556.408      67.832              38              38
  236        1026.491     787.727        1026.596     787.501             236             236
   78         294.570    -834.095         294.323    -834.178              78              78
  127         358.286     626.763         358.558     626.534             127             127
  132       -1601.805    1284.375       -1601.499    1284.934             132             132
  199          16.717     263.685          16.522     263.907             199             199
   56         115.301   -1152.317         114.776   -1152.387              56              56
  133        -930.163    2535.018        -929.646    2535.418             133             133
  158       -1174.685   -1227.455       -1175.677   -1226.830             158             158
   12        2277.241     424.892        2276.778     424.293              12              12
  142        1349.292    -651.265        1348.759    -651.629             142             142
  195        3177.225    1000.770        3177.518     999.846             195             195
   51        1010.016     832.756        1010.635     832.773              51              51
  114       -1395.637   -1537.347       -1395.992   -1536.709             114             114
    5         145.081     282.866         145.011     282.882               5               5
  253         350.392    -713.027         350.031    -713.092             253             253
   36        1184.734    1006.980        1185.077    1006.734              36              36
  239        -672.807    -678.143        -672.942    -677.703             239             239
   31        -326.149   -1062.719        -326.566   -1062.628              31              31
  230         109.635     607.433         109.777     607.352             230             230
   72       -1353.542     552.800       -1353.538     553.347              72              72
  198          39.301    1257.302          39.374    1257.775             198             198
   29         604.985   -3832.889         603.676   -3832.888              29              29
   57       -2070.395     145.329       -2070.614     145.707              57              57
   36        -166.271     705.053        -166.628     705.123              36              36
  100         498.460    -532.724         497.748    -532.779             100             100
  192        1653.152    -414.071        1652.723    -414.607             192             192
   31        -215.466     535.953        -215.481     536.103              31              31
  122        -129.858    -956.519        -130.496    -956.376             122             122
  251        -521.067   -1146.385        -522.003   -1146.444             251             251
  129        2451.335    2327.974        2451.637    2327.167             129             129
   48         539.900     223.763         539.799     224.007              48              48
  177         636.032   -1600.273         635.285   -1600.224             177             177
  191        1316.501    -859.869        1316.154    -860.256             191             191
   37       -1106.675   -1210.937       -1107.220   -1210.677              37              37
   16         745.936     207.520         745.723     207.247              16              16
  229        -454.642   -2411.592        -455.650   -2411.675             229             229
  130        -337.206     508.251        -337.421     507.893             130             130
  122         312.966     451.355         312.790     450.915             122             122
    8       -1981.029    1798.135       -1981.012    1798.656               8               8
  164         677.942     475.487         677.305     475.333             164             164
    5         544.649    1072.008         544.374    1072.009               5               5
  149        -229.455    -991.488        -230.484    -991.292             149             149
   37         868.216    -308.848         867.369    -309.317              37              37
  170        -158.321    1801.660        -158.549    1801.702             170             170
  131         694.821      43.093         693.828      43.077             131             131
  215        1839.338    -731.824        1838.169    -732.474             215             215
   62        1419.639    1969.385        1419.506    1968.995              62              62
  209         724.537    -370.892         723.606    -370.855             209             209
   60        -106.235     166.395        -107.213     166.654              60              60
  145        -862.939   -2069.562        -865.136   -2069.380             145             145
   96       -1313.332    1737.318       -1315.148    1737.540              96              96
  193          64.445     631.611          60.918     631.638             193             193
  204        1399.187    2166.118        1392.916    2165.985             204             204
