SINAL     NFT                         FFT                         NFT INVERSA     FFT INVERSA
-----     -----------------------     -----------------------     -----------     -----------
  211       64477.000       0.000       64477.000       0.000             211             211
  227          49.929     911.279          49.943     911.280             227             227
   72         375.979   -1489.283         375.991   -1489.282              72              72
  107         -35.307   -1561.761         -35.295   -1561.759             107             107
  246        -900.348   -1257.696        -900.337   -1257.694             246             246
  124          22.305    -266.338          22.316    -266.340             124             124
  103        -180.059     -99.600        -180.046     -99.602             103             103
  218         470.800    2310.660         470.821    2310.660             218             218
  126        -749.274     346.864        -749.260     346.873             126             126
  149         641.999     348.287         642.011     348.290             149             149
  190        1115.303    -930.508        1115.313    -930.511             190             190
  218       -1241.588    2158.115       -1241.560    2158.131             218             218
    3         850.989    -726.986         850.996    -726.975               3               3
  132        -479.866   -3088.963        -479.876   -3088.955             132             132
  101         -78.989     727.591         -78.974     727.589             101             101
   79        1234.950     659.937        1234.968     659.937              79              79
  110         367.531   -1735.039         367.532   -1735.034             110             110
   19        -679.014    -341.565        -679.004    -341.556              19              19
  218        1142.834    -265.969        1142.847    -265.978             218             218
  131       -1162.593     533.423       -1162.572     533.447             131             131
   25        1668.562   -1692.643        1668.558   -1692.654              25              25
   80       -1281.781       9.490       -1281.759       9.511              80              80
  223         170.265    -264.319         170.278    -264.312             223             223
   31        -699.366    -494.844        -699.354    -494.820              31              31
  142       -1613.319   -2610.476       -1613.353   -2610.450             142             142
  177         958.747     -71.572         958.749     -71.595             177             177
  226        -462.608       6.443        -462.602       6.448             226             226
  156        1650.796     486.899        1650.819     486.880             156             156
   78        -880.981   -1660.423        -880.990   -1660.406              78              78
    2         -58.122    1338.567         -58.088    1338.571               2               2
   12         594.792   -1150.143         594.788   -1150.141              12              12
  159        -672.795     105.671        -672.775     105.696             159             159
  204        -568.522   -2631.164        -568.571   -2631.151             204             204
  142         555.170      60.049         555.176      60.025             142             142
  205         633.032   -1366.852         633.018   -1366.880             205             205
  241         865.241     -26.380         865.273     -26.429             241             241
  170       -1192.247    1786.546       -1192.170    1786.559             170             170
  151       -2137.700    1010.598       -2137.667    1010.658             151             151
   41        -789.663    -320.429        -789.681    -320.405              41              41
  239        -421.484    1150.716        -421.471    1150.730             239             239
  246         499.659     883.123         499.668     883.135             246             246
   11        1270.442    -602.811        1270.431    -602.821              11              11
   25         311.041     207.105         311.069     207.114              25              25
  106       -1316.922     206.874       -1316.909     206.940             106             106
  216        -151.498   -1793.998        -151.563   -1793.976             216             216
  209         338.100     201.782         338.087     201.779             209             209
  200        1652.051    -771.855        1652.022    -771.884             200             200
  123        1838.834   -1407.797        1838.823   -1407.849             123             123
    8        -946.916    -587.745        -946.909    -587.726               8               8
  183        1009.504   -1272.917        1009.477   -1272.975             183             183
  231        -393.389     587.708        -393.359     587.684             231             231
  242        1722.654    1635.506        1722.729    1635.442             242             242
  175         140.934     613.829         141.007     613.843             175             175
  191       -1954.393    -848.746       -1954.398    -848.682             191             191
  141         436.890    1445.481         436.948    1445.456             141             141
  125       -1263.917    1882.027       -1263.841    1882.106             125             125
  105       -1252.391    -892.373       -1252.452    -892.293             105             105
  146        1549.056    1517.479        1549.090    1517.463             146             146
   93        -589.738   -1171.798        -589.791   -1171.723              93              93
  240        1073.623   -1034.632        1073.566   -1034.649             240             240
  107         451.084    -172.863         451.058    -172.854             107             107
  191        2563.694   -2276.568        2563.607   -2276.670             191             191
   56        2203.810     965.938        2203.906     965.840              56              56
   93         432.931    -537.610         432.995    -537.619              93              93
  246       -1195.494     221.094       -1195.421     221.150             246             246
  135       -1598.986     276.669       -1598.962     276.761             135             135
  203         145.246    -768.455         145.204    -768.435             203             203
   30        1127.752    -469.579        1127.759    -469.608              30              30
  100       -1261.506   -1353.576       -1261.534   -1353.513             100             100
  222       -1573.637    -999.659       -1573.716    -999.608             222             222
   63        2232.608    -405.074        2232.563    -405.199              63              63
  150        1100.436    -575.904        1100.445    -575.983             150             150
   63        -294.111    -358.462        -294.094    -358.490              63              63
  254         -47.205    -191.599         -47.206    -191.653             254             254
    6         950.980     342.929         951.013     342.802               6               6
   67         799.957    3644.733         800.182    3644.667              67              67
  208       -1098.900     306.409       -1098.848     306.474             208             208
  202        -345.330    2529.636        -345.214    2529.667             202             202
  225        1050.209    1356.346        1050.272    1356.353             225             225
   50        1613.942     929.497        1614.031     929.485              50              50
   54         408.520      32.564         408.594      32.607              54              54
  185         282.267     610.305         282.371     610.350             185             185
   59         955.845      89.698         955.972      89.730              59              59
  114       -3227.294   -2354.508       -3227.317   -2354.314             114             114
   27       -2609.219    1002.060       -2609.172    1002.190              27              27
  156         369.310     157.690         369.308     157.685             156             156
   56        -705.056    1234.621        -704.961    1234.687              56              56
   47        -889.370    1019.369        -889.285    1019.486              47              47
  243       -1730.199      62.088       -1730.188      62.266             243             243
  105       -1536.905      53.266       -1536.934      53.431             105             105
  214        -876.693    -856.198        -876.797    -856.094             214             214
   64        -647.881    1131.039        -647.889    1131.149              64              64
  107        1817.930   -1063.077        1817.844   -1063.084             107             107
  195        -962.843   -1409.847        -962.915   -1409.741             195             195
   56        -698.685    -103.762        -698.731    -103.681              56              56
   56        1474.976    -168.628        1474.969    -168.645              56              56
   65       -1843.073   -1720.536       -1843.166   -1720.358              65              65
  144       -1130.530   -1810.809       -1130.703   -1810.738             144             144
  180         -40.811    -119.297         -40.895    -119.308             180             180
   46         -82.252    -349.450         -82.356    -349.441              46              46
  190        1025.566     224.797        1025.500     224.750             190             190
  211        2298.418     105.407        2298.419     105.313             211             211
  224        -571.111   -1572.398        -571.202   -1572.332             224             224
   25         652.024     507.025         652.029     506.999              25              25
   37        1332.252    -330.576        1332.245    -330.603              37              37
    8        -294.685   -1219.678        -294.742   -1219.605               8               8
   57         199.978   -1254.892         199.898   -1254.875              57              57
  229        -220.666   -2203.668        -220.812   -2203.674             229             229
  158        -352.823   -1349.652        -352.931   -1349.726             158             158
   54        -758.875     981.719        -758.863     981.671              54              54
   98         761.438    2605.080         761.542    2605.045              98              98
  135        1908.720   -1074.768        1908.632   -1074.861             135             135
  112        -132.164    1501.628        -132.039    1501.670             112             112
  125         -47.174     -37.771         -47.206     -37.686             125             125
   36         341.970     517.072         341.950     517.164              36              36
   90        1714.893   -2627.843        1714.665   -2627.888              90              90
  149        1640.385    -888.860        1640.353    -888.975             149             149
  170        -426.569   -1106.661        -426.630   -1106.633             170             170
   61         875.144    -147.559         875.108    -147.630              61              61
  149        2280.266    -225.249        2280.299    -225.389             149             149
   99        -454.740    -874.645        -454.734    -874.555              99              99
    2         424.312   -2855.444         424.120   -2855.498               2               2
  255         506.702    -708.660         506.692    -708.792             255             255
   50         435.959    -985.371         435.962    -985.517              50              50
  147       -2293.460     824.938       -2293.398     825.009             147             147
  190        1441.269     763.692        1441.283     763.494             190             190
   53         400.809    2851.390         401.046    2851.376              53              53
   74        1817.315    -722.170        1817.324    -722.253              74              74
    6        -720.098    -193.034        -720.000    -193.000               6               6
  250       -1751.910    2736.742       -1751.651    2736.952             250             250
  143        -956.155   -1744.891        -956.351   -1744.722             143             143
  248        -264.257      31.130        -264.328      31.143             248             248
   89         199.629    1911.279         199.716    1911.352              89              89
  162         367.332   -1984.759         367.068   -1984.678             162             162
  244        2778.285   -1959.711        2778.105   -1959.985             244             244
   88          77.167     180.416          77.240     180.325              88              88
   55         409.685    1268.738         409.827    1268.681              55              55
  227        -218.567     547.185        -218.505     547.237             227             227
  183        -246.600     481.089        -246.592     481.155             183             183
  248         698.440     314.872         698.418     314.861             248             248
   53        1332.559     609.190        1332.613     609.146              53              53
   34        -798.934    -391.059        -799.018    -390.907              34              34
   47        2670.923     198.876        2670.881     198.705              47              47
  119        2443.341    -509.360        2443.376    -509.506             119             119
   40         796.439    -878.452         796.494    -878.508              40              40
   96         139.523    2108.553         139.838    2108.640              96              96
   27        -464.902   -1875.449        -465.023   -1875.259              27              27
   31        1839.746    -799.886        1839.782    -799.998              31              31
   66       -2114.962    -862.752       -2114.947    -862.494              66              66
   11         645.967    -809.419         645.922    -809.437              11              11
  137        -370.269    -890.081        -370.267    -890.015             137             137
  250       -2484.247    -323.605       -2484.314    -323.321             250             250
   42        1507.779   -1615.550        1507.549   -1615.681              42              42
    9          79.653    -254.500          79.631    -254.517               9               9
  233         665.555    -601.159         665.501    -601.207             233             233
   40         100.884   -1295.440         100.763   -1295.482              40              40
   50         986.613    1091.551         986.743    1091.463              50              50
  244        1151.622   -1767.798        1151.554   -1767.897             244             244
  136       -1925.185     933.577       -1925.039     933.794             136             136
   20         735.906   -2119.371         735.672   -2119.436              20              20
   25         292.977     434.396         293.069     434.324              25              25
  178        -506.562    -497.393        -506.579    -497.363             178             178
  234        -736.190    1951.220        -736.022    1951.371             234             234
  140         862.643   -1465.381         862.438   -1465.328             140             140
   82         940.866   -1699.849         940.699   -1699.912              82              82
   50          80.343   -1488.331          80.194   -1488.400              50              50
  128        1702.462    1352.451        1702.665    1352.274             128             128
  247        -516.074   -1410.519        -516.148   -1410.395             247             247
  191         953.620    -537.527         953.632    -537.608             191             191
  223        -351.356    -556.410        -351.318    -556.300             223             223
  156        -540.604   -2647.168        -540.840   -2647.101             156             156
   31        -872.473   -1186.173        -872.621   -1186.157              31              31
  164        1041.166   -1274.890        1041.002   -1275.100             164             164
  182        1773.735   -1375.987        1773.727   -1376.346             182             182
    3       -2611.888     408.709       -2611.736     408.815               3               3
  169        -418.990    2145.288        -418.798    2145.313             169             169
  151         486.999   -1035.197         486.871   -1035.199             151             151
  210         -84.051   -1210.192         -84.166   -1210.235             210             210
  161         118.905    -958.160         118.830    -958.323             161             161
  172        -641.763    1697.397        -641.539    1697.382             172             172
    1        -994.527      23.447        -994.580      23.580               1               1
  168         931.932    -706.042         931.800    -706.168             168             168
  105        -345.655   -1150.100        -345.818   -1150.186             105             105
   80         817.981    1884.238         818.158    1884.068              80              80
   47        1564.742   -1467.332        1564.630   -1467.593              47              47
   51        -616.085    2029.204        -615.754    2029.185              51              51
   28         -95.410     486.604         -95.323     486.627              28              28
  215         230.737     933.238         230.910     933.259             215             215
   49       -1775.806   -1128.718       -1775.970   -1128.505              49              49
  234        1419.568    1280.045        1419.691    1279.844             234             234
  120       -1205.603     669.170       -1205.528     669.397             120             120
    6         251.795   -1152.311         251.555   -1152.317               6               6
   36        1057.356     903.278        1057.421     903.151              36              36
   92         467.700     -37.065         467.673     -37.039              92              92
   81        1555.176   -1610.228        1554.995   -1610.431              81              81
   77         725.807     470.828         725.961     470.675              77              77
   78         106.291     413.975         106.430     413.982              78              78
  106         136.476    -718.782         136.446    -718.796             106             106
  151         591.627     845.823         591.833     845.785             151             151
  167       -1154.252   -1549.494       -1154.399   -1549.305             167             167
  111         132.226   -1194.264         132.041   -1194.373             111             111
  121        1230.865    -161.206        1230.894    -161.516             121             121
  157        -668.781    1204.136        -668.577    1204.151             157             157
   80        2065.250    -393.138        2065.324    -393.448              80              80
  204       -2257.722     239.718       -2257.580     239.925             204             204
  203         920.257     868.512         920.394     868.324             203             203
  250         200.624     413.746         200.835     413.654             250             250
  173       -1857.298    2271.836       -1856.877    2272.100             173             173
   63       -2915.239    1291.458       -2915.207    1292.050              63              63
  251        1186.089   -1842.360        1185.581   -1842.403             251             251
  170        4332.773     474.406        4332.935     473.858             170             170
  141        -783.740   -1051.390        -783.563   -1051.216             141             141
  237       -2358.100   -1963.920       -2358.227   -1963.703             237             237
  224       -2222.553    1103.953       -2222.470    1104.108             224             224
   24        -518.272     974.546        -518.299     974.595              24              24
   49         352.295     257.595         352.201     257.555              49              49
   33         821.244     590.889         821.273     590.800              33              33
  218         257.847      56.008         257.845      56.022             218             218
   79         672.763    -370.758         672.743    -370.833              79              79
  174        -571.705    -406.028        -571.728    -405.979             174             174
   48        -463.980    -363.366        -464.069    -363.411              48              48
   10         -69.663    1779.487         -69.486    1779.438              10              10
  246         624.013    1063.113         624.111    1063.131             246             246
  134         171.427   -1584.525         171.152   -1584.531             134             134
  121        1306.599     483.833        1306.671     483.530             121             121
  122         138.947    1411.600         139.197    1411.548             122             122
  204        1046.453    1305.275        1046.728    1305.211             204             204
   74        -556.975    -423.352        -556.927    -423.197              74              74
  128        -847.306     857.965        -847.161     858.134             128             128
  202        -748.774       3.407        -748.858       3.573             202             202
  207         465.465    1007.208         465.495    1007.222             207             207
   20         946.002    -276.342         945.880    -276.377              20              20
  171        2076.982    -149.314        2077.019    -149.594             171             171
  132          14.974    1425.950          15.322    1426.066             132             132
   44          69.509   -1030.578          69.422   -1030.447              44              44
   30         450.315     400.036         450.450     400.087              30              30
   53         208.283   -1780.673         208.124   -1780.636              53              53
  200       -1087.174    -254.883       -1087.186    -254.759             200             200
   46         958.645     146.835         958.667     146.690              46              46
   45          90.257    -723.797          90.184    -723.835              45              45
  111        1782.483     336.709        1782.667     336.371             111             111
   71         566.546     355.521         566.925     355.381              71              71
  191       -2708.811    2397.952       -2708.226    2398.502             191             191
  176       -1040.914   -1230.622       -1041.082   -1230.261             176             176
    9       -1039.941    -703.374       -1040.049    -703.168               9               9
  190       -1010.524     133.449       -1010.558     133.649             190             190
  157          67.653    -321.113          67.555    -321.046             157             157
   59         -54.771   -1377.601         -54.948   -1377.611              59              59
   11       -1843.781     175.315       -1843.792     175.523              11              11
  152        -240.353     648.188        -240.393     648.214             152             152
   73         -99.414     215.079         -99.514     215.132              73              73
  138         884.015     378.769         883.995     378.701             138             138
   83         390.967    -433.084         390.894    -433.060              83              83
   29        -117.612   -1059.934        -117.816   -1059.940              29              29
  120        1285.245     996.975        1285.444     996.762             120             120
  130         -31.464    -918.186         -31.472    -918.154             130             130
   94       -1857.000      -0.251       -1857.000       0.000              94              94
  101         -31.481     918.122         -31.473     918.154             101             101
  202        1285.646    -996.543        1285.445    -996.761             202             202
  220        -118.029    1059.945        -117.819    1059.939             220             220
  234         390.815     433.040         390.892     433.063             234             234
  118         883.976    -378.626         883.996    -378.698             118             118
  212         -99.620    -215.189         -99.515    -215.133             212             212
  234        -240.432    -648.242        -240.391    -648.215             234             234
  120       -1843.801    -175.749       -1843.790    -175.525             120             120
  210         -55.144    1377.619         -54.952    1377.610             210             210
    8          67.448     320.971          67.554     321.044               8               8
   87       -1010.595    -133.870       -1010.558    -133.651              87              87
  222       -1040.170     702.940       -1040.051     703.167             222             222
   11       -1041.273    1229.858       -1041.085    1230.258              11              11
   68       -2707.566   -2399.124       -2708.220   -2398.509              68              68
  190         567.354    -355.223         566.927    -355.380             190             190
   90        1782.874    -335.984        1782.666    -336.369              90              90
   20          90.098     723.877          90.182     723.834              20              20
  176         958.691    -146.522         958.667    -146.689             176             176
   72       -1087.201     254.610       -1087.187     254.756              72              72
   56         207.933    1780.594         208.121    1780.637              56              56
  133         450.612    -400.145         450.452    -400.086             133             133
  252          69.317    1030.292          69.421    1030.447             252             252
  157          15.744   -1426.204          15.326   -1426.066             157             157
  171        2077.062     149.937        2077.019     149.598             171             171
  120         945.730     276.422         945.879     276.379             120             120
  143         465.535   -1007.239         465.497   -1007.222             143             143
  136        -748.961      -3.783        -748.858      -3.576             136             136
  169        -846.979    -858.346        -847.160    -858.135             169             169
  231        -556.868     423.001        -556.928     423.196             231             231
  130        1047.079   -1305.128        1046.733   -1305.209             130             130
  240         139.518   -1411.479         139.200   -1411.546             240             240
   44        1306.763    -483.138        1306.671    -483.528              44              44
   49         170.789    1584.538         171.148    1584.531              49              49
  178         624.241   -1063.154         624.112   -1063.131             178             178
   61         -69.246   -1779.376         -69.481   -1779.439              61              61
  198        -464.189     363.471        -464.070     363.411             198             198
  187        -571.760     405.914        -571.729     405.979             187             187
   57         672.714     370.936         672.742     370.834              57              57
  153         257.842     -56.039         257.845     -56.020             153             153
  225         821.313    -590.675         821.274    -590.798             225             225
   61         352.071    -257.501         352.200    -257.555              61              61
   49        -518.334    -974.664        -518.297    -974.595              49              49
   31       -2222.348   -1104.329       -2222.466   -1104.111              31              31
  123       -2358.416    1963.392       -2358.233    1963.700             123             123
   22        -783.314    1050.965        -783.565    1051.214              22              22
  124        4333.169    -473.058        4332.937    -473.848             124             124
  194        1184.839    1842.466        1185.576    1842.405             194             194
  233       -2915.159   -1292.920       -2915.206   -1292.054             233             233
  179       -1856.246   -2272.499       -1856.870   -2272.107             179             179
  192         201.148    -413.517         200.835    -413.654             192             192
  148         920.605    -868.039         920.399    -868.321             148             148
   53       -2257.365    -240.242       -2257.578    -239.929              53              53
  107        2065.434     393.927        2065.323     393.454             107             107
  137        -668.260   -1204.177        -668.574   -1204.153             137             137
  108        1230.938     161.998        1230.893     161.520             108             108
  198         131.749    1194.545         132.038    1194.374             198             198
  238       -1154.633    1549.001       -1154.402    1549.301             238             238
  248         592.161    -845.723         591.836    -845.783             248             248
    8         136.396     718.820         136.445     718.797               8               8
    3         106.656    -413.993         106.432    -413.981               3               3
  202         726.213    -470.427         725.963    -470.675             202             202
   36        1554.694    1610.765        1554.990    1610.434              36              36
   23         467.626      36.998         467.671      37.040              23              23
  232        1057.529    -902.937        1057.421    -903.150             232             232
   75         251.150    1152.326         251.554    1152.317              75              75
  123       -1205.404    -669.790       -1205.529    -669.401             123             123
  193        1419.909   -1279.492        1419.696   -1279.840             193             193
  187       -1776.257    1128.132       -1775.972    1128.502             187             187
  126         231.211    -933.294         230.911    -933.259             126             126
   57         -95.169    -486.668         -95.323    -486.627              57              57
  131        -615.161   -2029.152        -615.749   -2029.186             131             131
  204        1564.426    1468.064        1564.628    1467.596             204             204
  174         818.485   -1883.758         818.162   -1884.066             174             174
   30        -346.117    1150.340        -345.820    1150.185              30              30
  212         931.559     706.405         931.800     706.173             212             212
   54        -994.675     -23.828        -994.578     -23.581              54              54
  145        -641.114   -1697.354        -641.533   -1697.383             145             145
   72         118.686     958.627         118.827     958.323              72              72
   37         -84.388    1210.312         -84.169    1210.234              37              37
  214         486.624    1035.205         486.870    1035.200             214             214
   32        -418.415   -2145.360        -418.790   -2145.312              32              32
  208       -2611.440    -409.036       -2611.735    -408.823             208             208
  165        1773.702    1377.063        1773.722    1376.354             165             165
  191        1040.676    1275.521        1041.002    1275.104             191             191
  196        -872.923    1186.126        -872.625    1186.157             196             196
   14        -541.322    2646.964        -540.845    2647.099              14              14
  116        -351.242     556.081        -351.319     556.301             116             116
  237         953.653     537.775         953.630     537.609             237             237
   34        -516.305    1410.140        -516.151    1410.395              34              34
   68        1703.094   -1351.900        1702.668   -1352.270              68              68
   16          79.878    1488.547          80.191    1488.401              16              16
  251         940.341    1700.047         940.695    1699.913             251             251
  157         861.996    1465.218         862.435    1465.331             157             157
   47        -735.657   -1951.699        -736.018   -1951.373              47              47
  249        -506.620     497.296        -506.582     497.361             249             249
  213         293.269    -434.162         293.068    -434.322             213             213
  146         735.143    2119.586         735.668    2119.438             146             146
  124       -1924.703    -934.289       -1925.035    -933.798             124             124
  125        1151.390    1768.126        1151.549    1767.900             125             125
  131         987.045   -1091.260         986.746   -1091.462             131             131
  132         100.479    1295.575         100.760    1295.480             132             132
   83         665.376     601.320         665.500     601.209              83              83
  158          79.578     254.556          79.629     254.516             158             158
  199        1506.999    1615.995        1507.545    1615.684             199             199
  241       -2484.474     322.625       -2484.314     323.313             241             241
   67        -370.264     889.857        -370.269     890.015              67              67
  141         645.807     809.483         645.920     809.439             141             141
   75       -2114.914     861.854       -2114.949     862.489              75              75
  251        1839.874     800.285        1839.781     800.003             251             251
  175        -465.327    1874.780        -465.026    1875.257             175             175
  146         140.643   -2108.863         139.843   -2108.642             146             146
  254         796.633     878.652         796.493     878.509             254             254
  126        2443.467     509.895        2443.376     509.512             126             126
  123        2670.776    -198.252        2670.884    -198.701             123             123
  146        -799.245     390.503        -799.021     390.905             146             146
   72        1332.761    -609.028        1332.615    -609.144              72              72
  152         698.357    -314.830         698.417    -314.860             152             152
   72        -246.567    -481.335        -246.590    -481.155              72              72
  207        -218.334    -547.378        -218.504    -547.237             207             207
   27         410.219   -1268.522         409.828   -1268.680              27              27
   16          77.443    -180.070          77.241    -180.326              16              16
  118        2777.588    1960.764        2778.100    1959.991             118             118
  126         366.307    1984.447         367.062    1984.678             126             126
  190         199.970   -1911.561         199.720   -1911.351             190             190
   40        -264.534     -31.184        -264.328     -31.145              40              40
  136        -956.928    1744.222        -956.354    1744.718             136             136
   27       -1750.877   -2737.578       -1751.644   -2736.956              27              27
   18        -719.705     192.897        -720.000     193.000              18              18
   19        1817.354     722.518        1817.326     722.258              19              19
   33         401.791   -2851.336         401.052   -2851.377              33              33
  235        1441.330    -762.872        1441.285    -763.489             235             235
  223       -2293.197    -825.240       -2293.395    -825.012             223             223
   45         435.960     985.983         435.958     985.519              45              45
  189         506.656     709.217         506.691     708.792             189             189
  160         423.484    2855.678         424.113    2855.500             160             160
   27        -454.723     874.260        -454.736     874.554              27              27
  150        2280.405     225.869        2280.298     225.394             150             150
  145         874.989     147.865         875.108     147.630             145             145
  208        -426.844    1106.538        -426.633    1106.632             208             208
   13        1640.245     889.378        1640.353     888.979              13              13
  252        1713.857    2628.053        1714.657    2627.892             252             252
  148         341.883    -517.486         341.952    -517.165             148             148
   94         -47.316      37.381         -47.206      37.685              94              94
  122        -131.591   -1501.826        -132.038   -1501.671             122             122
   45        1908.302    1075.207        1908.629    1074.864              45              45
  159         761.940   -2604.915         761.548   -2605.044             159             159
  202        -758.816    -981.501        -758.862    -981.674             202             202
   79        -353.341    1350.002        -352.934    1349.726              79              79
  213        -221.386    2203.693        -220.820    2203.672             213             213
   66         199.588    1254.807         199.896    1254.875              66              66
  152        -294.972    1219.317        -294.745    1219.604             152             152
  159        1332.209     330.709        1332.242     330.604             159             159
  192         652.053    -506.902         652.030    -507.000             192             192
  236        -571.584    1572.067        -571.207    1572.330             236             236
  146        2298.422    -104.916        2298.418    -105.307             146             146
  255        1025.227    -224.553        1025.500    -224.748             255             255
   66         -82.793     349.399         -82.358     349.439              66              66
  151         -41.250     119.352         -40.894     119.308             151             151
  111       -1131.457    1810.425       -1130.710    1810.734             111             111
   87       -1843.575    1719.582       -1843.168    1720.356              87              87
  142        1474.933     168.724        1474.968     168.646             142             142
   25        -698.937     103.317        -698.731     103.680              25              25
  132        -963.253    1409.252        -962.920    1409.737             132             132
  203        1817.440    1063.133        1817.840    1063.088             203             203
   84        -647.919   -1131.670        -647.887   -1131.153              84              84
  218        -877.287     855.595        -876.798     856.090             218             218
  214       -1537.071     -54.228       -1536.934     -53.436             214             214
   63       -1730.135     -63.131       -1730.189     -62.269              63              63
  110        -888.863   -1020.067        -889.283   -1019.489             110             110
   89        -704.475   -1235.022        -704.957   -1234.690              89              89
   44         369.296    -157.653         369.307    -157.683              44              44
  165       -2608.930   -1002.868       -2609.171   -1002.195             165             165
  222       -3227.449    2353.282       -3227.323    2354.303             222             222
   21         956.640     -89.894         955.974     -89.728              21              21
   68         282.936    -610.601         282.375    -610.352              68              68
  122         408.989     -32.831         408.594     -32.606             122             122
  118        1614.531    -929.413        1614.034    -929.483             118             118
  148        1050.639   -1356.379        1050.276   -1356.350             148             148
  234        -344.534   -2529.847        -345.206   -2529.668             234             234
  159       -1098.551    -306.846       -1098.847    -306.474             159             159
  247         801.521   -3644.278         800.191   -3644.666             247             247
   81         951.210    -342.043         951.014    -342.800              81              81
  194         -47.208     191.983         -47.205     191.654             194             194
   72        -293.992     358.658        -294.096     358.488              72              72
  195        1100.501     576.483        1100.445     575.986             195             195
   29        2232.273     406.004        2232.561     405.204              29              29
   66       -1574.230     999.270       -1573.719     999.603              66              66
  107       -1261.719    1353.100       -1261.537    1353.512             107             107
   17        1127.804     469.805        1127.759     469.609              17              17
  221         144.916     768.300         145.203     768.435             221             221
  140       -1598.790    -277.401       -1598.960    -276.765             140             140
  121       -1194.908    -221.539       -1195.421    -221.151             121             121
    3         433.441     537.683         432.994     537.620               3               3
  186        2204.608    -965.097        2203.907    -965.835             186             186
  224        2562.931    2277.449        2563.601    2276.676             224             224
  176         450.865     172.795         451.059     172.856             176             176
   75        1073.103    1034.785        1073.561    1034.650              75              75
  190        -590.218    1171.117        -589.794    1171.720             190             190
  153        1549.384   -1517.326        1549.094   -1517.460             153             153
  185       -1252.956     891.626       -1252.454     892.290             185             185
    1       -1263.184   -1882.784       -1263.838   -1882.110               1               1
    3         437.458   -1445.244         436.952   -1445.455               3               3
  191       -1954.453     848.111       -1954.400     848.677             191             191
    4         141.663    -613.962         141.009    -613.842               4               4
  125        1723.429   -1634.850        1722.734   -1635.438             125             125
  213        -393.069    -587.461        -393.356    -587.685             213             213
   92        1009.213    1273.528        1009.476    1272.978              92              92
   33        -946.854     587.530        -946.910     587.725              33              33
   47        1838.674    1408.391        1838.817    1407.853              47              47
   36        1651.712     772.208        1652.020     771.888              36              36
   91         337.945    -201.755         338.085    -201.779              91              91
   39        -152.277    1793.744        -151.567    1793.977              39              39
  220       -1316.774    -207.683       -1316.910    -206.944             220             220
  219         311.383    -207.211         311.070    -207.113             219             219
  191        1270.294     602.944        1270.429     602.824             191             191
   50         499.773    -883.276         499.669    -883.135              50              50
   66        -421.298   -1150.924        -421.468   -1150.733              66              66
    6        -789.909     320.088        -789.683     320.402               6               6
   83       -2137.225   -1011.452       -2137.664   -1010.664              83              83
   83       -1191.131   -1786.745       -1192.166   -1786.561              83              83
   96         865.705      27.101         865.273      26.430              96              96
  186         632.806    1367.282         633.016    1366.882             186             186
  237         555.269     -59.673         555.176     -60.025             237             237
  120        -569.314    2630.958        -568.574    2631.150             120             120
   85        -672.467    -106.115        -672.775    -105.699              85              85
  197         594.688    1150.118         594.785    1150.142             197             197
  119         -57.506   -1338.655         -58.085   -1338.572             119             119
  128        -881.164    1660.102        -880.992    1660.405             128             128
   16        1651.234    -486.503        1650.820    -486.875              16              16
  197        -462.477      -6.557        -462.601      -6.450             197             197
   71         958.783      72.087         958.748      71.599              71              71
   25       -1614.090    2609.893       -1613.357    2610.445              25              25
   95        -699.119     494.278        -699.355     494.818              95              95
  154         170.551     264.140         170.277     264.311             154             154
  216       -1281.247     -10.015       -1281.759      -9.514             216             216
  217        1668.448    1692.964        1668.555    1692.658             217             217
   86       -1162.015    -534.112       -1162.571    -533.451              86              86
  104        1143.208     266.234        1142.848     265.979             104             104
   17        -678.698     341.256        -679.004     341.553              17              17
  145         367.548    1734.863         367.530    1735.034             145             145
  187        1235.596    -659.892        1234.969    -659.935             187             187
  232         -78.413    -727.569         -78.972    -727.590             232             232
  138        -480.366    3088.608        -479.884    3088.954             138             138
   60         851.259     726.535         850.994     726.976              60              60
   29       -1240.209   -2158.919       -1241.556   -2158.135              29              29
   73        1115.790     930.680        1115.311     930.513              73              73
  249         642.716    -348.457         642.012    -348.289             249             249
  224        -748.386    -347.496        -749.260    -346.875             224             224
   51         472.529   -2310.575         470.828   -2310.658              51              51
    9        -179.037      99.739        -180.048      99.599               9               9
   81          23.493     266.480          22.317     266.339              81              81
   62        -899.050    1257.428        -900.341    1257.692              62              62
  205         -33.415    1561.537         -35.299    1561.759             205             205
   54         378.962    1488.878         375.990    1489.281              54              54
   22          57.089    -911.761          49.946    -911.280              22              22
