SINAL     NFT                         FFT                         NFT INVERSA     FFT INVERSA
-----     -----------------------     -----------------------     -----------     -----------
  114       64015.000       0.000       64015.000       0.000             114             114
  181       -1134.179    -373.486       -1134.166    -373.486             181             181
   79        -186.789     126.673        -186.777     126.673              79              79
  195         997.032    -486.194         997.044    -486.196             195             195
    6        -277.655    1414.581        -277.637    1414.580               6               6
   50        -523.854    1071.746        -523.838    1071.749              50              50
   27        -863.655     385.388        -863.640     385.393              27              27
  227       -1912.048    -444.163       -1912.039    -444.155             227             227
  229         219.230    1634.052         219.246    1634.055             229             229
    0       -1453.494   -1924.542       -1453.499   -1924.530               0               0
  246        1747.929    -258.471        1747.930    -258.484             246             246
   13        2260.479     260.819        2260.493     260.805              13              13
  126        1619.106    -194.167        1619.124    -194.180             126             126
   23        -555.479     672.601        -555.455     672.607              23              23
  152        -232.157   -1007.714        -232.152   -1007.714             152             152
  118         174.896     985.472         174.918     985.468             118             118
  190          60.842     297.786          60.854     297.790             190             190
  171        2688.621   -1741.532        2688.623   -1741.565             171             171
  166        -791.729     737.986        -791.692     737.978             166             166
   11        -351.498    2995.321        -351.443    2995.325              11              11
   78         697.775    -375.067         697.799    -375.068              78              78
   18       -2053.945    2007.324       -2053.890    2007.359              18              18
    0       -2398.336    -757.895       -2398.338    -757.851               0              -0
   87         -86.124     444.240         -86.116     444.247              87              87
  226         -69.490    -331.845         -69.485    -331.838             226             226
  178       -1572.678    1803.994       -1572.646    1804.035             178             178
   87          18.880   -1545.496          18.850   -1545.473              87              87
    1         808.830   -2215.986         808.794   -2216.003               1               1
  207         702.213      73.191         702.221      73.162             207             207
  116        1490.548    1166.291        1490.594    1166.260             116             116
  103       -1527.799    -104.207       -1527.775    -104.175             103             103
   67        -581.944    -619.002        -581.947    -619.000              67              67
  226        -459.737    1988.653        -459.691    1988.664             226             226
    4        -797.327    -933.515        -797.352    -933.494               4               4
  149         904.515    1157.274         904.534    1157.249             149             149
  120         368.236    1272.440         368.264    1272.446             120             120
   39         930.645     -37.382         930.642     -37.384              39              39
  176        2458.881     421.187        2458.912     421.151             176             176
  111         364.181   -1922.776         364.177   -1922.778             111             111
  173        -496.171    -541.767        -496.157    -541.785             173             173
  184        1437.613    3755.891        1437.745    3755.859             184             184
  156        -683.833    -812.463        -683.804    -812.409             156             156
  203       -1577.237    -629.607       -1577.230    -629.561             203             203
  125        1020.386     655.681        1020.435     655.648             125             125
  253       -1791.631    2349.456       -1791.525    2349.534             253             253
   33       -1634.725    -491.800       -1634.727    -491.702              33              33
  154        -446.056   -2557.449        -446.118   -2557.434             154             154
  113       -1767.012    1672.769       -1766.958    1672.806             113             113
   40        -389.566    1899.431        -389.508    1899.483              40              40
  173       -2151.972    -871.584       -2152.017    -871.462             173             173
   39         353.610    -994.557         353.549    -994.532              39              39
  125          57.094   -2209.609          57.015   -2209.606             125             125
  197        -839.609    -671.075        -839.652    -671.078             197             197
   41         833.917    1668.091         833.954    1668.060              41              41
  175        -375.178    -755.393        -375.218    -755.369             175             175
  182        1062.404     862.198        1062.426     862.169             182             182
  141        -692.206    -321.928        -692.227    -321.891             141             141
  152         288.967     571.916         288.956     571.916             152             152
  154        1401.849    -267.654        1401.822    -267.696             154             154
  166        1090.724    1488.754        1090.787    1488.733             166             166
   58        -622.261     347.491        -622.261     347.563              58              58
  203        2655.939    -502.824        2655.916    -502.883             203             203
  194         219.427    -568.500         219.433    -568.481             194             194
   97         770.643     895.659         770.703     895.676              97              97
   39        -688.608   -1771.167        -688.676   -1771.088              39              39
   53         805.589   -1108.963         805.523   -1108.985              53              53
   94        1473.475     177.321        1473.478     177.284              94              94
  142        2079.880   -1411.015        2079.848   -1411.071             142             142
   12        1328.269   -1527.538        1328.268   -1527.590              12              12
  191        -550.655   -1148.065        -550.658   -1148.056             191             191
  156        1552.724   -1019.834        1552.727   -1019.941             156             156
    9         -12.200     989.178         -12.077     989.153               9               9
  238       -1320.194    1122.578       -1320.094    1122.678             238             238
  147        -257.361   -2195.930        -257.446   -2195.888             147             147
    6        -607.107    -670.251        -607.139    -670.235               6               6
  118        1410.500    -869.735        1410.469    -869.818             118             118
  155         848.170   -1241.738         848.172   -1241.825             155             155
  129       -1231.708      65.624       -1231.659      65.616             129             129
  111        -279.436    1819.783        -279.340    1819.771             111             111
   30         637.072      18.657         637.082      18.630              30              30
   13        1222.644     -81.322        1222.686     -81.409              13              13
  219          50.136    1582.132          50.292    1582.123             219             219
   16        -884.392     769.867        -884.296     769.944              16              16
  175        -832.833     257.487        -832.801     257.567             175             175
  215         185.258      24.996         185.268      25.020             215             215
  251         352.974    -215.337         352.982    -215.328             251             251
   35        1049.269   -1081.330        1049.260   -1081.398              35              35
   44         328.519    1357.117         328.676    1357.087              44              44
  137         -17.565     499.453         -17.431     499.482             137             137
  150       -2332.443     345.110       -2332.356     345.268             150             150
   20        -439.171    1616.283        -439.048    1616.380              20              20
  248       -1401.984    -830.262       -1402.012    -830.081             248             248
  171         227.163   -1756.339         227.083   -1756.311             171             171
   21        -740.596    -610.497        -740.583    -610.451              21              21
  191       -1148.333     168.096       -1148.291     168.191             191             191
  210        -689.755   -1361.620        -689.810   -1361.559             210             210
   51       -1510.000    -501.072       -1510.019    -500.990              51              51
  171       -1064.621    -287.792       -1064.663    -287.739             171             171
  172         326.283     247.687         326.297     247.660             172             172
  110       -1011.466     498.308       -1011.419     498.398             110             110
  112        -957.695    -363.037        -957.733    -362.930             112             112
  212          42.010   -1478.084          41.907   -1478.088             212             212
  225        -984.694     608.664        -984.657     608.717             225             225
   17        -852.475      25.166        -852.513      25.248              17              17
  253        1385.522    -617.794        1385.492    -617.873             253             253
  128       -2211.882     156.372       -2211.854     156.532             128             128
   15       -1414.600     108.906       -1414.684     109.043              15              15
  109        1781.439    -926.397        1781.307    -926.483             109             109
   98        1054.115    -424.950        1054.112    -424.994              98              98
   88        -341.068   -2003.501        -341.162   -2003.491              88              88
  101       -1281.260     462.947       -1281.239     463.013             101             101
   32        1048.783   -1487.510        1048.670   -1487.603              32              32
  209        -517.048    -348.946        -517.044    -348.973             209             209
    9        -723.112     425.249        -723.089     425.260               9               9
  231         260.027     -24.804         260.018     -24.845             231             231
  189        -239.664    -424.820        -239.692    -424.846             189             189
  101         506.530     741.195         506.613     741.115             101             101
   21       -1019.495     271.018       -1019.442     271.072              21              21
  128        -556.537     444.828        -556.492     444.841             128             128
   45       -1669.978    1426.292       -1669.899    1426.430              45              45
   72        -291.608     157.529        -291.673     157.600              72              72
   22         757.640   -1049.771         757.525   -1049.849              22              22
  214        -481.048    1860.388        -480.923    1860.418             214             214
  171         729.677    -307.783         729.644    -307.820             171             171
  231        -249.435    1602.043        -249.277    1602.097             231             231
  229       -1687.236    -175.441       -1687.279    -175.247             229             229
  141        -545.322    1253.571        -545.332    1253.700             141             141
   81        2061.847   -1164.505        2061.702   -1164.569              81              81
  200          42.126   -1718.990          42.001   -1719.000             200             200
  192         -98.875    1151.339         -98.793    1151.338             192             192
  170        1146.864    -243.582        1146.864    -243.632             170             170
   38       -1068.372    -763.516       -1068.419    -763.425              38              38
   10         268.452    1178.327         268.531    1178.325              10              10
  147         455.179    -139.770         455.182    -139.731             147             147
  160        -462.250    -935.516        -462.317    -935.423             160             160
  116         570.861   -1296.379         570.786   -1296.439             116             116
  140       -1707.859    -775.035       -1707.907    -774.969             140             140
  172        -520.140    1303.524        -520.068    1303.490             172             172
  190        -226.265    2333.077        -226.080    2333.136             190             190
  123       -1767.404     662.189       -1767.427     662.476             123             123
   46         596.195    -427.073         596.040    -427.016              46              46
  184         -53.760     -87.429         -53.867     -87.318             184             184
   95        1755.454   -1960.974        1755.222   -1961.089              95              95
   76         321.175      13.911         321.198      13.877              76              76
   81       -1224.046    -568.755       -1224.143    -568.646              81              81
   42        -424.344    1146.651        -424.397    1146.723              42              42
   68        2862.286    -401.154        2862.137    -401.350              68              68
    6        2167.518     142.969        2167.578     142.840               6               6
  148         -79.546    -715.018         -79.561    -714.919             148             148
   98         764.634   -1874.131         764.464   -1874.202              98              98
  161        1335.224     925.834        1335.382     925.695             161             161
   75        -911.691     816.304        -911.571     816.517              75              75
  228        1852.594   -1808.436        1852.479   -1808.479             228             228
  187        -887.390   -3012.041        -887.561   -3011.977             187             187
  149       -2319.119     240.948       -2319.112     241.094             149             149
  120          81.207     504.631          81.147     504.647             120             120
   90         755.383   -1226.502         755.192   -1226.547              90              90
  170         856.087     285.389         856.088     285.360             170             170
  239        1251.856   -3295.462        1251.559   -3295.601             239             239
   78        -574.755    -497.201        -574.770    -497.281              78              78
   21         -43.051     211.621         -43.057     211.523              21              21
  193         364.570     934.127         364.617     934.062             193             193
  250        1334.551    -235.699        1334.504    -235.822             250             250
  175        1234.656    -731.691        1234.607    -731.851             175             175
   14        2306.266     333.050        2306.457     332.763              14              14
   45       -1458.338     -59.895       -1458.174     -59.771              45              45
  109        -724.495    1470.980        -724.279    1471.101             109             109
    0       -1292.066   -1207.059       -1292.226   -1206.854              -0              -0
   97        1488.213     -71.362        1488.193     -71.503              97              97
  187         165.819   -1583.553         165.717   -1583.601             187             187
   59         975.747     591.005         975.958     590.840              59              59
   89       -2500.180     183.418       -2500.052     183.712              89              89
   81       -1509.420   -1198.598       -1509.615   -1198.455              81              81
   31         465.341     -10.843         465.290     -10.985              31              31
  137        -612.234     976.534        -612.131     976.553             137             137
  245       -1244.533     792.037       -1244.548     792.190             245             245
  130        1876.191     861.803        1876.226     861.652             130             130
  236        -503.440     495.377        -503.390     495.561             236             236
  196        1409.333    -652.351        1409.272    -652.369             196             196
  239        -404.195   -1789.432        -404.335   -1789.310             239             239
   33        -518.048   -1900.700        -518.256   -1900.696              33              33
  245        -348.152      -2.285        -348.171      -2.334             245             245
  186          22.277    -388.244          22.213    -388.314             186             186
  176        -227.118     742.888        -227.043     742.888             176             176
  117        -511.186     -97.513        -511.255     -97.416             117             117
  176        1005.064    -909.566        1004.933    -909.682             176             176
  133        -348.959    -530.298        -348.986    -530.298             133             133
   38       -1828.191    -602.776       -1828.362    -602.626              38              38
  137        1487.872     172.744        1487.777     172.496             137             137
  226        -602.834    -878.081        -603.040    -878.125             226             226
  183        2440.538    1795.287        2440.710    1794.894             183             183
  162        -237.530    1347.329        -237.336    1347.440             162             162
  249         500.863   -1251.108         500.678   -1251.087             249             249
  220         735.003   -2022.737         734.757   -2022.945             220             220
  203       -1139.818     794.271       -1139.811     794.217             203             203
   76        2771.027     887.297        2771.059     886.781              76              76
   49        1053.333    3923.011        1053.899    3922.907              49              49
   63         479.548     193.354         479.606     193.497              63              63
  132        1948.075   -1865.860        1947.925   -1866.111             132             132
   37         170.091    2240.391         170.526    2240.333              37              37
   51         455.350    1137.823         455.627    1137.908              51              51
  179        -358.965    -707.246        -358.946    -707.076             179             179
  152         392.917    -441.147         392.981    -441.174             152             152
  196       -1185.758       5.546       -1185.652       5.664             196             196
  159       -1099.417    2110.467       -1099.141    2110.671             159             159
  227        -588.417    -173.939        -588.519    -173.739             227             227
   39         361.578    1716.229         361.698    1716.362              39              39
   23        1818.626   -1685.710        1818.386   -1685.782              23              23
  113         776.020     559.029         776.178     559.027             113             113
   49         822.068    -355.557         822.138    -355.511              49              49
  172          53.967     -93.073          54.093     -92.896             172             172
   74         147.913   -1626.064         147.839   -1625.923              74              74
  197        -791.504   -1028.710        -791.500   -1028.487             197             197
  255       -1827.512   -2920.733       -1827.901   -2920.509             255             255
   18         384.268     732.077         384.338     731.961              18              18
  240         -82.331   -1019.424         -82.430   -1019.398             240             240
  104        -799.512      -8.558        -799.506      -8.444             104             104
  178        -116.254    -599.761        -116.370    -599.719             178             178
  164         152.518    -209.500         152.484    -209.503             164             164
   49        -876.790     100.577        -876.847     100.780              49              49
   51        1700.538   -1337.683        1700.300   -1337.865              51              51
  208         515.942     -40.150         515.989     -40.173             208             208
  124        1601.348    -878.272        1601.383    -878.392             124             124
   13       -2071.893   -2270.105       -2072.121   -2269.789              13              13
  117        1508.832    -850.548        1508.768    -850.823             117             117
   74       -1442.103   -1461.547       -1442.235   -1461.411              74              74
  200        1101.298    -625.840        1101.270    -626.109             200             200
   39        -657.650    -902.230        -657.655    -902.264              39              39
  166        -138.432     511.679        -138.260     511.596             166             166
   52         298.444     405.575         298.709     405.563              52              52
    1       -3615.476   -1963.652       -3615.713   -1963.138               1               1
  243         245.647    -448.407         245.492    -448.581             243             243
   25        -483.692    -251.764        -483.720    -251.830              25              25
  227        -475.710     580.451        -475.608     580.421             227             227
  133        -741.252     751.036        -741.133     751.144             133             133
  254        -671.143     317.386        -671.113     317.591             254             254
   19        -338.827   -2297.832        -339.182   -2297.792              19              19
  210       -1166.449     505.516       -1166.405     505.616             210             210
  108         -38.455   -1188.576         -38.662   -1188.634             108             108
  233       -1808.498     603.940       -1808.478     604.161             233             233
  140          75.014    -885.374          74.750    -885.401             140             140
  217       -1200.855    -907.904       -1201.159    -907.829             217             217
  115        1510.039     462.175        1509.987     461.848             115             115
  226         249.739    -821.526         249.640    -821.639             226             226
   76        -359.301    -308.990        -359.292    -309.092              76              76
  155       -2379.266    1425.004       -2379.142    1425.325             155             155
  100         120.763    -539.678         120.445    -539.666             100             100
  124         705.960    -899.596         705.697    -899.766             124             124
   24        -465.276    -618.629        -465.486    -618.689              24              24
  114         858.799    -422.645         858.672    -422.991             114             114
  235       -2917.486    1500.023       -2917.485    1500.358             235             235
  176        2154.516    -182.758        2154.107    -183.200             176             176
   30        2041.261    1800.887        2041.396    1800.524              30              30
  212        2077.516    -770.046        2077.391    -770.393             212             212
   28         -66.498     834.676         -66.397     834.598              28              28
  131        3051.203    1760.731        3051.561    1760.304             131             131
  222       -2091.000      -0.549       -2091.000       0.000             222             222
   26        3051.930   -1759.857        3051.565   -1760.294              26              26
  117         -66.291    -834.520         -66.395    -834.599             117             117
  205        2077.256     770.757        2077.386     770.399             205             205
  155        2041.542   -1800.145        2041.400   -1800.521             155             155
  184        2153.679     183.670        2154.105     183.207             184             184
   68       -2917.480   -1500.716       -2917.482   -1500.363              68              68
  240         858.536     423.361         858.669     422.995             240             240
   30        -465.710     618.753        -465.487     618.689              30              30
  229         705.405     899.954         705.690     899.770             229             229
   53         120.101     539.652         120.446     539.666              53              53
  241       -2379.003   -1425.683       -2379.140   -1425.331             241             241
  213        -359.284     309.203        -359.294     309.091             213             213
  115         249.526     821.769         249.637     821.642             115             115
  125        1509.929    -461.479        1509.988    -461.844             125             125
   64       -1201.505     907.741       -1201.163     907.826              64              64
   24          74.449     885.432          74.749     885.401              24              24
   35       -1808.456    -604.420       -1808.478    -604.165              35              35
   65         -38.907    1188.701         -38.666    1188.634              65              65
  118       -1166.350    -505.733       -1166.403    -505.617             118             118
   53        -339.603    2297.744        -339.187    2297.791              53              53
  197        -671.077    -317.833        -671.113    -317.591             197             197
   49        -740.989    -751.273        -741.131    -751.145              49              49
  139        -475.484    -580.384        -475.606    -580.420             139             139
   97        -483.756     251.908        -483.721     251.829              97              97
   41         245.301     448.800         245.490     448.585              41              41
  114       -3616.009    1962.497       -3615.716    1963.130             114             114
  110         299.035    -405.545         298.709    -405.560             110             110
  103        -138.046    -511.492        -138.260    -511.597             103             103
   94        -657.665     902.307        -657.658     902.264              94              94
  209        1101.233     626.454        1101.269     626.112             209             209
   86       -1442.407    1461.238       -1442.239    1461.410              86              86
  155        1508.684     851.181        1508.767     850.825             155             155
   95       -2072.427    2269.372       -2072.126    2269.785              95              95
   80        1601.429     878.551        1601.383     878.394              80              80
   22         516.051      40.207         515.989      40.176              22              22
  152        1699.978    1338.111        1700.297    1337.868             152             152
   77        -876.922    -101.056        -876.846    -100.782              77              77
   40         152.437     209.509         152.483     209.504              40              40
   79        -116.530     599.666        -116.372     599.722              79              79
  202        -799.496       8.284        -799.505       8.441             202             202
  132         -82.572    1019.363         -82.434    1019.398             132             132
    1         384.438    -731.800         384.341    -731.961               1               1
  188       -1828.455    2920.190       -1827.908    2920.505             188             188
  251        -791.495    1028.171        -791.501    1028.486             251             251
  139         147.729    1625.723         147.836    1625.923             139             139
  248          54.272      92.640          54.092      92.895             248             248
  104         822.242     355.446         822.139     355.512             104             104
  165         776.412    -559.022         776.180    -559.026             165             165
  167        1818.026    1685.892        1818.382    1685.786             167             167
  128         361.882   -1716.561         361.702   -1716.362             128             128
  132        -588.676     173.439        -588.521     173.738             132             132
  235       -1098.718   -2110.983       -1099.136   -2110.674             235             235
   51       -1185.491      -5.849       -1185.651      -5.668              51              51
  221         393.077     441.217         392.979     441.175             221             221
  142        -358.918     706.811        -358.947     707.075             142             142
    0         456.062   -1138.039         455.629   -1137.907              -0              -0
  228         171.217   -2240.243         170.531   -2240.333             228             228
   91        1947.683    1866.512        1947.922    1866.115              91              91
  226         479.701    -193.723         479.608    -193.495             226             226
  136        1054.819   -3922.736        1053.907   -3922.905             136             136
  202        2771.113    -885.937        2771.061    -886.774             202             202
  148       -1139.798    -794.133       -1139.809    -794.222             148             148
  135         734.346    2023.291         734.751    2022.946             135             135
   32         500.366    1251.053         500.676    1251.088              32              32
  160        -237.007   -1347.627        -237.335   -1347.441             160             160
   26        2441.007   -1794.218        2440.714   -1794.889              26              26
   98        -603.397     878.195        -603.043     878.122              98              98
   51        1487.610    -172.062        1487.776    -172.493              51              51
  103       -1828.664     602.359       -1828.365     602.622             103             103
  115        -349.037     530.296        -348.988     530.297             115             115
   16        1004.698     909.894        1004.931     909.685              16              16
   58        -511.376      97.244        -511.254      97.416              58              58
  232        -226.908    -742.888        -227.043    -742.888             232             232
  150          22.095     388.440          22.212     388.314             150             150
  234        -348.205       2.421        -348.171       2.333             234             234
   62        -518.644    1900.687        -518.259    1900.696              62              62
  120        -404.601    1789.084        -404.339    1789.310             120             120
  250        1409.157     652.405        1409.272     652.371             250             250
  214        -503.293    -495.911        -503.389    -495.563             214             214
   52        1876.293    -861.361        1876.226    -861.650              52              52
  210       -1244.573    -792.489       -1244.547    -792.193             210             210
   63        -611.928    -976.592        -612.129    -976.554              63              63
  115         465.189      11.269         465.289      10.988             115             115
  141       -1510.003    1198.167       -1509.617    1198.452             141             141
  114       -2499.795    -184.308       -2500.050    -183.718             114             114
   23         976.381    -590.503         975.958    -590.838              23              23
   66         165.504    1583.701         165.712    1583.603              66              66
  197        1488.152      71.793        1488.193      71.505             197             197
  242       -1292.560    1206.429       -1292.229    1206.853             242             242
  151        -723.820   -1471.353        -724.274   -1471.101             151             151
  240       -1457.829      59.507       -1458.173      59.768             240             240
   27        2306.861    -332.149        2306.457    -332.759              27              27
   34        1234.501     732.197        1234.606     731.854              34              34
   26        1334.400     236.091        1334.503     235.825              26              26
   55         364.722    -933.917         364.619    -934.061              55              55
  145         -43.072    -211.306         -43.058    -211.523             145             145
    5        -574.805     497.456        -574.770     497.280               5               5
   85        1250.875    3295.918        1251.550    3295.604              85              85
  246         856.092    -285.291         856.089    -285.358             246             246
   32         754.748    1226.651         755.189    1226.548              32              32
  162          81.015    -504.683          81.150    -504.646             162             162
  167       -2319.097    -241.444       -2319.111    -241.100             167             167
  208        -887.974    3011.826        -887.571    3011.975             208             208
  150        1852.200    1808.585        1852.475    1808.482             150             150
  226        -911.280    -817.029        -911.569    -816.519             226             226
  105        1335.768    -925.353        1335.385    -925.691             105             105
  110         764.043    1874.377         764.460    1874.203             110             110
  186         -79.600     714.674         -79.563     714.918             186             186
  216        2167.729    -142.511        2167.578    -142.835             216             216
  132        2861.762     401.850        2862.136     401.357             132             132
   97        -424.531   -1146.905        -424.395   -1146.725              97              97
  222       -1224.392     568.365       -1224.144     568.644             222             222
  176         321.257     -13.785         321.198     -13.875             176             176
  187        1754.607    1961.391        1755.216    1961.091             187             187
  190         -54.152      87.023         -53.869      87.318             190             190
  110         595.625     426.863         596.040     427.016             110             110
  152       -1767.482    -663.250       -1767.423    -662.479             152             152
    8        -225.572   -2333.298        -226.076   -2333.137               8               8
  121        -519.864   -1303.397        -520.064   -1303.490             121             121
   34       -1708.043     774.783       -1707.910     774.966              34              34
   11         570.572    1296.609         570.782    1296.441              11              11
  174        -462.507     935.158        -462.318     935.422             174             174
  222         455.190     139.619         455.181     139.732             222             222
  249         268.759   -1178.320         268.532   -1178.326             249             249
  201       -1068.556     763.159       -1068.421     763.422             201             201
  230        1146.863     243.780        1146.863     243.633             230             230
  152         -98.550   -1151.338         -98.791   -1151.339             152             152
  111          41.622    1719.030          41.999    1719.000             111             111
  115        2061.248    1164.781        2061.698    1164.574             115             115
   72        -545.361   -1254.106        -545.332   -1253.703              72              72
   13       -1687.412     174.631       -1687.280     175.242              13              13
  176        -248.776   -1602.267        -249.274   -1602.098             176             176
   83         729.537     307.941         729.644     307.822              83              83
  107        -480.512   -1860.512        -480.919   -1860.418             107             107
  140         757.141    1050.101         757.520    1049.850             140             140
   23        -291.881    -157.834        -291.672    -157.600              23              23
  179       -1669.631   -1426.898       -1669.896   -1426.435             179             179
   78        -556.338    -444.888        -556.491    -444.842              78              78
   27       -1019.257    -271.261       -1019.440    -271.074              27              27
  238         506.903    -740.841         506.615    -741.114             238             238
   88        -239.792     424.934        -239.693     424.846              88              88
   22         259.979      24.985         260.015      24.844              22              22
   92        -723.004    -425.299        -723.088    -425.260              92              92
   58        -517.032     349.064        -517.045     348.972              58              58
   89        1048.251    1487.950        1048.667    1487.607              89              89
  208       -1281.160    -463.263       -1281.239    -463.016             208             208
  252        -341.522    2003.455        -341.168    2003.491             252             252
  254        1054.099     425.164        1054.111     424.996             254             254
   53        1780.798     926.820        1781.304     926.488              53              53
  191       -1415.008    -109.572       -1414.684    -109.045             191             191
  107       -2211.745    -157.164       -2211.854    -156.537             107             107
   36        1385.369     618.187        1385.490     617.874              36              36
  104        -852.669     -25.578        -852.514     -25.249             104             104
    3        -984.501    -608.927        -984.654    -608.717               3               3
  157          41.480    1478.104          41.904    1478.088             157             157
  161        -957.895     362.485        -957.735     362.928             161             161
   42       -1011.219    -498.782       -1011.417    -498.402              42              42
    2         326.353    -247.548         326.296    -247.660               2               2
  216       -1064.843     287.511       -1064.664     287.738             216             216
   49       -1510.104     500.629       -1510.020     500.988              49              49
  226        -690.067    1361.282        -689.813    1361.557             226             226
  136       -1148.101    -168.623       -1148.290    -168.195             136             136
  173        -740.528     610.233        -740.584     610.447             173             173
    7         226.706    1756.177         227.080    1756.310               7               7
  197       -1402.145     829.226       -1402.013     830.077             197             197
  173        -438.458   -1616.834        -439.043   -1616.379             173             173
  226       -2331.938    -346.040       -2332.354    -345.275             226             226
  237         -16.781    -499.622         -17.430    -499.483             237             237
  160         329.462   -1356.941         328.681   -1357.087             160             160
   77        1049.203    1081.746        1049.257    1081.402              77              77
   51         353.026     215.282         352.984     215.328              51              51
  165         185.322     -25.137         185.269     -25.019             165             165
   81        -832.629    -257.988        -832.799    -257.570              81              81
  110        -883.789    -770.354        -884.295    -769.947             110             110
   89          51.133   -1582.067          50.298   -1582.120              89              89
    9        1222.916      81.879        1222.687      81.409               9               9
  225         637.137     -18.474         637.082     -18.628             225             225
   12        -278.792   -1819.702        -279.336   -1819.771              12              12
   55       -1231.376     -65.578       -1231.658     -65.619              55              55
  196         848.172    1242.326         848.169    1241.826             196             196
   93        1410.288     870.315        1410.469     869.822              93              93
    1        -607.332     670.143        -607.140     670.236               1               1
   14        -257.968    2195.637        -257.450    2195.889              14              14
   87       -1319.484   -1123.296       -1320.093   -1122.681              87              87
  119         -11.299    -988.998         -12.074    -989.153             119             119
   50        1552.743    1020.630        1552.726    1019.946              50              50
   34        -550.681    1147.993        -550.659    1148.054              34              34
  118        1328.254    1527.939        1328.264    1527.592             118             118
  106        2079.631    1411.451        2079.845    1411.075             106             106
  100        1473.499    -177.027        1473.478    -177.281             100             100
   75         805.070    1109.132         805.522    1108.986              75              75
   54        -689.162    1770.527        -688.678    1771.087              54              54
   47         771.131    -895.793         770.703    -895.676              47              47
   32         219.471     568.354         219.431     568.483              32              32
  114        2655.751     503.339        2655.916     502.887             114             114
  183        -622.261    -348.124        -622.260    -347.566             183             183
  246        1091.291   -1488.564        1090.790   -1488.731             246             246
   90        1401.598     268.054        1401.820     267.701              90              90
  167         288.872    -571.919         288.957    -571.916             167             167
   60        -692.400     321.583        -692.227     321.890              60              60
  187        1062.607    -861.903        1062.426    -862.165             187             187
  191        -375.575     755.170        -375.221     755.369             191             191
  227         834.287   -1667.778         833.957   -1668.058             227             227
  171        -840.035     671.089        -839.653     671.075             171             171
  136          56.254    2209.581          57.007    2209.606             136             136
   71         352.966     994.301         353.546     994.532              71              71
   98       -2152.447     870.290       -2152.020     871.456              98              98
   93        -388.940   -1899.990        -389.506   -1899.485              93              93
  157       -1766.400   -1673.207       -1766.954   -1672.811             157             157
   90        -446.787    2557.270        -446.125    2557.433              90              90
  147       -1634.740     490.657       -1634.727     491.697             147             147
   43       -1790.360   -2350.383       -1791.519   -2349.538              43              43
   57        1020.981    -655.271        1020.436    -655.645              57              57
  168       -1577.153     629.034       -1577.231     629.557             168             168
  148        -683.480     811.790        -683.805     812.408             148             148
  124        1439.326   -3755.479        1437.751   -3755.857             124             124
  226        -495.996     541.999        -496.159     541.784             226             226
  232         364.103    1922.806         364.172    1922.778             232             232
  192        2459.324    -420.679        2458.913    -421.146             192             192
  194         930.610      37.413         930.642      37.385             194             194
  190         368.661   -1272.527         368.267   -1272.446             190             190
  116         904.802   -1156.901         904.534   -1157.249             116             116
   42        -797.730     933.179        -797.355     933.492              42              42
  227        -458.993   -1988.818        -459.690   -1988.664             227             227
  195        -582.018     618.955        -581.949     618.998             195             195
  108       -1527.401     103.615       -1527.776     104.170             108             108
  185        1491.385   -1165.728        1490.597   -1166.257             185             185
  195         702.388     -72.639         702.223     -73.161             195             195
  174         808.096    2216.323         808.788    2216.004             174             174
  140          18.239    1545.038          18.845    1545.474             140             140
  101       -1571.996   -1804.855       -1572.641   -1804.039             101             101
   63         -69.372     331.720         -69.485     331.839              63              63
   35         -85.944    -444.422         -86.117    -444.248              35              35
   12       -2398.397     756.786       -2398.340     757.844              12              12
   55       -2052.566   -2008.239       -2053.884   -2007.365              55              55
   30         698.377     375.119         697.798     375.069              30              30
  166        -349.934   -2995.451        -351.435   -2995.326             166             166
  154        -790.653    -737.794        -791.691    -737.982             154             154
   19        2688.659    1742.587        2688.619    1741.575              19              19
  238          61.247    -297.902          60.854    -297.789             238             238
   58         175.652    -985.320         174.919    -985.467              58              58
  243        -231.978    1007.685        -232.153    1007.711             243             243
  214        -554.467    -672.821        -555.453    -672.607             214             214
   19        1619.883     194.754        1619.123     194.183              19              19
    1        2261.072    -260.011        2260.492    -260.796               1               1
   97        1747.961     259.176        1747.928     258.487              97              97
  112       -1453.865    1923.835       -1453.505    1924.527             112             112
  251         220.297   -1634.221         219.248   -1634.053             251             251
  123       -1911.452     443.463       -1912.041     444.150             123             123
  246        -862.338    -385.874        -863.638    -385.395             246             246
   49        -522.031   -1072.017        -523.834   -1071.751              49              49
  127        -275.327   -1414.493        -277.634   -1414.582             127             127
  165         999.123     486.745         997.042     486.199             165             165
  175        -183.550    -126.631        -186.777    -126.674             175             175
   21       -1127.543     373.176       -1134.166     373.481              21              21
