SINAL     NFT                         FFT                         NFT INVERSA     FFT INVERSA
-----     -----------------------     -----------------------     -----------     -----------
    9       65801.000       0.000       65801.000       0.000               9               9
   93         420.428    1731.686         420.442    1731.686              93              93
  236        -628.870     676.612        -628.856     676.613             236             236
   94        1528.123     570.840        1528.138     570.839              94              94
   59       -1351.602    -785.521       -1351.588    -785.518              59              59
   45         -19.324    -275.413         -19.312    -275.413              45              45
  185          23.120     259.176          23.136     259.176             185             185
   87       -2054.485    -734.855       -2054.477    -734.846              87              87
  126        1483.710   -1019.082        1483.715   -1019.092             126             126
  119          26.493    1062.810          26.514    1062.807             119             119
  166        -758.221      57.521        -758.210      57.527             166             166
  113        1169.509    -918.143        1169.513    -918.150             113             113
    2        2010.144    -383.361        2010.162    -383.380               2               2
  236       -1339.438     358.928       -1339.412     358.936             236             236
  219       -1091.000   -1202.175       -1090.995   -1202.174             219             219
  203       -1361.170    1702.157       -1361.148    1702.164             203             203
  195        1370.454      72.903        1370.462      72.890             195             195
  142        -162.911     -21.372        -162.897     -21.371             142             142
  121        1137.711      35.357        1137.729      35.340             121             121
   91         -90.986    1601.364         -90.942    1601.373              91              91
  231       -1663.819   -2948.732       -1663.838   -2948.711             231             231
   69        -876.350     795.167        -876.333     795.168              69              69
   93         -51.755   -1670.190         -51.770   -1670.203              93              93
    3        -397.627     412.345        -397.611     412.324               3               3
  101        -656.187    2343.051        -656.149    2343.047             101             101
   45         832.947    1211.564         832.974    1211.552              45              45
  192       -1627.328    1087.120       -1627.309    1087.156             192             192
    9         655.174    -624.456         655.154    -624.458               9               9
  241         923.867    -575.690         923.855    -575.715             241             241
  148        2012.960    1637.435        2013.004    1637.400             148             148
  205       -1127.628   -1479.233       -1127.642   -1479.216             205             205
  209        1621.258    1608.605        1621.296    1608.564             209             209
  109       -1031.390     571.947       -1031.375     571.973             109             109
    0        2280.253     201.667        2280.256     201.623               0               0
  190        1250.842     176.352        1250.866     176.325             190             190
  189        1478.795     637.565        1478.838     637.538             189             189
  103         203.574    -848.537         203.589    -848.546             103             103
  140        -519.479    1573.682        -519.429    1573.690             140             140
   13        2363.893     837.503        2363.932     837.470              13              13
  103        1428.281   -2384.845        1428.275   -2384.880             103             103
  240          81.777    1842.205          81.885    1842.195             240             240
  243        -944.344    -923.275        -944.320    -923.240             243             243
   76        -675.120   -1990.602        -675.142   -1990.620              76              76
   67         967.815    2759.746         967.932    2759.686              67              67
  210       -1335.850    1463.863       -1335.752    1463.910             210             210
   21       -2002.572     250.264       -2002.538     250.334              21              21
   25        -606.628    -179.073        -606.615    -179.058              25              25
   67       -2099.148    1484.844       -2099.107    1484.906              67              67
  179         927.505     235.431         927.505     235.414             179             179
  163         344.019    1034.086         344.078    1034.090             163             163
   38        -720.232     188.128        -720.197     188.169              38              38
  222        -758.598     949.772        -758.548     949.820             222             222
   42       -1412.158     610.154       -1412.141     610.251              42              42
  227         404.024   -2186.733         403.941   -2186.714             227             227
  215          53.118   -1683.781          53.059   -1683.804             215             215
  120         895.473     319.124         895.489     319.056             120             120
  135        1685.003    1014.602        1685.082    1014.521             135             135
  155        -370.230    1436.194        -370.112    1436.214             155             155
  200       -1207.627     479.011       -1207.557     479.082             200             200
  233       -2408.752    -299.982       -2408.759    -299.884             233             233
   49        1042.196    1397.400        1042.256    1397.376              49              49
  101       -1565.290     781.055       -1565.236     781.163             101             101
  223       -1019.420      30.340       -1019.426      30.441             223             223
   45        -768.985    -893.986        -769.044    -893.898              45              45
   84         889.973   -1714.351         889.895   -1714.350              84              84
  189       -1227.952   -2810.115       -1228.079   -2810.081             189             189
   11         449.018    -991.257         448.944    -991.348              11              11
  114        1006.363    1529.296        1006.416    1529.200             114             114
  173        1248.339    1649.543        1248.429    1649.490             173             173
   29         429.343     831.071         429.419     831.091              29              29
   15        -448.107    -599.685        -448.106    -599.629              15              15
   23        -289.902    -274.642        -289.909    -274.614              23              23
   50         451.336     157.076         451.348     157.078              50              50
   62         -47.157   -1129.766         -47.209   -1129.754              62              62
  213        1201.463     392.818        1201.490     392.765             213             213
  181         430.444    -337.154         430.444    -337.150             181             181
   55        2439.709   -1829.123        2439.674   -1829.266              55              55
   29         777.810    2450.108         778.049    2450.069              29              29
  117       -1272.199    -467.966       -1272.109    -467.839             117             117
  100       -1891.455   -1463.001       -1891.456   -1462.873             100             100
  174       -2617.030   -1535.378       -2617.100   -1535.257             174             174
  187       -1134.887     -13.811       -1134.931     -13.774             187             187
  213         340.854    -239.885         340.805    -239.907             213             213
   25         569.636    -402.934         569.610    -402.961              25              25
   82         655.447   -1327.276         655.396   -1327.333              82              82
   80         392.948     251.063         393.012     251.013              80              80
  146       -1340.493    -831.477       -1340.506    -831.436             146             146
   68         -73.537    1273.420         -73.461    1273.404              68              68
  213        -360.798    1031.151        -360.734    1031.240             213             213
   21          -1.311   -4118.336          -1.548   -4118.337              21              21
  242        1098.913    1398.923        1099.029    1398.822             242             242
  160        -527.268   -2772.455        -527.361   -2772.454             160             160
  125       -1992.899      -9.451       -1992.884      -9.421             125             125
  239       -1288.836     -12.277       -1288.899     -12.260             239             239
   77        1060.749    -890.168        1060.627    -890.312              77              77
  183        1939.189     205.485        1939.202     205.253             183             183
   84        1122.864    1541.736        1123.025    1541.566              84              84
   55       -1226.452    2180.873       -1226.290    2180.907              55              55
  192        2061.345    1161.845        2061.447    1161.702             192             192
  205         555.027    1955.495         555.260    1955.477             205             205
    7       -1805.626     400.758       -1805.530     400.905               7               7
   25        -361.309    1191.273        -361.209    1191.324              25              25
   10       -1729.154     848.883       -1729.139     849.052              10              10
  163        3241.564     287.805        3241.590     287.659             163             163
  213        -639.012    -195.176        -638.941    -195.069             213             213
  169         183.290   -1049.424         183.263   -1049.405             169             169
   53         801.046    -310.415         801.104    -310.472              53              53
  241        -258.342     449.003        -258.202     449.047             241             241
   40       -1101.921   -1314.243       -1101.915   -1314.145              40              40
   74       -1894.718    -998.193       -1894.754    -998.101              74              74
  169         -26.945     193.983         -26.916     193.935             169             169
    4        -421.687    -240.031        -421.649    -240.055               4               4
  113       -1996.874    1008.780       -1996.785    1008.866             113             113
    5        -875.158    2667.345        -875.022    2667.463               5               5
  108        1519.451   -1759.894        1519.315   -1759.942             108             108
  171        -394.606     425.850        -394.532     425.883             171             171
    1         129.825    -420.791         129.823    -420.780               1               1
  107         146.526    -596.498         146.529    -596.517             107             107
  225        -201.469     117.825        -201.408     117.829             225             225
  117         611.709    -509.875         611.759    -509.936             117             117
  169       -1307.235     -24.185       -1307.132     -24.115             169             169
  126       -1754.401     212.593       -1754.342     212.720             126             126
  126       -1492.165   -1234.838       -1492.290   -1234.770             126             126
   31         422.649     293.002         422.643     292.860              31              31
  139         839.636    2435.779         839.880    2435.678             139             139
  187        -515.171     660.988        -515.028     661.077             187             187
  210       -1101.147     -66.045       -1101.089     -65.922             210             210
   65       -1254.756    -646.458       -1254.796    -646.382              65              65
  138         868.811    1540.087         868.999    1540.000             138             138
  173       -2362.045     208.470       -2361.971     208.699             173             173
  204        -114.525     616.365        -114.467     616.409             204             204
   15         169.591     -11.065         169.684     -11.031              15              15
   74       -2676.194    -450.484       -2676.154    -450.231              74              74
   93       -2072.778    -188.751       -2072.816    -188.575              93              93
  118       -1247.040     486.695       -1247.055     486.824             118             118
  208        -227.998    -797.138        -228.093    -797.096             208             208
  252       -1379.111   -1014.882       -1379.205   -1014.819             252             252
  120       -2304.133    1501.231       -2304.093    1501.402             120             120
  106         -27.683    -243.013         -27.850    -242.989             106             106
  163        1172.508    -673.452        1172.377    -673.589             163             163
   92         915.636     -39.502         915.666     -39.674              92              92
  115       -1151.460    2157.292       -1151.233    2157.377             115             115
   17          55.235    -345.184          55.213    -345.174              17              17
  156       -1351.042    1273.554       -1350.938    1273.687             156             156
  129         811.429     -95.121         811.429     -95.163             129             129
  202       -1288.207    -339.406       -1288.184    -339.313             202             202
  111       -2223.500    1016.180       -2223.453    1016.345             111             111
   70        -370.584    1700.481        -370.530    1700.542              70              70
  109         267.294     249.850         267.254     249.864             109             109
  224        -280.449    1821.796        -280.313    1821.885             224             224
   22        -427.490    1132.037        -427.452    1132.230              22              22
   77        1452.783     -79.623        1452.751     -79.582              77              77
  183         239.257   -1509.078         239.177   -1508.973             183             183
  101       -1206.315   -1671.890       -1206.442   -1671.753             101             101
   33        -389.433     143.521        -389.411     143.556              33              33
   34       -1391.842    -744.306       -1391.937    -744.164              34              34
  157        -585.735     -21.518        -585.802     -21.493             157             157
  148         -56.154    1756.584         -56.021    1756.651             148             148
  153        -635.823   -1041.568        -635.966   -1041.396             153             153
  129        -445.763    -376.243        -445.856    -376.133             129             129
  241        -565.264   -1665.720        -565.512   -1665.658             241             241
   33         -18.404     573.214         -18.428     573.208              33              33
  255         -54.777    -810.563         -54.948    -810.535             255             255
  252         860.929    -315.068         860.837    -315.178             252             252
  210         411.580    1032.652         411.681    1032.663             210             210
   75          22.043   -1148.337          21.909   -1148.244              75              75
  103         593.222   -1011.905         593.120   -1011.911             103             103
  157         -84.792   -2779.511         -85.062   -2779.558             157             157
   89         316.784      70.798         316.860      70.641              89              89
  148       -2300.129    -173.328       -2300.149    -173.133             148             148
   99         135.899   -1007.961         135.721   -1008.067              99              99
  142       -1228.765     597.947       -1228.771     597.984             142             142
   93        -187.852     244.155        -187.960     244.134              93              93
  134        1123.657    -294.690        1123.547    -294.865             134             134
   82        -298.832     191.684        -298.864     191.664              82              82
  194         670.869    -832.121         670.700    -832.300             194             194
  175        1080.811    1344.508        1080.952    1344.275             175             175
  165         306.006     674.529         306.115     674.447             165             165
   72        -295.258    1374.907        -295.088    1374.948              72              72
   60        -636.357    -115.488        -636.428    -115.389              60              60
   94         239.916    -319.784         239.757    -319.889              94              94
  180        2408.988    3145.414        2409.324    3145.169             180             180
   23        1000.653    -500.149        1000.682    -500.111              23              23
   73        1296.978    -803.927        1297.048    -804.017              73              73
  159       -1236.968   -1484.327       -1236.975   -1484.251             159             159
  226       -1380.318    1467.726       -1380.087    1467.809             226             226
  219        -900.000     959.102        -899.891     959.250             219             219
  178       -1129.036      22.995       -1129.103      23.197             178             178
  184        1002.779    -670.664        1002.673    -670.790             184             184
  231       -1404.651    1125.549       -1404.522    1125.733             231             231
  178        -465.524    -732.768        -465.729    -732.689             178             178
  142        1046.160     678.057        1046.166     677.913             142             142
  234         671.916    1445.618         672.105    1445.650             234             234
  121         660.586   -2088.829         660.411   -2088.834             121             121
  164       -1792.066    -235.828       -1792.060    -235.666             164             164
   42        -748.478     791.662        -748.470     791.744              42              42
   69        -363.009     289.877        -363.115     289.984              69              69
   82        1079.633   -1039.124        1079.374   -1039.256              82              82
  123        1364.737     652.679        1364.786     652.484             123             123
  244        1189.876     176.362        1189.948     176.245             244             244
   41         508.789     352.321         508.931     352.330              41              41
   41          83.597    -727.450          83.615    -727.377              41              41
  167       -1290.835   -1466.249       -1290.992   -1466.097             167             167
  184         424.885     120.135         424.897     120.024             184             184
  210        -612.234    -147.385        -612.251    -147.310             210             210
   41         279.843    -788.722         279.715    -788.798              41              41
   58        1148.644     -65.252        1148.735     -65.478              58              58
   37       -2535.998     224.818       -2535.934     225.109              37              37
   81        -255.304      67.476        -255.429      67.479              81              81
  201         765.303     511.269         765.289     511.185             201             201
   44         204.955   -1219.958         204.723   -1219.995              44              44
  154        2490.073    -269.359        2490.107    -269.785             154             154
  154       -1290.258    -370.956       -1290.193    -370.891             154             154
  238          86.529     641.568          86.613     641.460             238             238
  132         533.769    -300.639         533.757    -300.813             132             132
  235        1006.107    1156.350        1006.410    1156.127             235             235
  121       -1689.212    -135.478       -1689.109    -135.306             121             121
   46        -614.175     337.135        -614.110     337.078              46              46
   31       -1320.345    2418.224       -1320.054    2418.374              31              31
   63         -25.121     -36.975         -25.248     -36.937              63              63
  107         996.672     351.079         996.649     350.874             107             107
   99        2239.192    1764.808        2239.561    1764.475              99              99
    8        -284.154     359.907        -283.855     359.965               8               8
  128       -1464.897    1990.197       -1464.456    1990.474             128             128
  138        -702.287     192.516        -702.138     192.750             138             138
  105       -2670.068     200.179       -2670.016     200.642             105             105
  131        -528.006     682.414        -527.946     682.586             131             131
  157       -2949.210    -513.645       -2949.441    -513.140             157             157
  131        1482.017       1.948        1481.879       1.726             131             131
  187       -2598.655     701.816       -2598.693     702.214             187             187
   62        1418.596     245.674        1418.431     245.484              62              62
  206        -491.858     986.217        -491.832     986.318             206             206
  207        1099.507    1465.680        1099.613    1465.654             207             207
   12         409.965    -159.909         409.902    -159.794              12              12
  190         530.079     344.707         530.128     344.812             190             190
   45        -968.153   -2719.003        -968.657   -2718.869              45              45
   63        2400.843    3206.448        2401.320    3206.104              63              63
   46       -1289.256   -1036.246       -1289.388   -1035.862              46              46
  211        1950.501     629.594        1950.659     629.430             211             211
   61       -2779.205    -298.174       -2779.254    -297.518              61              61
  124        1751.413   -2254.457        1750.968   -2254.604             124             124
   19        -323.020   -2185.566        -323.332   -2185.649              19              19
   34        -189.272    1633.451        -189.067    1633.372              34              34
  231        1578.540     778.701        1578.712     778.593             231             231
   30        -663.886   -1803.979        -664.036   -1803.772              30              30
  200        -936.515   -1495.923        -936.702   -1495.874             200             200
    2        -973.056      -4.043        -973.070      -4.061               2               2
  254       -1332.273    1288.763       -1332.170    1288.906             254             254
   66        -342.299     502.657        -342.374     502.747              66              66
  223        -656.195     500.966        -656.307     501.160             223             223
   74         356.348   -1049.374         355.940   -1049.401              74              74
   29        1401.468     253.442        1401.350     253.178              29              29
   74         985.270     100.528         985.222     100.348              74              74
   52         936.236     702.559         936.347     702.422              52              52
  122        -838.812     344.372        -838.869     344.591             122             122
   37        2253.285    -372.864        2253.102    -373.173              37              37
  197        1001.000       0.146        1001.000       0.000             197             197
  129        2252.916     373.497        2253.101     373.180             129             129
  170        -838.923    -344.816        -838.867    -344.592             170             170
   91         936.462    -702.280         936.347    -702.421              91              91
  231         985.172    -100.160         985.222    -100.346             231             231
   99        1401.228    -252.895        1401.350    -253.173              99              99
  196         355.508    1049.430         355.937    1049.401             196             196
  221        -656.428    -501.365        -656.309    -501.160             221             221
  215        -342.455    -502.844        -342.374    -502.748             215             215
  246       -1332.055   -1289.063       -1332.167   -1288.908             246             246
   87        -973.082       4.077        -973.068       4.058              87              87
  239        -936.913    1495.815        -936.707    1495.871             239             239
   43        -664.206    1803.540        -664.040    1803.769              43              43
  117        1578.904    -778.466        1578.713    -778.588             117             117
   15        -188.834   -1633.284        -189.063   -1633.372              15              15
  255        -323.688    2185.742        -323.338    2185.649             255             255
   18        1750.457    2254.773        1750.964    2254.606              18              18
   83       -2779.313     296.757       -2779.256     297.511              83              83
   17        1950.846    -629.234        1950.662    -629.426              17              17
    1       -1289.543    1035.411       -1289.390    1035.858               1               1
   63        2401.886   -3205.693        2401.326   -3206.099              63              63
   93        -969.260    2718.706        -968.664    2718.865              93              93
  125         530.185    -344.935         530.127    -344.810             125             125
  201         409.826     159.657         409.900     159.794             201             201
   53        1099.745   -1465.620        1099.616   -1465.652              53              53
  106        -491.796    -986.444        -491.829    -986.320             106             106
  115        1418.230    -245.246        1418.432    -245.480             115             115
  242       -2598.737    -702.713       -2598.691    -702.221             242             242
  176        1481.705      -1.446        1481.878      -1.723             176             176
   13       -2949.731     512.493       -2949.442     513.129              13              13
   53        -527.869    -682.805        -527.946    -682.587              53              53
    2       -2669.948    -201.242       -2670.014    -200.651               2               2
  231        -701.946    -193.051        -702.138    -192.750             231             231
  237       -1463.871   -1990.841       -1464.448   -1990.479             237             237
  157        -283.463    -360.042        -283.854    -359.966             157             157
   48        2240.056   -1764.030        2239.567   -1764.470              48              48
  168         996.616    -350.598         996.647    -350.871             168             168
  214         -25.415      36.888         -25.246      36.938             214             214
   75       -1319.654   -2418.581       -1320.049   -2418.377              75              75
  183        -614.021    -337.003        -614.109    -337.079             183             183
  115       -1688.967     135.067       -1689.109     135.304             115             115
  109        1006.835   -1155.812        1006.415   -1156.123             109             109
   81         533.739     301.060         533.756     300.816              81              81
  254          86.736    -641.310          86.617    -641.460             254             254
   29       -1290.103     370.796       -1290.194     370.888              29              29
  100        2490.155     270.403        2490.106     269.792             100             100
   41         204.385    1220.049         204.719    1219.997              41              41
  123         765.269    -511.060         765.290    -511.181             123             123
   28        -255.612     -67.486        -255.429     -67.480              28              28
  243       -2535.836    -225.546       -2535.932    -225.114             243             243
   29        1148.871      65.819        1148.735      65.481              29              29
   51         279.519     788.912         279.712     788.798              51              51
  250        -612.276     147.197        -612.251     147.310             250             250
    6         424.916    -119.855         424.897    -120.024               6               6
  245       -1291.240    1465.860       -1290.997    1466.094             245             245
  188          83.641     727.263          83.612     727.377             188             188
  242         509.154    -352.342         508.932    -352.328             242             242
  138        1190.064    -176.055        1189.951    -176.240             138             138
  174        1364.866    -652.171        1364.787    -652.480             174             174
   14        1078.958    1039.469        1079.371    1039.259              14              14
  205        -363.285    -290.158        -363.115    -289.985             205             205
  123        -748.454    -791.878        -748.467    -791.746             123             123
  187       -1792.050     235.399       -1792.061     235.663             187             187
  239         660.118    2088.844         660.405    2088.836             239             239
  102         672.422   -1445.702         672.106   -1445.650             102             102
   52        1046.178    -677.661        1046.166    -677.909              52              52
   41        -466.080     732.556        -465.731     732.689              41              41
  225       -1404.299   -1126.056       -1404.520   -1125.739             225             225
  165        1002.487     671.010        1002.672     670.791             165             165
  212       -1129.221     -23.552       -1129.104     -23.199             212             212
    6        -899.696    -959.513        -899.889    -959.252               6               6
   39       -1379.675   -1467.959       -1380.084   -1467.813              39              39
  220       -1236.991    1484.113       -1236.977    1484.249             220             220
  207        1297.173     804.189        1297.047     804.022             207             207
  254        1000.730     500.047        1000.680     500.114             254             254
  177        2409.952   -3144.709        2409.333   -3145.162             177             177
  251         239.460     320.080         239.755     319.888             251             251
  254        -636.561     115.204        -636.429     115.388             254             254
  112        -294.766   -1375.022        -295.086   -1374.947             112             112
  232         306.321    -674.289         306.116    -674.445             232             232
   95        1081.221   -1343.827        1080.953   -1344.273              95              95
   34         670.370     832.652         670.698     832.304              34              34
  155        -298.927    -191.626        -298.864    -191.664             155             155
   84        1123.327     295.213        1123.543     294.868              84              84
  230        -188.175    -244.093        -187.961    -244.134             230             230
  115       -1228.782    -598.062       -1228.770    -597.988             115             115
  190         135.361    1008.284         135.719    1008.069             190             190
  254       -2300.191     172.731       -2300.150     173.128             254             254
  169         317.014     -70.318         316.860     -70.639             169             169
  197         -85.632    2779.656         -85.069    2779.559             197             197
  193         592.902    1011.926         593.117    1011.912             193             193
  169          21.620    1148.047          21.904    1148.244             169             169
   71         411.894   -1032.685         411.681   -1032.662              71              71
   71         860.641     315.414         860.838     315.178              71              71
  103         -55.321     810.474         -54.950     810.535             103             103
  129         -18.478    -573.196         -18.426    -573.209             129             129
  106        -566.059    1665.520        -565.514    1665.657             106             106
   58        -446.066     375.886        -445.857     376.132              58              58
   53        -636.293    1041.004        -635.969    1041.394              53              53
   70         -55.712   -1756.806         -56.017   -1756.652              70              70
   82        -585.957      21.433        -585.803      21.491              82              82
  125       -1392.156     743.832       -1391.937     744.162             125             125
  120        -389.360    -143.637        -389.411    -143.557             120             120
  203       -1206.747    1671.428       -1206.447    1671.749             203             203
    1         238.984    1508.723         239.175    1508.972               1               1
   23        1452.674      79.489        1452.750      79.585              23              23
  105        -427.360   -1132.699        -427.451   -1132.232             105             105
    8        -279.978   -1822.101        -280.310   -1821.885               8               8
  129         267.155    -249.898         267.254    -249.863             129             129
  130        -370.393   -1700.693        -370.527   -1700.543             130             130
  168       -2223.331   -1016.763       -2223.450   -1016.350             168             168
  189       -1288.129     339.075       -1288.187     339.310             189             189
  222         811.428      95.273         811.428      95.164             222             222
   29       -1350.661   -1274.036       -1350.934   -1273.689              29              29
  159          55.153     345.150          55.212     345.175             159             159
  148       -1150.631   -2157.601       -1151.229   -2157.379             148             148
  116         915.743      40.133         915.665      39.676             116             116
  129        1172.025     673.964        1172.376     673.593             129             129
   32         -28.303     242.923         -27.850     242.989              32              32
  122       -2303.977   -1501.875       -2304.089   -1501.408             122             122
  139       -1379.465    1014.642       -1379.206    1014.816             139             139
  131        -228.362     796.984        -228.095     797.098             131             131
  212       -1247.099    -487.189       -1247.056    -486.826             212             212
  112       -2072.925     188.068       -2072.817     188.570             112             112
  165       -2676.038     449.496       -2676.155     450.225             165             165
  168         169.955      10.935         169.685      11.031             168             168
  184        -114.293    -616.540        -114.464    -616.408             184             184
  240       -2361.750    -209.381       -2361.970    -208.705             240             240
  205         869.566   -1539.740         869.001   -1540.000             205             205
   20       -1254.920     646.142       -1254.797     646.380              20              20
   71       -1100.910      65.540       -1101.088      65.921              71              71
  243        -514.582    -661.355        -515.026    -661.078             243             243
  131         840.658   -2435.357         839.884   -2435.676             131             131
   16         422.625    -292.404         422.644    -292.858              16              16
  138       -1492.693    1234.545       -1492.292    1234.767             138             138
  252       -1754.148    -213.138       -1754.340    -212.724             252             252
  253       -1306.792      23.873       -1307.131      24.111             253             253
  203         611.925     510.144         611.759     509.939             203             203
   54        -201.203    -117.841        -201.407    -117.828              54              54
  136         146.536     596.584         146.528     596.517             136             136
  126         129.815     420.744         129.822     420.781             126             126
   55        -394.277    -426.000        -394.531    -425.884              55              55
  199        1518.830    1760.120        1519.311    1759.946             199             199
  154        -874.522   -2667.879        -875.013   -2667.463             154             154
  115       -1996.464   -1009.183       -1996.785   -1008.870             115             115
   97        -421.509     240.141        -421.649     240.056              97              97
  140         -26.806    -193.760         -26.915    -193.935             140             140
  109       -1894.891     997.749       -1894.755     998.097             109             109
  249       -1101.907    1313.776       -1101.919    1314.143             249             249
  182        -257.662    -449.215        -258.198    -449.048             182             182
  139         801.324     310.692         801.104     310.473             139             139
    3         183.160    1049.333         183.263    1049.406               3               3
  158        -638.661     194.643        -638.941     195.067             158             158
   62        3241.698    -287.054        3241.591    -287.650              62              62
  223       -1729.068    -849.742       -1729.136    -849.056             223             223
   15        -360.798   -1191.533        -361.206   -1191.325              15              15
  142       -1805.131    -401.519       -1805.529    -400.909             142             142
   10         556.251   -1955.395         555.267   -1955.475              10              10
   80        2061.883   -1161.088        2061.449   -1161.697              80              80
   16       -1225.581   -2181.053       -1226.282   -2180.907              16              16
  149        1123.729   -1540.822        1123.026   -1541.564             149             149
  206        1939.258    -204.206        1939.202    -205.246             206             206
  137        1060.076     890.965        1060.625     890.315             137             137
  249       -1289.183      12.175       -1288.899      12.258             249             249
  224       -1992.812       9.273       -1992.883       9.418             224             224
  221        -527.816    2772.451        -527.368    2772.455             221             221
   78        1099.579   -1398.339        1099.031   -1398.819              78              78
   43          -2.701    4118.338          -1.559    4118.336              43              43
  182        -360.416   -1031.673        -360.731   -1031.242             182             182
  184         -73.084   -1273.328         -73.459   -1273.404             184             184
  161       -1340.584     831.228       -1340.509     831.434             161             161
  245         393.340    -250.757         393.013    -251.011             245             245
  149         655.133    1327.626         655.395    1327.335             149             149
  219         569.464     403.103         569.607     402.962             219             219
   90         340.548     240.021         340.804     239.908              90              90
   41       -1135.163      13.578       -1134.931      13.773              41              41
   82       -2617.483    1534.593       -2617.101    1535.253              82              82
   85       -1891.478    1462.156       -1891.460    1462.869              85              85
   39       -1271.610     467.120       -1272.110     467.836              39              39
   16         779.424   -2449.840         778.057   -2450.066              16              16
  166        2439.466    1830.101        2439.671    1829.270             166             166
  181         430.447     337.129         430.444     337.150             181             181
  229        1201.652    -392.447        1201.491    -392.762             229             229
  156         -47.527    1129.676         -47.211    1129.753             156             156
   92         451.423    -157.091         451.350    -157.077              92              92
    1        -289.955     274.437        -289.910     274.614               1               1
  238        -448.103     599.279        -448.107     599.629             238             238
  154         429.906    -831.219         429.421    -831.089             154             154
  112        1249.022   -1649.141        1248.432   -1649.488             112             112
  216        1006.781   -1528.547        1006.420   -1529.195             216             216
   42         448.440     991.964         448.940     991.349              42              42
  187       -1228.963    2809.840       -1228.085    2810.077             187             187
   93         889.343    1714.344         889.894    1714.350              93              93
  223        -769.481     893.258        -769.048     893.895             223             223
  225       -1019.465     -31.179       -1019.426     -30.442             225             225
  143       -1564.828    -781.973       -1565.233    -781.166             143             143
  136        1042.716   -1397.180        1042.258   -1397.374             136             136
  102       -2408.810     299.090       -2408.759     299.876             102             102
   39       -1207.006    -479.642       -1207.556    -479.084              39              39
   36        -369.150   -1436.387        -370.107   -1436.216              36              36
  155        1685.733   -1013.856        1685.084   -1014.519             155             155
  234         895.622    -318.476         895.490    -319.053             234             234
  238          52.539    1684.004          53.055    1683.805             238             238
  246         403.190    2186.547         403.934    2186.714             246             246
   22       -1411.983    -611.123       -1412.140    -610.253              22              22
   73        -758.087    -950.268        -758.545    -949.823              73              73
    9        -719.875    -188.557        -720.198    -188.171               9               9
  212         344.639   -1034.116         344.081   -1034.088             212             212
  245         927.521    -235.242         927.506    -235.412             245             245
  227       -2098.664   -1485.562       -2099.102   -1484.912             227             227
  156        -606.488     178.905        -606.615     179.057             156             156
   92       -2002.162    -251.095       -2002.535    -250.340              92              92
  217       -1334.695   -1464.426       -1335.750   -1463.913             217             217
  105         969.280   -2759.006         967.943   -2759.682             105             105
  128        -675.412    1990.807        -675.147    1990.617             128             128
   79        -944.045     922.824        -944.319     923.238              79              79
  135          83.176   -1842.080          81.889   -1842.194             135             135
  112        1428.171    2385.336        1428.269    2384.884             112             112
  229        2364.439    -837.032        2363.936    -837.464             229             229
  251        -518.759   -1573.798        -519.424   -1573.692             251             251
  161         203.782     848.673         203.587     848.548             161             161
   65        1479.450    -637.140        1478.842    -637.533              65              65
   69        1251.198    -175.936        1250.865    -176.323              69              69
  135        2280.312    -200.957        2280.259    -201.617             135             135
  113       -1031.150    -572.362       -1031.374    -571.973             113             113
  112        1621.929   -1607.873        1621.300   -1608.558             112             112
  110       -1127.909    1478.932       -1127.645    1479.214             110             110
  231        2013.781   -1636.751        2013.009   -1637.392             231             231
  193         923.628     576.158         923.854     575.717             193             193
   90         654.786     624.528         655.153     624.462              90              90
  210       -1626.918   -1087.861       -1627.306   -1087.160             210             210
   20         833.517   -1211.324         832.977   -1211.551              20              20
   68        -655.334   -2342.973        -656.144   -2343.047              68              68
   53        -397.290    -411.879        -397.613    -412.325              53              53
  202         -52.144    1670.476         -51.774    1670.202             202             202
  178        -875.905    -795.204        -876.332    -795.168             178             178
   41       -1664.333    2948.163       -1663.842    2948.707              41              41
   22         -89.762   -1601.592         -90.939   -1601.371              22              22
  134        1138.214     -34.866        1137.728     -35.338             134             134
  218        -162.509      21.364        -162.898      21.374             218             218
  124        1370.732     -72.472        1370.462     -72.888             124             124
  233       -1360.379   -1702.390       -1361.144   -1702.164             233             233
  159       -1090.844    1202.075       -1090.997    1202.170             159             159
   49       -1338.390    -359.260       -1339.410    -358.937              49              49
  252        2010.894     384.224        2010.160     383.383             252             252
   40        1169.660     918.561        1169.510     918.154              40              40
  120        -757.645     -57.859        -758.210     -57.530             120             120
   35          27.681   -1062.648          26.517   -1062.806              35              35
   64        1484.011    1019.786        1483.714    1019.096              64              64
   17       -2053.906     734.129       -2054.479     734.843              17              17
  228          24.481    -259.201          23.135    -259.176             228             228
  239         -18.039     275.444         -19.311     275.414             239             239
   72       -1349.938     784.946       -1351.589     785.514              72              72
  161        1530.770    -570.510        1528.140    -570.833             161             161
  226        -625.170    -676.896        -628.856    -676.615             226             226
  171         428.065   -1731.337         420.447   -1731.683             171             171
