SINAL     NFT                         FFT                         NFT INVERSA     FFT INVERSA
-----     -----------------------     -----------------------     -----------     -----------
  213       66136.000       0.000       66136.000       0.000             213             213
   62        -662.780     332.962        -662.766     332.963              62              62
  187        -508.649      80.515        -508.635      80.516             187             187
   69       -1998.679    -286.203       -1998.667    -286.200              69              69
   13         438.627     -10.699         438.638     -10.701              13              13
  191          87.867    1340.909          87.881    1340.908             191             191
  223        1471.850     -63.846        1471.862     -63.850             223             223
  220        -381.424    1494.059        -381.407    1494.062             220             220
   29        2489.579     376.457        2489.596     376.451              29              29
  179       -1488.352    -884.087       -1488.340    -884.075             179             179
  193         725.212    -544.071         725.222    -544.076             193             193
  127        -789.421     807.260        -789.403     807.264             127             127
   94         347.408    1333.694         347.427    1333.700              94              94
   72         844.992   -1113.148         844.996   -1113.146              72              72
   32        1552.735    -324.192        1552.753    -324.201              32              32
   21       -1648.797    -257.718       -1648.779    -257.696              21              21
  101        -707.497   -2581.427        -707.516   -2581.421             101             101
   72         462.429      63.243         462.435      63.228              72              72
  214        2394.755     337.421        2394.776     337.387             214             214
  185        -993.597    1001.690        -993.562    1001.698             185             185
  178         123.397     976.713         123.423     976.718             178             178
   38         447.518    -550.840         447.527    -550.841              38              38
   57         754.211     682.241         754.242     682.235              57              57
  222        -542.913    -521.966        -542.895    -521.954             222             222
   32        -317.202     641.347        -317.174     641.355              32              32
   86        -478.587     903.226        -478.554     903.250              86              86
   84       -1186.071   -1147.914       -1186.085   -1147.877              84              84
    4        1599.059   -1862.296        1599.038   -1862.325               4               4
  142         376.373     672.675         376.412     672.663             142             142
  193        -489.932    -969.716        -489.920    -969.711             193             193
   27       -1050.105    1413.196       -1050.058    1413.214              27              27
  247       -1128.017    -168.971       -1128.012    -168.937             247             247
   57         602.804     213.410         602.822     213.412              57              57
   68       -1328.513   -1328.587       -1328.525   -1328.548              68              68
   58        -459.517    -862.233        -459.531    -862.228              58              58
   85        -689.567    -487.152        -689.579    -487.147              85              85
  110        1013.909      37.527        1013.913      37.497             110             110
  157         377.852    -416.183         377.865    -416.196             157             157
  111        -962.702    -317.145        -962.692    -317.129             111             111
  221        -234.492   -1735.615        -234.530   -1735.640             221             221
   55         848.262    1626.824         848.321    1626.761              55              55
   38        -899.823    1929.348        -899.746    1929.363              38              38
  159       -1127.804     884.533       -1127.771     884.571             159             159
  207        -634.065     245.868        -634.061     245.892             207             207
   58        -581.218     148.728        -581.224     148.738              58              58
  187         767.415    1802.094         767.464    1802.080             187             187
  195        -213.231    -804.946        -213.247    -804.939             195             195
   99           8.981    2080.843           9.048    2080.844              99              99
  117        -237.142     290.291        -237.126     290.311             117             117
  133         -86.493    2110.646         -86.418    2110.673             133             133
  157       -1395.912     697.580       -1395.899     697.679             157             157
   67         481.964   -1395.789         481.900   -1395.776              67              67
   76        -535.470    1389.396        -535.448    1389.439              76              76
  171        1249.815    -338.142        1249.778    -338.137             171             171
   50        1564.384   -1442.283        1564.337   -1442.316              50              50
  173         899.864    -215.699         899.879    -215.732             173             173
   62         -60.258    1226.899         -60.202    1226.919              62              62
  203        1915.356     -69.413        1915.387     -69.437             203             203
  176        -424.769    -978.380        -424.745    -978.332             176             176
  121       -2258.392    -487.580       -2258.398    -487.474             121             121
    9        -214.547   -1335.322        -214.627   -1335.307               9               9
  181        1525.533      74.936        1525.541      74.880             181             181
   92       -1193.370   -1449.018       -1193.413   -1448.982              92              92
  204         -35.029     975.521         -35.010     975.510             204             204
   56         818.174     272.485         818.177     272.473              56              56
  185         400.469   -1009.842         400.436   -1009.845             185             185
   81        -582.571    -832.187        -582.616    -832.179              81              81
   44        1297.958     140.745        1297.948     140.661              44              44
  252        1452.416    1443.494        1452.506    1443.437             252             252
  153        -817.281    -766.169        -817.304    -766.114             153             153
  200        2233.440    -738.291        2233.426    -738.413             200             200
  145         437.002    1316.269         437.129    1316.234             145             145
   26        -884.799     418.013        -884.724     418.068              26              26
  226       -1708.808     200.023       -1708.799     200.115             226             226
  214        1459.651     642.866        1459.690     642.821             214             214
  229       -1067.383   -1121.936       -1067.402   -1121.880             229             229
  180       -1209.150     888.504       -1209.116     888.555             180             180
   10         111.665     323.931         111.665     323.937              10              10
  245       -1031.148     896.115       -1031.126     896.200             245             245
  129        -974.722   -1216.845        -974.865   -1216.776             129             129
  248        2774.785    -162.352        2774.725    -162.524             248             248
  215        -297.445    1500.967        -297.399    1500.973             215             215
  208        3388.710    1196.394        3388.765    1196.253             208             208
    7         504.587     333.636         504.647     333.666               7               7
  173        1308.252     -65.072        1308.284     -65.082             173             173
  244         612.900   -2181.893         612.828   -2181.925             244             244
   50         708.140      18.703         708.190      18.584              50              50
  106         197.482    4593.452         197.784    4593.466             106             106
   82         455.918    -599.280         455.929    -599.208              82              82
  226         318.769     997.512         318.881     997.566             226             226
    8         272.233      28.648         272.302      28.737               8               8
   79        -584.872   -1549.511        -584.895   -1549.406              79              79
  170       -1052.627    -470.262       -1052.612    -470.160             170             170
   69       -1929.929   -1037.630       -1930.020   -1037.489              69              69
  172        2049.651     -44.433        2049.639     -44.537             172             172
   36        -764.180    -470.110        -764.168    -470.045              36              36
  190        -465.785     812.009        -465.736     812.082             190             190
  144         162.361    -185.355         162.338    -185.266             144             144
  115        1005.318   -2938.707        1005.155   -2938.727             115             115
  254        -710.198   -1224.329        -710.248   -1224.328             254             254
    8         570.220     282.338         570.259     282.267               8               8
  102        -609.359    -341.520        -609.349    -341.510             102             102
  116        -886.768    2122.084        -886.639    2122.165             116             116
    2         361.781     374.725         361.792     374.819               2               2
  125       -1140.454   -2339.124       -1140.657   -2338.966             125             125
  240        1897.448   -1983.375        1897.277   -1983.520             240             240
   35         221.806    -488.770         221.780    -488.842              35              35
    3         525.602    1009.126         525.656    1009.083               3               3
   73        1773.777    -550.998        1773.761    -551.093              73              73
  217         540.427    -372.976         540.464    -373.003             217             217
  198         508.498      -5.280         508.564      -5.292             198             198
   89        -586.422   -1112.172        -586.457   -1112.121              89              89
  236         867.609     491.695         867.693     491.658             236             236
   95        -857.651   -1896.081        -857.738   -1895.999              95              95
  153        -551.958    -478.613        -552.005    -478.598             153             153
  225        1675.514   -1067.540        1675.464   -1067.705             225             225
  129       -1088.327     955.678       -1088.223     955.754             129             129
  132        1723.852   -1838.205        1723.753   -1838.329             132             132
  209        -264.082    -977.559        -264.060    -977.612             209             209
  177       -1183.740     321.596       -1183.674     321.623             177             177
   53         -90.184    -739.704         -90.242    -739.767              53              53
  143         849.170     976.349         849.285     976.215             143             143
   42        -192.920    1152.430        -192.754    1152.460              42              42
  210        -878.306   -1778.672        -878.395   -1778.621             210             210
  196       -1177.376     329.899       -1177.364     329.902             196             196
   99         730.332    1330.789         730.412    1330.702              99              99
  211        1521.216    -881.270        1521.217    -881.433             211             211
  250       -1140.390    1008.588       -1140.223    1008.602             250             250
   35         748.779    1465.086         749.000    1465.000              35              35
  137       -2622.844     594.707       -2622.716     594.923             137             137
   79       -1219.965    1163.890       -1219.889    1163.987              79              79
   31        -733.319    1783.406        -733.207    1783.515              31              31
  164        -135.071    1458.658        -134.982    1458.804             164             164
   98         340.345    -625.455         340.298    -625.325              98              98
  101       -1153.686   -2102.551       -1153.875   -2102.378             101             101
  217         -90.928   -1902.606         -91.146   -1902.654             217             217
  144        1354.094     629.418        1354.170     629.232             144             144
   96        -987.498    -716.907        -987.514    -716.880              96              96
  135        -211.437    1621.853        -211.276    1621.839             135             135
   10        -796.389    -379.621        -796.410    -379.542              10              10
  143       -1072.054    -109.828       -1072.100    -109.780             143             143
   31          54.930    1111.130          54.978    1111.090              31              31
  202         256.168     581.658         256.208     581.633             202             202
  184       -1065.165     849.161       -1065.134     849.273             184             184
  210         972.006     209.492         971.962     209.411             210             210
  121        1207.292    1315.454        1207.448    1315.376             121             121
   97        -510.184     329.627        -510.099     329.764              97              97
  216        -102.706   -1133.889        -102.777   -1133.836             216             216
   18       -1327.692   -1388.303       -1327.829   -1388.276              18              18
   34        -200.303    2781.587        -200.094    2781.544              34              34
   39         796.103     463.458         796.136     463.420              39              39
  222          23.056    1274.271          23.222    1274.327             222             222
  159        -678.163    -812.802        -678.205    -812.704             159             159
  173       -1268.301     575.101       -1268.252     575.179             173             173
  107       -1343.144    2437.921       -1342.987    2438.093             107             107
    2        -300.378     331.732        -300.480     331.856               2               2
   58         739.195    2074.093         739.291    2074.175              58              58
   51         734.283   -1713.936         734.039   -1713.861              51              51
  182        1105.966     333.515        1105.982     333.491             182             182
  161        -900.970   -2067.932        -901.258   -2067.813             161             161
  160        3185.941     705.981        3185.985     705.622             160             160
   30         178.626    -233.392         178.680    -233.405              30              30
  139         966.124     171.545         966.213     171.414             139             139
  142        -242.995    1531.353        -242.753    1531.400             142             142
  183        -170.601     297.322        -170.527     297.408             183             183
   20        -308.876     529.180        -308.816     529.267              20              20
   95        1639.422    1015.252        1639.604    1015.174              95              95
  161        -806.741    -282.919        -806.636    -282.723             161             161
   65       -1496.527    -315.227       -1496.531    -315.019              65              65
  229         486.641    1538.081         486.836    1538.130             229             229
  110        -737.949    -689.783        -737.940    -689.553             110             110
  123       -1513.587    -315.392       -1513.579    -315.106             123             123
  100       -2141.668   -2209.297       -2141.988   -2209.045             100             100
  152         -78.590     558.381         -78.653     558.328             152             152
  161         740.031    1232.464         740.147    1232.420             161             161
  161       -1703.142     554.209       -1703.113     554.531             161             161
  157         -55.166   -1191.569         -55.394   -1191.484             157             157
    1       -1199.803     814.167       -1199.841     814.369               1               1
  106        1413.432    -426.555        1413.270    -426.607             106             106
  176         114.337    -704.441         114.242    -704.393             176             176
  158       -1872.207     477.156       -1872.307     477.461             158             158
  222        2581.793   -1124.797        2581.488   -1125.004             222             222
   86        2155.207    -689.295        2155.158    -689.519              86              86
   73         904.306     542.144         904.519     542.139              73              73
  192       -1830.425   -3322.673       -1830.762   -3322.465             192             192
  138         487.005    1900.808         487.219    1900.709             138             138
   67        -488.808   -1156.898        -488.927   -1156.773              67              67
   63         -16.678    -407.990         -16.704    -407.974              63              63
  252        -907.421   -1288.178        -907.541   -1288.113             252             252
   62       -2545.486    1024.069       -2545.470    1024.362              62              62
   52         200.918    -961.171         200.603    -961.161              52              52
   77         114.243   -1094.576         113.965   -1094.641              77              77
  249         206.114   -1153.325         205.823   -1153.528             249             249
  183         658.247    1839.582         658.337    1839.334             183             183
  128         625.323    1508.546         625.365    1508.427             128             128
  190        2393.889    1862.455        2394.056    1862.203             190             190
  144        1203.902    1310.381        1204.117    1310.384             144             144
   53         617.762    -229.546         617.792    -229.450              53              53
   67         826.123   -1533.220         826.030   -1533.296              67              67
  245       -1490.888    1091.561       -1490.703    1091.733             245             245
  238        -211.887     701.739        -211.864     701.829             238             238
  218         -82.527    1422.881         -82.442    1423.053             218             218
   54        1528.098   -1182.484        1527.894   -1182.524              54              54
  117         899.577     -89.812         899.631     -89.846             117             117
  188        -193.953    -519.523        -193.945    -519.420             188             188
  247        -749.194     156.057        -749.172     156.248             247             247
  174         675.460   -1169.990         675.307   -1170.011             174             174
  139         200.362    -417.359         200.427    -417.395             139             139
   17       -3191.840     936.611       -3191.725     937.112              17              17
  142       -1149.930   -1455.206       -1150.367   -1454.993             142             142
  174         889.709     518.784         889.575     518.671             174             174
   26         -53.203     194.148         -53.339     194.241              26              26
  127        1184.148      24.255        1183.999      24.240             127             127
  192        1743.862   -2215.069        1743.561   -2215.252             192             192
   37       -2229.258    -160.581       -2229.380    -160.301              37              37
  227        1735.757   -1138.089        1735.396   -1138.384             227             227
   43         439.123     459.491         439.041     459.353              43              43
   44        2478.688     656.305        2478.694     655.968              44              44
  112        1183.654    -234.670        1183.643    -234.815             112             112
  148        1902.596     930.445        1902.852     930.250             148             148
   13       -1711.136   -1538.281       -1711.301   -1538.002              13              13
   71        1200.682     314.978        1200.707     314.740              71              71
   28       -1672.153    1122.022       -1672.072    1122.280              28              28
  146         745.729    1147.737         745.652    1147.796             146             146
  250        3461.130   -1164.717        3460.931   -1165.049             250             250
   46        -326.264   -1094.800        -326.356   -1094.702              46              46
  130         899.127    -416.916         899.042    -417.041             130             130
  178         583.586    -349.997         583.515    -350.073             178             178
   88        1259.997    -489.088        1259.928    -489.296              88              88
  247         461.281     703.218         461.393     703.173             247             247
   13        1818.001    -449.575        1818.003    -449.771              13              13
   29        -402.470    -664.285        -402.490    -664.194              29              29
  117         280.645   -1056.962         280.454   -1057.074             117             117
  199        1003.329    1355.674        1003.481    1355.498             199             199
  113        2874.631    -456.745        2874.682    -457.130             113             113
   52        -105.325      66.906        -105.093      66.928              52              52
  249          64.889     344.708          65.070     344.735             249             249
   32        1138.376     585.039        1138.686     584.994              32              32
  105       -2090.429   -1628.241       -2090.489   -1627.830             105             105
   69       -1353.801    -897.427       -1353.944    -897.278              69              69
  165        -902.581     348.004        -902.620     348.092             165             165
  177           6.913     -90.473           6.778     -90.494             177             177
    8         506.511    1031.934         506.594    1031.915               8               8
  226         121.937   -1026.185         121.705   -1026.123             226             226
   26        1203.128    -895.835        1202.962    -896.093              26              26
  129         830.434    1761.685         830.825    1761.590             129             129
  122       -2156.048   -1633.898       -2156.330   -1633.480             122             122
   33         655.289    -353.089         655.054    -353.273              33              33
  158        1290.871     308.091        1290.849     307.795             158             158
  224        1026.271    1837.850        1026.593    1837.739             224             224
  245         462.994     111.377         463.072     111.497             245             245
  240         371.243    -651.193         371.214    -651.088             240             240
  178        -996.748    -607.932        -996.861    -607.601             178             178
  115         899.117   -2902.514         898.585   -2902.634             115             115
  186         114.353   -1407.449         114.101   -1407.643             186             186
  212        1135.719    -713.767        1135.630    -714.181             212             212
  221        -754.000       0.120        -754.000       0.000             221             221
  251        1135.536     714.605        1135.628     714.185             251             251
   21         113.838    1407.842         114.097    1407.644              21              21
  245         898.028    2902.759         898.577    2902.636             245             245
  153        -996.982     607.257        -996.863     607.600             153             153
  114         371.182     650.981         371.213     651.089             114             114
  237         463.153    -111.619         463.072    -111.495             237             237
  208        1026.940   -1837.621        1026.598   -1837.738             208             208
   54        1290.827    -307.477        1290.850    -307.793              54              54
  164         654.799     353.472         655.052     353.274             164             164
   11       -2156.641    1633.020       -2156.334    1633.475              11              11
  195         831.260   -1761.483         830.831   -1761.587             195             195
  235        1202.778     896.382        1202.961     896.096             235             235
  245         121.445    1026.053         121.702    1026.123             245             245
  100         506.690   -1031.892         506.597   -1031.913             100             100
  187           6.625      90.520           6.777      90.496             187             187
  167        -902.665    -348.195        -902.620    -348.094             167             167
   38       -1354.112     897.100       -1353.947     897.274              38              38
  158       -2090.563    1627.345       -2090.492    1627.823             158             158
  109        1139.048    -584.939        1138.688    -584.991             109             109
   73          65.283    -344.765          65.071    -344.734              73              73
   65        -104.819     -66.957        -105.093     -66.930              65              65
  116        2874.744     457.596        2874.683     457.137             116             116
   64        1003.668   -1355.284        1003.485   -1355.495              64              64
   42         280.222    1057.211         280.452    1057.075              42              42
  244        -402.515     664.081        -402.491     664.192             244             244
  196        1818.002     450.014        1818.002     449.774             196             196
   99         461.532    -703.118         461.394    -703.172              99              99
  140        1259.840     489.556        1259.927     489.298             140             140
  212         583.424     350.172         583.514     350.075             212             212
   10         898.935     417.203         899.042     417.043              10              10
  160        -326.476    1094.578        -326.359    1094.702             160             160
  194        3460.672    1165.479        3460.929    1165.051             194             194
   92         745.558   -1147.868         745.655   -1147.794              92              92
   76       -1671.962   -1122.626       -1672.070   -1122.285              76              76
   98        1200.739    -314.423        1200.707    -314.737              98              98
  253       -1711.527    1537.626       -1711.305    1537.998             253             253
  135        1903.197    -929.980        1902.854    -930.244             135             135
  236        1183.625     235.014        1183.641     234.817             236             236
   25        2478.703    -655.501        2478.694    -655.961              25              25
   16         438.930    -459.161         439.042    -459.351              16              16
   59        1734.889    1138.796        1735.391    1138.387              59              59
   93       -2229.546     159.906       -2229.379     160.296              93              93
  117        1743.132    2215.516        1743.554    2215.258             117             117
  224        1183.788     -24.214        1183.999     -24.237             224             224
  147         -53.533    -194.376         -53.339    -194.243             147             147
  140         889.387    -518.507         889.578    -518.669             140             140
   90       -1151.003    1454.680       -1150.371    1454.989              90              90
  225       -3191.553    -937.850       -3191.722    -937.116             225             225
  156         200.520     417.449         200.426     417.395             156             156
   81         675.078    1170.046         675.306    1170.013              81              81
  159        -749.143    -156.539        -749.174    -156.252             159             159
  143        -193.934     519.264        -193.946     519.420             143             143
   50         899.708      89.899         899.628      89.847              50              50
   64        1527.576    1182.587        1527.890    1182.526              64              64
  112         -82.308   -1423.321         -82.440   -1423.055             112             112
   63        -211.828    -701.966        -211.864    -701.828              63              63
   86       -1490.409   -1092.011       -1490.701   -1091.739              86              86
   57         825.879    1533.418         826.028    1533.297              57              57
  225         617.840     229.299         617.791     229.452             225             225
   82        1204.465   -1310.387        1204.118   -1310.382              82              82
  217        2394.332   -1861.788        2394.060   -1862.197             217             217
   92         625.435   -1508.230         625.367   -1508.425              92              92
   46         658.489   -1838.922         658.340   -1839.332              46              46
  214         205.336    1153.865         205.822    1153.527             214             214
  199         113.486    1094.752         113.959    1094.641             199             199
  149         200.069     961.141         200.602     961.160             149             149
  165       -2545.437   -1024.876       -2545.467   -1024.370             165             165
  194        -907.753    1287.996        -907.544    1288.111             194             194
   54         -16.754     407.948         -16.707     407.975              54              54
  237        -489.145    1156.549        -488.932    1156.770             237             237
  122         487.605   -1900.533         487.224   -1900.708             122             122
   48       -1831.373    3322.090       -1830.768    3322.463              48              48
  168         904.902    -542.125         904.520    -542.137             168             168
   29        2155.071     689.931        2155.159     689.522              29              29
  113        2580.924    1125.393        2581.484    1125.011             113             113
  208       -1872.491    -478.028       -1872.307    -477.464             208             208
   91         114.059     704.304         114.238     704.393              91              91
  250        1412.963     426.708        1413.268     426.610             250             250
   20       -1199.912    -814.753       -1199.841    -814.371              20              20
   85         -55.828    1191.321         -55.393    1191.484              85              85
   29       -1703.057    -555.157       -1703.113    -554.535              29              29
  203         740.380   -1232.336         740.151   -1232.421             203             203
  123         -78.776    -558.226         -78.652    -558.329             123             123
   31       -2142.627    2208.535       -2141.992    2209.039              31              31
   98       -1513.568     314.528       -1513.583     315.102              98              98
  106        -737.928     689.086        -737.943     689.550             106             106
  235         487.238   -1538.227         486.840   -1538.128             235             235
  101       -1496.540     314.589       -1496.531     315.016             101             101
  164        -806.421     282.314        -806.637     282.720             164             164
  239        1639.986   -1015.007        1639.605   -1015.172             239             239
   26        -308.689    -529.451        -308.816    -529.268              26              26
    2        -170.367    -297.591        -170.526    -297.409               2               2
   17        -242.231   -1531.500        -242.751   -1531.400              17              17
    9         966.406    -171.128         966.213    -171.412               9               9
  234         178.794     233.434         178.678     233.407             234             234
  207        3186.081    -704.829        3185.984    -705.620             207             207
   80        -901.913    2067.542        -901.265    2067.811              80              80
   18        1106.017    -333.433        1105.981    -333.490              18              18
  102         733.478    1713.692         734.033    1713.862             102             102
   78         739.519   -2074.361         739.296   -2074.175              78              78
  163        -300.716    -332.142        -300.480    -331.856             163             163
   96       -1342.613   -2438.500       -1342.982   -2438.097              96              96
  213       -1268.136    -575.367       -1268.252    -575.183             213             213
  226        -678.306     812.469        -678.206     812.703             226             226
  247          23.625   -1274.465          23.225   -1274.330             247             247
   56         796.215    -463.325         796.136    -463.418              56              56
  206        -199.574   -2781.438        -200.087   -2781.544             206             206
  107       -1328.171    1388.204       -1327.832    1388.272             107             107
  204        -102.957    1133.706        -102.780    1133.836             204             204
  132        -509.884    -330.110        -510.098    -329.766             132             132
  197        1207.845   -1315.175        1207.450   -1315.371             197             197
  210         971.853    -209.202         971.964    -209.409             210             210
  106       -1065.050    -849.565       -1065.133    -849.274             106             106
  155         256.315    -581.564         256.209    -581.632             155             155
  219          55.108   -1110.983          54.980   -1111.089             219             219
   60       -1072.223     109.649       -1072.100     109.777              60              60
  202        -796.470     379.328        -796.412     379.540             202             202
   97        -210.836   -1621.801        -211.273   -1621.839              97              97
  110        -987.558     716.805        -987.516     716.880             110             110
  156        1354.380    -628.715        1354.171    -629.230             156             156
   13         -91.762    1902.785         -91.150    1902.652              13              13
   68       -1154.414    2101.887       -1153.880    2102.375              68              68
    4         340.161     624.954         340.295     625.326               4               4
  161        -134.720   -1459.225        -134.978   -1458.805             161             161
  150        -732.876   -1783.836        -733.204   -1783.516             150             150
  217       -1219.662   -1164.277       -1219.886   -1163.990             217             217
   84       -2622.334    -595.570       -2622.714    -594.928              84              84
  123         749.663   -1464.741         749.000   -1465.000             123             123
  171       -1139.707   -1008.651       -1140.220   -1008.604             171             171
  126        1521.216     881.940        1521.216     881.436             126             126
   78         730.675   -1330.426         730.418   -1330.699              78              78
  215       -1177.317    -329.916       -1177.361    -329.904             215             215
    8        -878.687    1778.458        -878.399    1778.620               8               8
   25        -192.216   -1152.557        -192.752   -1152.460              25              25
  208         849.664    -975.773         849.288    -976.210             208             208
   83         -90.432     739.967         -90.243     739.766              83              83
  118       -1183.452    -321.721       -1183.672    -321.626             118             118
  174        -263.988     977.787        -264.061     977.611             174             174
  179        1723.407    1838.766        1723.748    1838.336             179             179
  187       -1087.860    -956.022       -1088.220    -955.756             187             187
  206        1675.285    1068.282        1675.462    1067.709             206             206
  200        -552.171     478.538        -552.005     478.596             200             200
  215        -858.057    1895.709        -857.743    1895.999             215             215
  133         867.993    -491.524         867.694    -491.657             133             133
   80        -586.591    1111.927        -586.459    1112.119              80              80
  120         508.810       5.335         508.565       5.292             120             120
  250         540.594     373.108         540.462     373.005             250             250
   75        1773.700     551.458        1773.761     551.097              75              75
  227         525.871   -1008.921         525.660   -1009.082             227             227
  113         221.680     489.115         221.780     488.841             113             113
   29        1896.600    1984.094        1897.271    1983.525              29              29
   23       -1141.459    2338.341       -1140.660    2338.964              23              23
  156         361.836    -375.192         361.793    -374.819             156             156
  196        -886.110   -2122.498        -886.633   -2122.168             196             196
  222        -609.314     341.465        -609.351     341.508             222             222
    7         570.422    -281.973         570.260    -282.266               7               7
   84        -710.472    1224.322        -710.253    1224.327              84              84
   95        1004.456    2938.819        1005.149    2938.730              95              95
  132         162.234     184.887         162.336     185.267             132             132
   84        -465.524    -812.406        -465.736    -812.085              84              84
  139        -764.124     469.748        -764.171     470.042             139             139
  145        2049.582      45.018        2049.638      44.541             145             145
  209       -1930.438    1036.840       -1930.023    1037.484             209             209
  186       -1052.544     469.685       -1052.612     470.158             186             186
  139        -585.011    1548.907        -584.898    1549.403             139             139
  232         272.624     -29.154         272.302     -28.737             232             232
  206         319.415    -997.830         318.883    -997.567             206             206
  187         455.985     598.859         455.929     599.208             187             187
  198         199.303   -4593.534         197.797   -4593.466             198             198
  139         708.438     -17.990         708.191     -18.583             139             139
  134         612.451    2182.092         612.822    2181.927             134             134
   28        1308.444      65.140        1308.284      65.084              28              28
  215         504.957    -333.814         504.648    -333.665             215             215
  210        3389.060   -1195.495        3388.768   -1196.246             210             210
   62        -297.144   -1501.005        -297.395   -1500.973              62              62
   98        2774.398     163.462        2774.724     162.528              98              98
   38        -975.658    1216.392        -974.868    1216.775              38              38
  109       -1030.998    -896.679       -1031.125    -896.202             109             109
  220         111.667    -323.970         111.665    -323.937             220             220
  246       -1208.914    -888.850       -1209.114    -888.557             246             246
  107       -1067.517    1121.539       -1067.405    1121.875             107             107
  126        1459.922    -642.552        1459.690    -642.819             126             126
   74       -1708.744    -200.680       -1708.798    -200.120              74              74
  184        -884.263    -418.410        -884.723    -418.071             184             184
  102         437.936   -1316.013         437.135   -1316.233             102             102
  100        2233.327     739.201        2233.423     738.418             100             100
    3        -817.455     765.749        -817.305     766.111               3               3
  224        1453.094   -1443.057        1452.508   -1443.433             224             224
  119        1297.881    -140.091        1297.948    -140.656             119             119
  193        -582.935     832.122        -582.622     832.178             193             193
  113         400.202    1009.866         400.433    1009.847             113             113
  177         818.201    -272.387         818.177    -272.472             177             177
   22         -34.860    -975.425         -35.007    -975.510              22              22
   57       -1193.755    1448.706       -1193.417    1448.979              57              57
  142        1525.606     -74.448        1525.543     -74.876             142             142
   60        -215.237    1335.193        -214.628    1335.307              60              60
   88       -2258.442     486.631       -2258.399     487.468              88              88
  171        -424.566     977.953        -424.748     978.330             171             171
  222        1915.625      69.655        1915.386      69.443             222             222
  230         -59.727   -1227.093         -60.198   -1226.920             230             230
  117         900.000     216.033         899.878     215.736             117             117
  144        1563.920    1442.604        1564.333    1442.318             144             144
  207        1249.444     338.094        1249.775     338.138             207             207
  169        -535.235   -1389.820        -535.445   -1389.439             169             169
   45         481.299    1395.657         481.895    1395.776              45              45
  121       -1395.773    -698.609       -1395.898    -697.683             121             121
   11         -85.697   -2110.935         -86.415   -2110.674              11              11
  253        -236.979    -290.510        -237.126    -290.311             253             253
   55           9.741   -2080.839           9.053   -2080.842              55              55
   14        -213.413     804.850        -213.248     804.937              14              14
  158         767.988   -1801.919         767.467   -1802.077             158             158
  120        -581.287    -148.847        -581.223    -148.739             120             120
   40        -634.006    -246.152        -634.061    -245.894              40              40
  164       -1127.398    -885.020       -1127.769    -884.574             164             164
   36        -898.852   -1929.543        -899.743   -1929.364              36              36
  112         849.041   -1626.015         848.325   -1626.760             112             112
   21        -235.018    1735.951        -234.534    1735.641              21              21
  252        -962.581     316.915        -962.694     317.126             252             252
  202         378.022     416.378         377.863     416.197             202             202
  113        1013.971     -37.093        1013.912     -37.494             113             113
   69        -689.762     487.057        -689.582     487.145              69              69
   61        -459.735     862.138        -459.532     862.226              61              61
   53       -1328.710    1327.979       -1328.529    1328.546              53              53
  118         603.098    -213.442         602.822    -213.413             118             118
  213       -1127.927     168.398       -1128.012     168.935             213             213
   87       -1049.255   -1413.533       -1050.054   -1413.218              87              87
  255        -489.736     969.635        -489.922     969.710             255             255
  103         377.120    -672.454         376.415    -672.663             103             103
    8        1598.627    1862.871        1599.034    1862.327               8               8
  235       -1186.333    1147.151       -1186.086    1147.874             235             235
  223        -477.913    -903.719        -478.553    -903.251             223             223
  183        -316.570    -641.517        -317.172    -641.356             183             183
   89        -542.550     521.683        -542.897     521.952              89              89
  144         754.966    -682.096         754.245    -682.235             144             144
   80         447.715     550.853         447.525     550.841              80              80
   37         124.074    -976.838         123.425    -976.717              37              37
  134        -992.645   -1001.952        -993.560   -1001.702             134             134
  133        2395.378    -336.407        2394.777    -337.382             133             133
   59         462.584     -62.757         462.433     -63.225              59              59
  186        -708.115    2581.230        -707.520    2581.420             186             186
   15       -1648.198     256.904       -1648.780     257.693              15              15
  249        1553.391     324.543        1552.753     324.204             249             249
  202         845.092    1113.078         844.992    1113.147             202             202
   56         348.270   -1333.901         347.430   -1333.697              56              56
   82        -788.541    -807.512        -789.400    -807.269              82              82
   90         725.715     544.337         725.220     544.077              90              90
  155       -1487.694     883.359       -1488.343     884.072             155             155
  172        2490.683    -375.983        2489.597    -376.446             172             172
  156        -380.044   -1494.315        -381.402   -1494.064             156             156
   75        1472.861      64.291        1471.862      63.852              75              75
  173          89.409   -1340.863          87.883   -1340.909             173             173
  184         439.977      10.997         438.636      10.703             184             184
   24       -1996.676     285.566       -1998.669     286.195              24              24
  196        -505.085     -80.716        -508.636     -80.518             196             196
   78        -655.591    -333.160        -662.766    -332.963              78              78
