SINAL     NFT                         FFT                         NFT INVERSA     FFT INVERSA
-----     -----------------------     -----------------------     -----------     -----------
  246       67190.000       0.000       67190.000       0.000             246             246
  240         -34.770   -1088.603         -34.756   -1088.603             240             240
   46       -1309.974     778.473       -1309.960     778.473              46              46
  128         310.066    1071.358         310.079    1071.357             128             128
   82        3020.144    1008.466        3020.159    1008.459              82              82
  102         827.148    -116.132         827.166    -116.134             102             102
  251       -2077.405     814.572       -2077.387     814.578             251             251
   12         688.355    1571.196         688.372    1571.195              12              12
   98         434.283     372.204         434.298     372.206              98              98
   87        -373.464     717.285        -373.449     717.292              87              87
  110        1757.579    -609.474        1757.586    -609.480             110             110
  228        1369.690     721.640        1369.712     721.637             228             228
  199          95.188   -1635.252          95.192   -1635.248             199             199
   63        1599.233    -400.979        1599.249    -400.990              63              63
   97       -1085.778    -749.808       -1085.765    -749.797              97              97
  103         909.914   -1530.575         909.917   -1530.587             103             103
  174        -677.616    -574.474        -677.605    -574.479             174             174
  237        -106.227     375.500        -106.214     375.488             237             237
  156         945.411    1651.220         945.440    1651.206             156             156
  190        1447.724    -677.447        1447.737    -677.465             190             190
   13        -560.862     513.985        -560.834     513.981              13              13
   78          58.528     797.199          58.553     797.191              78              78
   29          89.349     859.526          89.377     859.515              29              29
  126         225.968    2682.987         226.021    2682.986             126             126
    2         -54.893     909.329         -54.864     909.348               2               2
  109         715.398    -286.505         715.415    -286.506             109             109
   23       -1635.533    1102.532       -1635.498    1102.568              23              23
  228        -856.574    -480.618        -856.587    -480.596             228             228
   65        1927.003    1130.533        1927.027    1130.506              65              65
   20       -1063.718    1093.937       -1063.692    1093.983              20              20
   61        1537.647   -1733.643        1537.617   -1733.649              61              61
  245         315.951   -1245.886         315.939   -1245.894             245             245
    3         160.451    -857.342         160.434    -857.366               3               3
   14        2221.271    1551.683        2221.313    1551.618              14              14
  241         443.151    1791.600         443.207    1791.594             241             241
  135        1692.961    1767.372        1693.016    1767.364             135             135
  110        2448.432    -862.867        2448.459    -862.895             110             110
   62        -654.612     580.944        -654.543     580.983              62              62
  231       -1222.427   -1165.049       -1222.426   -1164.996             231             231
   20         794.317   -1208.469         794.315   -1208.485              20              20
   92       -1979.939    -825.981       -1979.941    -825.944              92              92
   75         139.745     265.668         139.747     265.642              75              75
  231        1066.561    2393.578        1066.634    2393.559             231             231
  158          89.074    -834.496          89.069    -834.472             158             158
  227         369.555    -853.972         369.545    -853.990             227             227
  226         203.192    1825.463         203.253    1825.466             226             226
   84        1407.509   -1666.915        1407.481   -1666.944              84              84
  183         182.096      87.726         182.130      87.702             183             183
  133         575.164     635.856         575.214     635.819             133             133
   33         746.825    2471.232         746.952    2471.223              33              33
  246       -1849.010    -506.395       -1848.990    -506.307             246             246
   67        -273.512     304.884        -273.494     304.902              67              67
    0        -331.722     242.129        -331.707     242.144               0              -0
  241         109.117    1441.144         109.173    1441.161             241             241
  120        -457.711      61.746        -457.706      61.800             120             120
  194         488.903    -853.402         488.877    -853.407             194             194
  180       -1246.134    1307.304       -1246.108    1307.365             180             180
   99        2117.254      30.332        2117.229      30.295              99              99
  192        1541.855    -664.365        1541.840    -664.394             192             192
  134        1859.520    -287.397        1859.537    -287.449             134             134
   99        2166.515    -860.482        2166.550    -860.565              99              99
   96         130.957     535.473         131.070     535.462              96              96
  157       -1479.073     526.622       -1478.990     526.689             157             157
  105        -456.098     801.848        -456.033     801.895             105             105
   14        -741.545    -292.653        -741.525    -292.586              14              14
   42       -1379.480    -471.202       -1379.505    -471.122              42              42
  110        2016.511    -140.668        2016.523    -140.734             110             110
   38        -507.278    -760.126        -507.247    -760.090              38              38
    5       -2047.717    -937.884       -2047.738    -937.810               5               5
  241       -1000.512    1227.661       -1000.489    1227.702             241             241
  240         852.781    -592.685         852.728    -592.705             240             240
   50         559.015   -1109.929         558.964   -1109.979              50              50
  120        1003.888    1374.647        1003.969    1374.577             120             120
  245         555.092     421.668         555.154     421.650             245             245
   53        -909.316     -27.242        -909.293     -27.204              53              53
   12        1072.979    1044.168        1073.059    1044.115              12              12
   45       -1194.117     619.326       -1194.048     619.401              45              45
  108       -1059.252     324.306       -1059.243     324.374             108             108
   70        -163.239     196.603        -163.255     196.619              70              70
  172         242.745     505.978         242.742     505.965             172             172
  102        1462.463     907.820        1462.515     907.750             102             102
   80        -468.506     554.962        -468.466     554.982              80              80
  118        1306.102    3042.882        1306.279    3042.857             118             118
   90        -578.364     431.517        -578.315     431.643              90              90
  178          90.903    -122.902          90.896    -122.843             178             178
  220         293.566     984.376         293.616     984.428             220             220
  247        1005.566      48.917        1005.590      48.956             247             247
  135        -198.243   -1587.776        -198.295   -1587.713             135             135
  247       -1217.402     209.352       -1217.408     209.438             247             247
   30        1336.724     465.402        1336.721     465.360              30              30
  207         860.493     822.999         860.551     823.011             207             207
   69         960.478     247.973         960.529     248.005              69              69
  101        -267.477    -291.820        -267.454    -291.711             101             101
   13        -900.222    -883.407        -900.284    -883.270              13              13
  158         823.023   -1560.817         822.901   -1560.824             158             158
   64         441.829     310.149         441.822     310.167              64              64
  113        2291.076   -1293.460        2291.008   -1293.544             113             113
  205         890.214    -764.508         890.232    -764.522             205             205
   34         -84.048   -1725.381         -84.106   -1725.361              34              34
   27         -18.878   -1002.976         -18.934   -1003.006              27              27
  119        2449.807     529.368        2449.900     529.197             119             119
  213       -1288.638    -369.737       -1288.593    -369.639             213             213
  153         694.292    -613.612         694.263    -613.665             153             153
  198        1895.286     316.433        1895.388     316.291             198             198
  118        -895.850    1288.362        -895.665    1288.460             118             118
  171         -93.529    -726.053         -93.519    -725.989             171             171
  202        -399.929    -682.781        -399.924    -682.749             202             202
  220         429.294    1409.958         429.464    1409.976             220             220
  165       -1654.238   -1654.635       -1654.287   -1654.465             165             165
  188       -1400.323    -666.764       -1400.380    -666.685             188             188
  100          77.454     865.653          77.486     865.648             100             100
  199         436.391     783.594         436.451     783.631             199             199
  149         163.315   -1447.958         163.246   -1447.922             149             149
  128       -1056.594     284.646       -1056.561     284.742             128             128
  136        -180.762    -594.554        -180.835    -594.519             136             136
  211        1055.181    1294.051        1055.287    1294.037             211             211
  125        -906.944   -1702.482        -907.051   -1702.340             125             125
  170        -679.199    -412.009        -679.291    -411.930             170             170
  104        2475.581   -1105.293        2475.482   -1105.462             104             104
  225         612.032    -920.455         612.033    -920.534             225             225
  100         443.799    1046.912         443.965    1046.869             100             100
   86        -228.743     507.054        -228.600     507.137              86              86
  203       -1649.190    -568.986       -1649.163    -568.776             203             203
  168       -2537.516    -711.334       -2537.626    -711.061             168             168
  211        1165.603   -2310.391        1165.351   -2310.474             211             211
  178        -177.818     -73.835        -177.825     -73.850             178             178
  146         -14.585      -8.907         -14.580      -8.871             146             146
   71       -1177.768   -2115.496       -1177.958   -2115.397              71              71
   74        -944.817   -1162.998        -945.000   -1163.000              74              74
  165        -250.219       6.522        -250.354       6.447             165             165
  230        1548.037    1124.161        1548.023    1123.987             230             230
  123         295.467     358.232         295.392     358.214             123             123
  252        2878.663     329.049        2878.611     328.822             252             252
  183        2121.126     193.661        2121.148     193.521             183             183
  246        3147.703    -299.378        3147.786    -299.594             246             246
  209        -241.423   -1369.757        -241.398   -1369.720             209             209
   61        -500.084    -392.778        -500.082    -392.749              61              61
  226        1525.525   -1490.616        1525.425   -1490.813             226             226
  183         601.191     933.360         601.351     933.244             183             183
  202         832.676    -487.653         832.726    -487.756             202             202
    5        -271.094     -43.172        -271.016     -43.217               5               5
  177         899.166    1508.648         899.392    1508.556             177             177
  166        -298.146    -995.696        -298.115    -995.678             166             166
  250       -1179.488    1271.432       -1179.292    1271.529             250             250
  206       -1384.696   -1760.035       -1384.860   -1759.970             206             206
  205        -907.079    3021.402        -906.876    3021.439             205             205
  139        1016.628    -340.323        1016.514    -340.391             139             139
  235         624.150    1986.063         624.276    1986.055             235             235
  203        3414.812   -1430.571        3414.730   -1430.865             203             203
  159         -12.430    1978.803         -12.088    1978.825             159             159
   18         278.522    -373.287         278.612    -373.234              18              18
   42       -1798.346     485.642       -1798.250     485.885              42              42
  108         380.486    -983.115         380.359    -983.102             108             108
  111        1199.688    -174.532        1199.715    -174.652             111             111
  212        -170.165     289.433        -170.063     289.473             212             212
  176         175.433    -413.259         175.448    -413.236             176             176
  114          16.299   -1365.601          16.221   -1365.630             114             114
  184         261.772    -451.022         261.817    -451.166             184             184
   58       -1760.811    1733.741       -1760.596    1733.856              58              58
   31        -238.665    -192.966        -238.727    -192.979              31              31
  245         171.050    1430.516         171.173    1430.437             245             245
  116        -185.998    1898.586        -185.840    1898.623             116             116
  214         756.398    1517.684         756.508    1517.697             214             214
   38        1416.276    1266.873        1416.415    1266.889              38              38
    8        1298.171    -960.052        1298.156    -960.039               8               8
  175        -212.028   -1413.055        -212.091   -1413.028             175             175
   24         493.370    1338.259         493.578    1338.202              24              24
  174         481.480    -209.740         481.565    -209.768             174             174
  141       -1206.359    1984.141       -1206.082    1984.347             141             141
  246         415.020      17.703         415.044      17.824             246             246
  227        -333.727   -1711.258        -333.886   -1711.168             227             227
  179         600.697     621.825         600.808     621.745             179             179
   58        -766.921     774.347        -766.796     774.496              58              58
  148        -683.714    -547.908        -683.849    -547.788             148             148
   85        2532.501     986.122        2532.594     985.868              85              85
   28        1825.881     757.962        1826.163     757.858              28              28
   99       -2112.095    -155.024       -2111.966    -154.679              99              99
   56         800.385     214.640         800.506     214.638              56              56
  156       -2317.889    -307.471       -2317.852    -307.134             156             156
  125        -945.919     914.562        -945.888     914.767             125             125
   42         548.370    -401.022         548.272    -400.957              42              42
   71        -940.492    -444.771        -940.625    -444.585              71              71
  106        1475.604     346.202        1475.536     346.112             106             106
   51        1912.710     -24.168        1912.714     -24.268              51              51
   62        1111.296   -1277.451        1111.204   -1277.523              62              62
  224        2709.200     985.523        2709.501     985.256             224             224
   84           1.273      79.241           1.575      79.391              84              84
  145       -1068.616   -1202.968       -1068.533   -1202.743             145             145
  159       -1458.419     625.606       -1458.190     625.881             159             159
   30       -2185.768    -451.030       -2185.794    -450.593              30              30
  245         -10.314   -1677.814         -10.514   -1677.711             245             245
  246       -2494.868    -936.541       -2495.069    -936.229             246             246
   59        2447.438    1111.632        2447.526    1111.416              59              59
   49       -1086.984   -1172.642       -1087.081   -1172.350              49              49
  128         827.938    -460.727         827.912    -460.689             128             128
  130        -983.974   -1800.895        -984.156   -1800.629             130             130
   77        -344.109   -2486.182        -344.458   -2486.110              77              77
  200         662.592   -1538.920         662.398   -1539.064             200             200
   67        -502.283   -1488.192        -502.486   -1488.241              67              67
  252        2478.411     -35.209        2478.530     -35.646             252             252
  183       -3000.920      64.889       -3000.800      65.224             183             183
   96        -371.756     230.853        -371.826     230.903              96              96
   66        1017.818    -332.436        1017.748    -332.517              66              66
  253        -320.831   -2105.658        -321.104   -2105.676             253             253
   81         969.842     903.633         969.977     903.409              81              81
  195         317.835     644.276         318.004     644.304             195             195
  167        -438.338   -1818.533        -438.525   -1818.417             167             167
   33         141.576   -2025.800         141.332   -2025.949              33              33
  208         247.853     103.822         247.922     103.590             208             208
   27        -310.098     518.900        -309.985     518.800              27              27
  184         451.993     598.805         452.116     598.633             184             184
  131         483.566    1061.487         483.819    1061.336             131             131
   96        -577.266    2213.443        -576.843    2213.576              96              96
  143        -762.310    -165.062        -762.274    -164.849             143             143
  167        -194.223     932.550        -194.054     932.683             167             167
  178        -153.544    -355.698        -153.509    -355.532             178             178
  117       -1968.201    -536.768       -1968.283    -536.370             117             117
  147         250.536   -1709.641         250.209   -1709.640             147             147
  211         478.925   -1013.290         478.773   -1013.435             211             211
  224         487.859    -541.054         487.847    -541.263             224             224
   45        -528.469    1094.621        -528.242    1094.583              45              45
  171          69.174    1936.224          69.529    1936.304             171             171
  123       -1438.813   -1457.002       -1438.978   -1456.683             123             123
    7       -1220.979    -662.136       -1221.179    -662.000               7               7
  237        1549.339     474.856        1549.386     474.617             237             237
  247       -1760.131   -1057.500       -1760.300   -1057.283             247             247
  188         376.427     652.994         376.377     652.865             188             188
    0        1891.131     282.512        1891.167     282.225              -0               0
   67         -85.419      46.963         -85.355      46.970              67              67
  239        1629.752    -250.905        1629.827    -251.186             239             239
   42        -657.783     132.264        -657.609     132.268              42              42
  156         529.825    1561.210         530.203    1561.096             156             156
  179        -966.388    1467.897        -966.007    1468.182             179             179
   77        -453.015   -1180.352        -453.069   -1180.155              77              77
  102        -944.305    -685.414        -944.259    -685.282             102             102
  176       -2636.807    -786.118       -2636.917    -785.839             176             176
  196          37.184    1108.736          37.316    1108.590             196             196
  100       -1187.739    1258.415       -1187.497    1258.535             100             100
   10       -2847.550    2227.116       -2847.330    2227.623              10              10
  206        -533.269    1468.753        -533.317    1469.097             206             206
  239         942.089   -2412.292         941.539   -2412.328             239             239
    6         603.070    1254.616         603.250    1254.488               6               6
  132       -2386.633     749.042       -2386.694     749.509             132             132
  242        2186.957     133.021        2186.725     132.748             242             242
   86        2085.819    2216.289        2086.190    2216.165              86              86
   81         376.335   -1249.002         376.259   -1248.800              81              81
  138        -153.326      55.095        -153.223      55.316             138             138
  100        -842.391   -2077.269        -842.716   -2077.017             100             100
  185         509.475    -205.651         509.438    -205.719             185             185
  147        -738.470    -144.546        -738.505    -144.342             147             147
  130         720.068   -1080.625         719.885   -1080.670             130             130
  100        -458.099    -732.660        -458.188    -732.566             100             100
   93        -292.314   -1222.119        -292.536   -1222.121              93              93
  149        -423.610    -315.178        -423.742    -315.220             149             149
    4        1066.141     546.231        1066.189     546.005               4               4
   54         391.419    -255.377         391.448    -255.454              54              54
  133        -992.000      -0.127        -992.000       0.000             133             133
  173         391.476     255.536         391.447     255.457             173             173
  107        1066.240    -545.772        1066.190    -546.003             107             107
   49        -423.880     315.261        -423.744     315.219              49              49
  225        -292.769    1222.117        -292.538    1222.118             225             225
  174        -458.286     732.468        -458.191     732.566             174             174
  111         719.689    1080.722         719.881    1080.672             111             111
   91        -738.543     144.124        -738.506     144.340              91              91
  159         509.399     205.792         509.438     205.719             159             159
   15        -843.072    2076.744        -842.720    2077.015              15              15
   95        -153.111     -55.558        -153.224     -55.318              95              95
  198         376.173    1248.579         376.257    1248.800             198             198
  172        2086.602   -2216.025        2086.194   -2216.162             172             172
   74        2186.469    -132.443        2186.726    -132.745              74              74
  197       -2386.762    -750.035       -2386.694    -749.514             197             197
  189         603.453   -1254.345         603.251   -1254.488             189             189
  212         940.909    2412.373         941.535    2412.330             212             212
  111        -533.364   -1469.494        -533.313   -1469.099             111             111
  207       -2847.066   -2228.216       -2847.323   -2227.629             207             207
  162       -1187.212   -1258.680       -1187.495   -1258.539             162             162
   73          37.472   -1108.419          37.317   -1108.591              73              73
  180       -2637.048     785.499       -2636.918     785.832             180             180
  203        -944.206     685.124        -944.260     685.280             203             203
   95        -453.133    1179.920        -453.070    1180.155              95              95
  217        -965.545   -1468.528        -966.006   -1468.183             217             217
  148         530.671   -1560.956         530.209   -1561.096             148             148
   86        -657.393    -132.274        -657.607    -132.269              86              86
   63        1629.919     251.541        1629.826     251.192              63              63
   24         -85.275     -46.982         -85.355     -46.971              24              24
   80        1891.213    -281.859        1891.168    -282.220              80              80
   56         376.315    -652.702         376.379    -652.864              56              56
  111       -1760.519    1057.001       -1760.304    1057.278             111             111
  227        1549.446    -474.309        1549.386    -474.617             227             227
  139       -1221.439     661.818       -1221.180     661.996             139             139
   87       -1439.196    1456.262       -1438.980    1456.680              87              87
  236          70.004   -1936.410          69.534   -1936.304             236             236
    8        -527.938   -1094.537        -528.240   -1094.585               8               8
  247         487.829     541.547         487.846     541.266             247             247
   38         478.565    1013.631         478.771    1013.435              38              38
  113         249.760    1709.636         250.205    1709.639             113             113
    0       -1968.397     535.822       -1968.284     536.368              -0              -0
   49        -153.460     355.302        -153.509     355.532              49              49
   63        -193.813    -932.870        -194.050    -932.683              63              63
  177        -762.225     164.546        -762.275     164.846             177             177
   34        -576.238   -2213.764        -576.838   -2213.576              34              34
  233         484.185   -1061.120         483.822   -1061.335             233             233
  102         452.294    -598.384         452.118    -598.632             102             102
  106        -309.821    -518.657        -309.984    -518.802             106             106
  201         248.023    -103.250         247.922    -103.589             201             201
    9         140.967    2026.170         141.329    2025.950               9               9
  253        -438.807    1818.245        -438.527    1818.418             253             253
  162         318.258    -644.343         318.005    -644.303             162             162
  117         970.182    -903.066         969.978    -903.406             117             117
   84        -321.526    2105.703        -321.108    2105.675              84              84
  243        1017.641     332.643        1017.748     332.518             243             243
  202        -371.933    -230.984        -371.824    -230.905             202             202
  233       -3000.613     -65.751       -3000.800     -65.228             233             233
  115        2478.717      36.339        2478.530      35.652             115             115
  181        -502.809    1488.317        -502.488    1488.240             181             181
  136         662.080    1539.297         662.392    1539.067             136             136
  147        -345.026    2485.993        -344.462    2486.110             147             147
  111        -984.458    1800.194        -984.162    1800.626             111             111
  129         827.869     460.629         827.911     460.690             129             129
   65       -1087.243    1171.867       -1087.084    1172.347              65              65
    7        2447.671   -1111.053        2447.526   -1111.414               7               7
   57       -2495.412     935.691       -2495.071     936.222              57              57
   77         -10.860    1677.530         -10.518    1677.709              77              77
   74       -2185.841     449.838       -2185.795     450.587              74              74
  192       -1457.790    -626.359       -1458.188    -625.883             192             192
  116       -1068.389    1202.344       -1068.533    1202.738             116             116
  248           2.103     -79.656           1.574     -79.392             248             248
  233        2710.037    -984.777        2709.505    -985.251             233             233
   87        1111.039    1277.655        1111.204    1277.525              87              87
  225        1912.725      24.454        1912.715      24.272             225             225
   57        1475.415    -345.945        1475.537    -346.109              57              57
   25        -940.871     444.237        -940.627     444.581              25              25
  126         548.091     400.841         548.273     400.959             126             126
  130        -945.824    -915.155        -945.884    -914.772             130             130
   25       -2317.782     306.495       -2317.852     307.129              25              25
  109         800.736    -214.632         800.506    -214.637             109             109
    7       -2111.721     154.015       -2111.967     154.676               7               7
   41        1826.713    -757.649        1826.166    -757.854              41              41
  101        2532.784    -985.367        2532.599    -985.863             101             101
   96        -684.114     547.549        -683.850     547.785              96              96
   63        -766.547    -774.790        -766.794    -774.497              63              63
   92         601.037    -621.585         600.812    -621.745              92              92
  228        -334.211    1710.985        -333.890    1711.166             228             228
  163         415.090     -18.067         415.044     -17.823             163             163
  154       -1205.509   -1984.770       -1206.078   -1984.348             154             154
   49         481.738     209.827         481.563     209.768              49              49
   27         494.014   -1338.082         493.582   -1338.201              27              27
  178        -212.227    1412.968        -212.095    1413.025             178             178
  201        1298.122     960.016        1298.156     960.041             201             201
  152        1416.715   -1266.920        1416.418   -1266.887             152             152
  109         756.746   -1517.723         756.511   -1517.696             109             109
   80        -185.489   -1898.706        -185.834   -1898.625              80              80
  237         171.445   -1430.264         171.174   -1430.437             237             237
  103        -238.865     193.007        -238.727     192.979             103             103
  213       -1760.106   -1734.121       -1760.591   -1733.860             213             213
   67         261.919     451.491         261.816     451.166              67              67
  181          16.043    1365.695          16.220    1365.629             181             181
  117         175.479     413.182         175.446     413.236             117             117
   57        -169.824    -289.570        -170.062    -289.474              57              57
  198        1199.777     174.933        1199.715     174.652             198             198
   16         380.059     983.073         380.359     983.103              16              16
  161       -1798.019    -486.476       -1798.249    -485.891             161             161
  166         278.832     373.110         278.613     373.236             166             166
  216         -11.245   -1978.881         -12.081   -1978.827             216             216
  104        3414.524    1431.598        3414.727    1430.872             104             104
  195         624.598   -1986.033         624.282   -1986.053             195             195
   15        1016.228     340.566        1016.514     340.393              15              15
  201        -906.356   -3021.536        -906.869   -3021.442             201             201
  216       -1385.282    1759.804       -1384.863    1759.969             216             216
  132       -1178.778   -1271.783       -1179.287   -1271.531             132             132
   36        -298.036     995.632        -298.116     995.678              36              36
  197         899.996   -1508.307         899.398   -1508.553             197             197
  117        -270.811      43.335        -271.017      43.217             117             117
  206         832.857     488.041         832.725     487.760             206             206
  236         601.790    -932.928         601.354    -933.244             236             236
   45        1525.148    1491.357        1525.421    1490.818              45              45
  111        -500.078     392.667        -500.082     392.748             111             111
  156        -241.333    1369.617        -241.401    1369.719             156             156
  144        3148.021     300.216        3147.786     299.603             144             144
   22        2121.210    -193.112        2121.147    -193.515              22              22
   64        2878.462    -328.165        2878.611    -328.818              64              64
  203         295.172    -358.160         295.391    -358.212             203             203
  205        1547.981   -1123.474        1548.024   -1123.983             205             205
  151        -250.757      -6.223        -250.356      -6.446             151             151
  200        -945.548    1163.006        -945.000    1163.000             200             200
  145       -1178.550    2115.084       -1177.963    2115.393             145             145
  207         -14.567       8.763         -14.580       8.871             207             207
   46        -177.848      73.897        -177.826      73.850              46              46
  237        1164.552    2310.738        1165.347    2310.475             237             237
  114       -2537.974     710.171       -2537.626     711.052             114             114
   31       -1649.082     568.095       -1649.165     568.772              31              31
  133        -228.136    -507.410        -228.599    -507.139             133             133
  162         444.512   -1046.727         443.967   -1046.868             162             162
  133         612.034     920.794         612.032     920.534             133             133
   78        2475.144    1106.042        2475.479    1105.468              78              78
  170        -679.604     411.656        -679.293     411.927             170             170
  111        -907.430    1701.847        -907.056    1702.337             111             111
  229        1055.665   -1293.986        1055.292   -1294.035             229             229
  153        -181.094     594.399        -180.837     594.519             153             153
   92       -1056.443    -285.088       -1056.560    -284.744              92              92
   87         162.997    1447.790         163.245    1447.922              87              87
  240         436.677    -783.763         436.455    -783.630             240             240
   81          77.611    -865.627          77.488    -865.647              81              81
  136       -1400.595     666.378       -1400.382     666.681             136             136
  245       -1654.479    1653.815       -1654.290    1654.459             245             245
  179         430.126   -1410.039         429.470   -1409.974             179             179
   47        -399.903     682.620        -399.924     682.747              47              47
   31         -93.481     725.742         -93.520     725.989              31              31
   72        -894.933   -1288.845        -895.663   -1288.460              72              72
  214        1895.797    -315.711        1895.389    -316.286             214             214
  105         694.144     613.887         694.261     613.668             105             105
  120       -1288.416     369.230       -1288.595     369.635             120             120
  115        2450.288    -528.484        2449.901    -529.193             115             115
  129         -19.178    1003.130         -18.937    1003.006             129             129
  184         -84.362    1725.274         -84.110    1725.360             184             184
   78         890.311     764.589         890.231     764.524              78              78
  216        2290.709    1293.914        2291.007    1293.546             216             216
  128         441.803    -310.245         441.825    -310.166             128             128
  161         822.346    1560.860         822.899    1560.826             161             161
  187        -900.570     882.638        -900.286     883.266             187             187
   13        -267.345     291.205        -267.454     291.708              13              13
  243         960.770    -248.148         960.530    -248.003             243             243
  108         860.833    -823.065         860.554    -823.011             108             108
  137        1336.710    -465.154        1336.723    -465.358             137             137
   63       -1217.434    -209.854       -1217.407    -209.439              63              63
  168        -198.563    1587.402        -198.299    1587.712             168             168
  214        1005.706     -49.148        1005.589     -48.955             214             214
  154         293.880    -984.693         293.619    -984.429             154             154
   23          90.856     122.540          90.894     122.842              23              23
  118        -578.062    -432.296        -578.314    -431.644             118             118
   51        1307.222   -3042.719        1306.285   -3042.856              51              51
   35        -468.250    -555.098        -468.464    -554.985              35              35
  155        1462.799    -907.365        1462.516    -907.748             155             155
   20         242.736    -505.895         242.745    -505.964              20              20
  245        -163.343    -196.707        -163.255    -196.618             245             245
  215       -1059.183    -324.773       -1059.240    -324.378             215             215
  132       -1193.643    -619.840       -1194.046    -619.404             132             132
  118        1073.536   -1043.796        1073.063   -1044.112             118             118
  112        -909.157      26.971        -909.293      27.201             112             112
  108         555.534    -421.537         555.155    -421.650             108             108
   41        1004.472   -1374.140        1003.971   -1374.574              41              41
    1         558.632    1110.296         558.961    1109.979               1               1
  242         852.394     592.834         852.726     592.707             242             242
  125       -1000.330   -1227.978       -1000.486   -1227.706             125             125
   60       -2047.871     937.319       -2047.739     937.805              60              60
   36        -507.044     759.848        -507.248     760.089              36              36
   71        2016.597     141.188        2016.520     140.738              71              71
  178       -1379.675     470.561       -1379.505     471.118             178             178
  145        -741.393     292.112        -741.526     292.584             145             145
  177        -455.539    -802.237        -456.029    -801.896             177             177
  109       -1478.376    -527.196       -1478.988    -526.693             109             109
  181         131.929    -535.377         131.074    -535.462             181             181
    2        2166.821     861.205        2166.550     860.568               2               2
  250        1859.673     287.875        1859.538     287.454             250             250
   77        1541.713     664.638        1541.837     664.397              77              77
   31        2117.022     -29.980        2117.229     -30.291              31              31
  224       -1245.885   -1307.868       -1246.106   -1307.366             224             224
   18         488.650     853.442         488.875     853.406              18              18
   39        -457.664     -62.262        -457.707     -61.801              39              39
  119         109.679   -1441.312         109.177   -1441.162             119             119
  205        -331.568    -242.294        -331.706    -242.147             205             205
  188        -273.327    -305.069        -273.492    -304.903             188             188
  119       -1848.813     505.483       -1848.992     506.302             119             119
  120         748.177   -2471.128         746.958   -2471.221             120             120
   65         575.706    -635.456         575.215    -635.818              65              65
  223         182.473     -87.451         182.131     -87.700             223             223
   78        1407.187    1667.267        1407.478    1666.948              78              78
  197         203.921   -1825.494         203.260   -1825.465             197             197
  237         369.435     854.173         369.545     853.990             237             237
   68          89.007     834.221          89.068     834.474              68              68
  203        1067.479   -2393.332        1066.640   -2393.558             203             203
   18         139.764    -265.338         139.747    -265.642              18              18
   11       -1979.973     825.499       -1979.943     825.943              11              11
   75         794.285    1208.688         794.312    1208.485              75              75
   22       -1222.442    1164.317       -1222.430    1164.993              22              22
   37        -653.638    -581.489        -654.540    -580.985              37              37
  248        2448.803     863.278        2448.458     862.898             248             248
  190        1693.795   -1767.231        1693.021   -1767.360             190             190
  237         444.014   -1791.506         443.210   -1791.594             237             237
  114        2221.928   -1550.646        2221.316   -1551.611             114             114
  172         160.166     857.721         160.432     857.365             172             172
  227         315.718    1246.024         315.935    1245.895             227             227
  187        1537.096    1733.781        1537.613    1733.653             187             187
   95       -1063.231   -1094.756       -1063.689   -1093.985              95              95
  144        1927.466   -1130.018        1927.030   -1130.504             144             144
  237        -856.834     480.166        -856.588     480.593             237             237
  193       -1634.831   -1103.275       -1635.497   -1102.572             193             193
  193         715.750     286.532         715.415     286.507             193             193
   24         -54.254    -909.721         -54.861    -909.347              24              24
  159         227.230   -2682.971         226.029   -2682.986             159             159
  147          90.000    -859.283          89.378    -859.515             147             147
   62          59.182    -796.978          58.557    -797.188              62              62
  245        -560.122    -513.921        -560.833    -513.984             245             245
   71        1448.054     677.998        1447.735     677.471              71              71
  122         946.260   -1650.793         945.443   -1651.203             122             122
    4        -105.811    -375.139        -106.213    -375.487               4               4
  173        -677.277     574.626        -677.607     574.477             173             173
  221         909.950    1531.030         909.914    1530.590             221             221
  116       -1085.337     749.392       -1085.767     749.796             116             116
   55        1599.871     401.481        1599.249     400.995              55              55
  183          95.345    1635.047          95.190    1635.246             183             183
  120        1370.707    -721.470        1369.713    -721.634             120             120
  187        1757.907     609.823        1757.583     609.484             187             187
   55        -372.637    -717.698        -373.449    -717.293              55              55
  144         435.239    -372.296         434.299    -372.203             144             144
  247         689.682   -1571.072         688.376   -1571.194             247             247
   37       -2075.870    -815.162       -2077.386    -814.583              37              37
  112         828.961     116.428         827.165     116.138             112             112
  238        3022.195   -1007.474        3020.162   -1008.456             238             238
  214         312.339   -1071.093         310.081   -1071.355             214             214
  149       -1306.328    -778.559       -1309.960    -778.476             149             149
  215         -27.947    1088.828         -34.760    1088.604             215             215
