SINAL     NFT                         FFT                         NFT INVERSA     FFT INVERSA
-----     -----------------------     -----------------------     -----------     -----------
  113       62696.000       0.000       62696.000       0.000             113             113
  243        1094.448    -294.937        1094.461    -294.937             243             243
  228         323.564    -652.572         323.577    -652.573             228             228
  102          31.836    -623.209          31.848    -623.211             102             102
   90        1028.737    1557.198        1028.754    1557.194              90              90
   52       -1659.593    1188.001       -1659.577    1188.007              52              52
  181        2344.944     -52.017        2344.957     -52.021             181             181
   96        -989.547   -1167.623        -989.537   -1167.619              96              96
   21         364.310     555.666         364.324     555.664              21              21
  178         954.411    -162.386         954.424    -162.391             178             178
  187        -675.052     538.971        -675.037     538.978             187             187
   48        1054.473   -2062.670        1054.470   -2062.677              48              48
  155         901.139     432.448         901.155     432.433             155             155
  218         454.539    1009.004         454.562    1008.997             218             218
   92         396.412    1199.767         396.437    1199.768              92              92
   56         513.103   -1672.596         513.102   -1672.601              56              56
   60        1299.888    2102.434        1299.929    2102.420              60              60
  203       -1032.091   -1339.229       -1032.086   -1339.217             203             203
   99         255.511    1033.345         255.533    1033.337              99              99
   92         668.516    1239.761         668.542    1239.760              92              92
  126        1107.830   -1080.790        1107.836   -1080.800             126             126
  157        -261.800     347.197        -261.776     347.195             157             157
  166         874.689    1014.640         874.724    1014.628             166             166
  240       -1455.711     364.900       -1455.693     364.923             240             240
   18        1576.211    1233.094        1576.240    1233.082              18              18
   90         442.597    -883.643         442.608    -883.638              90              90
   47         -41.939    -224.615         -41.916    -224.610              47              47
   29       -1855.466   -1208.342       -1855.475   -1208.316              29              29
  155        -148.770     859.973        -148.766     859.964             155             155
  252        2024.055     658.840        2024.063     658.803             252             252
  104        2561.330     -11.223        2561.355     -11.277             104             104
   89         363.421    1648.691         363.486    1648.679              89              89
  224         332.342    2064.055         332.410    2064.072             224             224
  152        2083.038   -1878.291        2083.040   -1878.320             152             152
    1        -411.134     869.811        -411.058     869.813               1               1
  111       -1647.731    1185.883       -1647.664    1185.926             111             111
  156       -1488.951     378.435       -1488.928     378.478             156             156
  196         670.183    1439.464         670.235    1439.461             196             196
   36       -1319.868    1617.931       -1319.807    1618.000              36              36
    4        -246.450    -276.298        -246.446    -276.247               4               4
  203        -582.693    -569.040        -582.699    -568.985             203             203
  155         -46.517   -2027.346         -46.567   -2027.324             155             155
  139        1137.111   -1848.418        1137.085   -1848.467             139             139
   96       -1959.665    1466.994       -1959.610    1467.027              96              96
  121         379.987     912.959         380.006     912.958             121             121
   51          65.195     528.882          65.212     528.895              51              51
  159         237.157    1323.615         237.197    1323.644             159             159
  244        -415.960   -1301.907        -416.012   -1301.865             244             244
   29        2139.954     800.619        2139.969     800.578              29              29
   81        2090.706   -1019.235        2090.703   -1019.270              81              81
  132        1090.647    -611.457        1090.680    -611.482             132             132
  175        -419.793     739.858        -419.730     739.900             175             175
  133        1545.768   -2536.499        1545.735   -2536.540             133             133
  142       -2234.321     963.326       -2234.256     963.395             142             142
  237        1416.553    -716.329        1416.539    -716.365             237             237
  201        1179.286    -545.583        1179.320    -545.632             201             201
   71       -1214.732     779.122       -1214.660     779.164              71              71
    3         318.968     269.884         318.996     269.890               3               3
   37        2330.246    -262.964        2330.302    -263.036              37              37
    4       -1008.340     245.666       -1008.226     245.716               4               4
   35       -2856.648     341.758       -2856.583     341.891              35              35
  254       -1427.625    -732.998       -1427.652    -732.927             254             254
  225         718.666     315.787         718.709     315.772             225             225
   98       -3220.585    -690.213       -3220.592    -690.079              98              98
  231       -1922.404     931.712       -1922.428     931.807             231             231
  174        1287.518    -304.344        1287.438    -304.365             174             174
  164        2472.469    -784.746        2472.425    -784.838             164             164
  236        2221.097     -79.385        2221.156     -79.485             236             236
   10        -415.237    1082.717        -415.108    1082.754              10              10
  126        -613.348    -336.920        -613.303    -336.861             126             126
  252       -1677.341     441.045       -1677.296     441.152             252             252
  101        -726.209    -561.479        -726.250    -561.409             101             101
   26        1435.864    -693.290        1435.843    -693.345              26              26
   37        -176.060    1348.287        -175.949    1348.337              37              37
  186        -778.797   -2006.681        -778.862   -2006.605             186             186
   20       -1198.063     739.254       -1198.037     739.342              20              20
  192        1098.113   -1736.666        1098.012   -1736.678             192             192
  144        1769.745   -1792.692        1769.706   -1792.794             144             144
  166          -5.268    -333.840          -5.187    -333.882             166             166
  220       -2826.956     758.068       -2826.878     758.195             220             220
   77        -369.463    -912.771        -369.535    -912.776              77              77
  165        1397.329    1924.977        1397.458    1924.891             165             165
  254       -1433.584     838.863       -1433.492     838.984             254             254
   26       -1398.785      23.086       -1398.796      23.216              26              26
  214         504.330   -1350.652         504.240   -1350.665             214             214
  120        -359.915    1245.061        -359.851    1245.083             120             120
   66         576.581    1400.970         576.659    1401.017              66              66
  229        -242.458   -1062.959        -242.515   -1062.848             229             229
   90        1292.769   -1816.924        1292.685   -1816.951              90              90
  104         -77.271   -1438.076         -77.309   -1438.079             104             104
  137         -75.749     -57.466         -75.722     -57.484             137             137
   78         -82.806    1014.246         -82.727    1014.280              78              78
   72        1006.544   -1312.562        1006.514   -1312.584              72              72
  187       -1032.604    -303.286       -1032.579    -303.227             187             187
  183        1223.851     610.479        1223.939     610.431             183             183
  119        -404.020    -311.418        -403.934    -311.341             119             119
  100       -2055.775   -1480.183       -2055.800   -1480.048             100             100
    0       -2222.328    2384.617       -2222.194    2384.820              -0               0
   73        -531.964   -2215.017        -532.165   -2214.863              73              73
  183        1317.059   -3079.441        1316.864   -3079.522             183             183
  233       -1609.981    -274.846       -1609.997    -274.775             233             233
  212         387.056    -973.420         386.952    -973.459             212             212
  153        1503.522      51.781        1503.547      51.694             153             153
   72        -114.083   -2174.635        -114.154   -2174.630              72              72
  151       -1318.919   -1389.612       -1318.976   -1389.595             151             151
  239        -743.483    -459.211        -743.515    -459.262             239             239
  188       -1426.954    1434.502       -1426.909    1434.545             188             188
  200        1416.839    -413.730        1416.777    -413.863             200             200
  137       -1104.781    2000.676       -1104.667    2000.751             137             137
  157         764.796    -597.980         764.690    -598.000             157             157
  156        1293.342     599.036        1293.353     598.972             156             156
   27        1572.788   -1551.182        1572.685   -1551.298              27              27
  127        2263.716    1105.110        2263.880    1104.923             127             127
   50        -170.212     285.246        -170.081     285.294              50              50
  163         486.491    -757.635         486.531    -757.652             163             163
  191        -979.598    -505.153        -979.566    -505.109             191             191
    5         916.487    1182.525         916.646    1182.459               5               5
   92        -896.396    -406.151        -896.343    -406.056              92              92
   22         247.078     341.286         247.179     341.291              22              22
  116        -640.736    -900.611        -640.704    -900.560             116             116
   28       -1696.701     856.894       -1696.578     857.021              28              28
  147       -1437.749     367.212       -1437.743     367.372             147             147
   57         928.202   -1321.646         928.080   -1321.725              57              57
  166         794.987    1896.496         795.205    1896.432             166             166
  129        -506.940     898.862        -506.780     899.000             129             129
  255        -250.339    -128.554        -250.265    -128.411             255             255
  230        -517.663    -794.451        -517.620    -794.287             230             230
   38       -2704.226   -2280.670       -2704.375   -2280.386              38              38
   85         530.157   -2035.911         530.001   -2036.000              85              85
   57       -1497.866     534.275       -1497.781     534.359              57              57
  122        -393.886    -664.046        -393.938    -664.020             122             122
   64         564.447     528.614         564.560     528.584              64              64
   69        -983.790   -1436.754        -983.798   -1436.663              69              69
   41       -1426.507     561.964       -1426.349     562.084              41              41
  103       -2944.517    -446.031       -2944.502    -445.719             103             103
  202       -2588.779   -2828.393       -2589.062   -2828.219             202             202
   84       -1859.583    1023.173       -1859.583    1023.230              84              84
    3        -728.667     996.317        -728.646     996.379               3               3
   20       -3120.078    -310.287       -3120.256    -309.998              20              20
  172        1716.981     750.254        1716.903     750.113             172             172
  248        -912.400     557.378        -912.413     557.536             248             248
  238         293.530    -914.667         293.376    -914.625             238             238
  190        -990.326     -33.479        -990.417     -33.327             190             190
   10        1560.835   -1325.699        1560.668   -1325.781              10              10
   57       -1362.366   -1684.612       -1362.552   -1684.501              57              57
   20         877.099    -157.429         877.046    -157.542              20              20
  185        -793.394   -1183.780        -793.504   -1183.736             185             185
    6       -1532.412    -141.229       -1532.509    -141.123               6               6
  176         605.106   -1562.893         604.858   -1563.038             176             176
   58        -121.292     976.119        -121.233     976.024              58              58
  186       -2182.259     572.186       -2182.351     572.354             186             186
   93        1964.262    1395.419        1964.224    1395.257              93              93
  168         975.522    -982.207         975.357    -982.274             168             168
   39        1033.595     238.339        1033.582     238.212              39              39
   77         318.563     948.676         318.618     948.690              77              77
   31        1496.805   -2033.720        1496.591   -2033.891              31              31
  224         130.448    1933.298         130.662    1933.247             224             224
  149         438.886    -243.431         438.867    -243.443             149             149
  229        -533.995    1090.852        -533.928    1090.955             229             229
  151        1726.492    -345.886        1726.423    -345.982             151             151
  225         616.712     231.945         616.773     231.964             225             225
   87         275.907   -1194.363         275.799   -1194.325              87              87
  241        1182.835   -1045.203        1182.765   -1045.348             241             241
   10         814.248     784.699         814.447     784.612              10              10
   97       -1027.653    -142.326       -1027.573    -142.161              97              97
   61        -446.284      71.337        -446.244      71.463              61              61
   86        -476.924   -1236.586        -477.038   -1236.472              86              86
  118        -688.203    -367.745        -688.257    -367.628             118             118
  209        -397.617   -1387.692        -397.833   -1387.610             209             209
  103        1230.548   -2257.384        1230.274   -2257.609             103             103
  103         898.025    1107.868         898.228    1107.678             103             103
   15        -197.236    -714.334        -197.169    -714.349              15              15
  228       -3226.154     812.951       -3226.052     813.282             228             228
  205        -782.484    -432.006        -782.683    -431.929             205             205
   33        -129.167    1083.513        -129.217    1083.539              33              33
   89        1923.102     451.515        1923.056     451.402              89              89
  160         944.172    -277.204         944.153    -277.165             160             160
  147         444.253   -1914.811         444.063   -1914.758             147             147
   97         515.073   -2039.460         514.888   -2039.531              97              97
  178        -837.113   -1457.345        -837.268   -1457.347             178             178
  196        -133.597    -165.600        -133.693    -165.683             196             196
   24        1557.742    -703.256        1557.626    -703.531              24              24
  111         855.612     846.581         855.754     846.435             111             111
  163        1287.852    -865.348        1287.848    -865.504             163             163
  121         535.448   -1404.396         535.459   -1404.585             121             121
   72        -963.820    1389.387        -963.480    1389.379              72              72
  182       -2065.856    1211.742       -2065.667    1212.020             182             182
  227        -346.191    -447.295        -346.276    -447.183             227             227
  158        -265.796    -854.660        -265.900    -854.616             158             158
  247        -277.798    -971.354        -277.897    -971.386             247             247
  243        -808.981     642.785        -808.895     642.840             243             243
  128        -937.707   -1158.227        -937.899   -1158.162             128             128
   38        -205.614    1019.827        -205.573    1019.808              38              38
   80         805.694    -995.613         805.543    -995.744              80              80
   53        -265.423     526.438        -265.338     526.407              53              53
  128        -226.873     134.084        -226.852     134.097             128             128
  111        -362.034      69.124        -362.025      69.167             111             111
   69        -528.229    -739.406        -528.334    -739.388              69              69
  136       -1088.309     648.594       -1088.296     648.664             136             136
   79        -385.596     770.048        -385.647     770.110              79              79
   82        1553.582    -234.999        1553.474    -235.174              82              82
   17         195.308     430.584         195.377     430.605              17              17
  126         477.361   -1594.340         477.197   -1594.418             126             126
    7       -1129.691     735.449       -1129.567     735.549               7               7
   50       -1760.687    -887.173       -1760.957    -886.993              50              50
    8        1583.983    1372.950        1583.993    1372.708               8               8
   76        1100.146    -283.077        1100.081    -283.205              76              76
  213         328.040    1487.211         328.230    1487.268             213             213
  154        1363.634   -2123.484        1363.399   -2123.580             154             154
   95        -733.189    -331.488        -733.171    -331.414              95              95
  223         287.542   -1210.031         287.394   -1210.130             223             223
   45        -232.878       7.114        -232.838       7.039              45              45
  127        -359.397     562.833        -359.285     562.835             127             127
   58       -1621.129     374.231       -1621.132     374.485              58              58
   82        -456.756    -599.695        -457.010    -599.586              82              82
   77        1171.348   -1308.303        1171.067   -1308.502              77              77
  202       -1007.130    -252.675       -1007.292    -252.609             202             202
   16        1817.268   -1425.229        1816.938   -1425.634              16              16
  112         150.290    1321.617         150.403    1321.457             112             112
   76        1313.664    -169.065        1313.540    -169.305              76              76
  199        1873.025     377.971        1873.073     377.652             199             199
   75        1514.593    -869.404        1514.570    -869.716              75              75
  210         268.541     300.418         268.695     300.207             210             210
   22         564.650    1480.132         564.944    1479.969              22              22
   82         502.533     -43.800         502.617     -43.917              82              82
  126         961.155     649.580         961.415     649.369             126             126
   55       -1277.147    -422.238       -1277.075    -422.202              55              55
    4        -474.698    2973.757        -474.258    2973.741               4               4
   44         843.882    1301.877         844.124    1301.865              44              44
  255        -223.564    -208.192        -223.484    -208.097             255             255
   76        -196.283    1103.293        -196.012    1103.351              76              76
  113        -838.094     907.677        -837.865     907.908             113             113
  239       -1184.609     645.130       -1184.482     645.492             239             239
   64       -1299.241   -1560.581       -1299.543   -1560.272              64              64
  179        -263.989    -688.788        -264.205    -688.799             179             179
   66           5.009    1077.045           5.092    1077.052              66              66
  252        -667.431    -615.326        -667.657    -615.160             252             252
  155        1762.579   -1014.612        1762.355   -1014.944             155             155
  122         -29.652     639.686         -29.502     639.591             122             122
  195        -772.245    1044.884        -772.125    1045.017             195             195
  149         128.976    -662.735         128.758    -662.769             149             149
   33         813.647    1659.638         813.823    1659.532              33              33
   64         637.147    -849.489         636.956    -849.541              64              64
   55        1853.862     519.989        1853.990     519.665              55              55
  242         388.148     754.601         388.428     754.563             242             242
  109       -1344.265     944.916       -1344.090     945.247             109             109
  238        1247.492    -785.380        1247.351    -785.464             238             238
  142         378.895    -938.785         378.847    -938.889             142             142
  137        -919.488    1232.723        -919.280    1232.829             137             137
  119        1682.439    1337.235        1682.694    1337.118             119             119
  242         426.872   -1294.637         426.889   -1294.564             242             242
  187       -2499.445    -157.267       -2499.403    -156.811             187             187
  202         444.415   -1319.599         444.134   -1319.707             202             202
   51         544.205    1446.518         544.514    1446.447              51              51
  218        -799.561   -2158.510        -799.815   -2158.413             218             218
  255       -1653.517    2191.316       -1653.228    2191.539             255             255
  137        1756.000       0.133        1756.000       0.000             137             137
  204       -1652.928   -2191.772       -1653.223   -2191.544             204             204
  204        -800.083    2158.313        -799.821    2158.413             204             204
   64         544.837   -1446.373         544.519   -1446.447              64              64
   18         443.839    1319.819         444.131    1319.708              18              18
  143       -2499.357     156.328       -2499.401     156.805             143             143
   18         426.903    1294.489         426.887    1294.565              18              18
   25        1682.967   -1336.986        1682.698   -1337.113              25              25
  242        -919.055   -1232.944        -919.278   -1232.830             242             242
  139         378.793     939.001         378.845     938.890             139             139
   17        1247.197     785.559        1247.350     785.467              17              17
   43       -1343.897    -945.613       -1344.088    -945.251              43              43
  118         388.739    -754.519         388.430    -754.562             118             118
  249        1854.133    -519.300        1853.991    -519.661             249             249
    0         636.743     849.600         636.955     849.542              -0               0
   18         814.025   -1659.411         813.827   -1659.530              18              18
   90         128.510     662.807         128.758     662.769              90              90
  114        -771.982   -1045.172        -772.122   -1045.019             114             114
  180         -29.329    -639.482         -29.502    -639.591             180             180
   38        1762.093    1015.335        1762.353    1014.949              38              38
  121        -667.926     614.961        -667.660     615.157             121             121
  209           5.196   -1077.061           5.096   -1077.052             209             209
  212        -264.463     688.810        -264.207     688.798             212             212
  255       -1299.910    1559.900       -1299.548    1560.270             255             255
   50       -1184.327    -645.931       -1184.480    -645.493              50              50
  118        -837.583    -908.192        -837.863    -907.910             118             118
   98        -195.678   -1103.424        -196.011   -1103.352              98              98
   68        -223.388     207.979        -223.485     208.096              68              68
  238         844.429   -1301.848         844.127   -1301.863             238             238
  164        -473.695   -2973.722        -474.249   -2973.742             164             164
   25       -1276.985     422.153       -1277.075     422.199              25              25
  144         961.748    -649.099         961.418    -649.366             144             144
  196         502.726      44.070         502.617      43.918             196             196
   89         565.331   -1479.751         564.948   -1479.965              89              89
   72         268.898    -299.931         268.696    -300.207              72              72
  193        1514.537     870.135        1514.568     869.721             193             193
   57        1873.137    -377.221        1873.073    -377.647              57              57
   71        1313.376     169.635        1313.541     169.311              71              71
   46         150.559   -1321.240         150.406   -1321.456              46              46
  182        1816.483    1426.191        1816.933    1425.639             182             182
   61       -1007.512     252.517       -1007.291     252.608              61              61
  157        1170.669    1308.783        1171.062    1308.506             157             157
   97        -457.366     599.431        -457.012     599.585              97              97
   31       -1621.135    -374.847       -1621.132    -374.490              31              31
   97        -359.125    -562.839        -359.284    -562.835              97              97
   67        -232.784      -6.933        -232.840      -7.039              67              67
   17         287.178    1210.274         287.392    1210.131              17              17
    0        -733.149     331.305        -733.173     331.412              -0               0
   84        1363.052    2123.722        1363.396    2123.581              84              84
  202         328.514   -1487.349         328.234   -1487.267             202             202
   84        1099.982     283.398        1100.079     283.207              84              84
  193        1584.014   -1372.338        1583.997   -1372.703             193             193
   43       -1761.369     886.715       -1760.960     886.989              43              43
  107       -1129.376    -735.701       -1129.565    -735.549             107             107
    8         476.939    1594.537         477.192    1594.418               8               8
  112         195.485    -430.638         195.377    -430.604             112             112
  157        1553.306     235.451        1553.474     235.178             157             157
   51        -385.724    -770.207        -385.645    -770.109              51              51
   81       -1088.274    -648.781       -1088.295    -648.668              81              81
  221        -528.504     739.360        -528.336     739.389             221             221
  225        -362.011     -69.235        -362.026     -69.166             225             225
  117        -226.818    -134.114        -226.852    -134.095             117             117
   28        -265.195    -526.359        -265.335    -526.408              28              28
  115         805.290     995.965         805.540     995.748             115             115
  235        -205.504   -1019.775        -205.572   -1019.807             235             235
  139        -938.228    1158.055        -937.903    1158.162             139             139
   11        -808.746    -642.942        -808.894    -642.844              11              11
   13        -278.072     971.437        -277.900     971.385              13              13
    6        -266.084     854.539        -265.903     854.616               6               6
  131        -346.423     446.989        -346.276     447.184             131             131
   95       -2065.328   -1212.515       -2065.662   -1212.024              95              95
  167        -962.875   -1389.368        -963.477   -1389.381             167             167
  206         535.475    1404.924         535.456    1404.586             206             206
  142        1287.841     865.791        1287.848     865.508             142             142
   48         856.013    -846.165         855.756    -846.432              48              48
  167        1557.410     704.043        1557.624     703.537             167             167
   96        -133.869     165.836        -133.693     165.683              96              96
  124        -837.565    1457.347        -837.273    1457.345             124             124
    8         514.536    2039.665         514.884    2039.532               8               8
  227         443.696    1914.661         444.058    1914.760             227             227
  131         944.116     277.092         944.152     277.166             131             131
  118        1922.970    -451.172        1923.058    -451.396             118             118
   29        -129.310   -1083.591        -129.215   -1083.539              29              29
   86        -783.075     431.775        -782.685     431.928              86              86
  208       -3225.849    -813.949       -3226.051    -813.290             208             208
  149        -197.035     714.379        -197.169     714.349             149             149
  248         898.641   -1107.293         898.231   -1107.676             248             248
  203        1229.711    2258.071        1230.268    2257.613             203             203
  145        -398.278    1387.441        -397.836    1387.609             145             145
  194        -688.371     367.385        -688.259     367.627             194             194
  246        -477.281    1236.235        -477.042    1236.472             246             246
  143        -446.161     -71.731        -446.244     -71.465             143             143
  219       -1027.403     141.810       -1027.574     142.160             219             219
   15         814.877    -784.420         814.449    -784.608              15              15
  128        1182.612    1045.664        1182.763    1045.350             128             128
    1         275.561    1194.242         275.796    1194.324               1               1
  155         616.906    -232.003         616.772    -231.963             155             155
  135        1726.268     346.210        1726.422     345.988             135             135
  251        -533.776   -1091.190        -533.926   -1090.957             251             251
   65         438.820     243.470         438.865     243.443              65              65
   77         131.158   -1933.130         130.666   -1933.246              77              77
  180        1496.090    2034.290        1496.585    2033.894             180             180
   37         318.748    -948.720         318.620    -948.689              37              37
    5        1033.549    -237.910        1033.581    -238.211               5               5
  115         974.962     982.434         975.355     982.275             115             115
  246        1964.136   -1394.859        1964.225   -1395.251             246             246
  125       -2182.570    -572.765       -2182.350    -572.359             125             125
   64        -121.089    -975.794        -121.233    -976.024              64              64
  134         604.248    1563.397         604.857    1563.041             134             134
  175       -1532.752     140.856       -1532.511     141.119             175             175
   53        -793.784    1183.624        -793.507    1183.734              53              53
  110         876.908     157.828         877.044     157.543             110             110
   77       -1363.029    1684.213       -1362.554    1684.497              77              77
   17        1560.223    1326.004        1560.662    1325.786              17              17
  139        -990.657      32.927        -990.419      33.324             139             139
  138         292.966     914.516         293.372     914.625             138             138
  155        -912.445    -557.958        -912.411    -557.539             155             155
  255        1716.693    -749.729        1716.904    -750.108             255             255
  247       -3120.740     309.205       -3120.257     309.991             247             247
    9        -728.593    -996.550        -728.647    -996.381               9               9
  122       -1859.581   -1023.392       -1859.582   -1023.233             122             122
  138       -2589.872    2827.723       -2589.072    2828.213             138             138
  156       -2944.458     444.828       -2944.502     445.712             156             156
  235       -1425.895    -562.435       -1426.347    -562.088             235             235
  205        -983.821    1436.399        -983.801    1436.661             205             205
   52         564.889    -528.494         564.561    -528.582              52              52
   29        -394.091     663.942        -393.938     664.020              29              29
  107       -1497.530    -534.609       -1497.781    -534.363             107             107
  117         529.528    2036.267         529.999    2036.000             117             117
  169       -2704.850    2279.505       -2704.382    2280.380             169             169
  102        -517.486     793.780        -517.619     794.285             102             102
  236        -250.039     127.964        -250.265     128.409             236             236
  220        -506.271    -899.434        -506.778    -899.001             220             220
  114         795.908   -1896.218         795.210   -1896.428             114             114
  163         927.691    1321.986         928.080    1321.728             163             163
  203       -1437.728    -367.893       -1437.744    -367.374             203             203
  252       -1696.171    -857.443       -1696.576    -857.023             252             252
   24        -640.605     900.390        -640.706     900.559              24              24
   31         247.521    -341.305         247.181    -341.290              31              31
   77        -896.165     405.730        -896.343     406.054              77              77
  111         917.198   -1182.225         916.649   -1182.456             111             111
  102        -979.458     504.947        -979.567     505.107             102             102
  241         486.668     757.709         486.530     757.652             241             241
   40        -169.617    -285.466        -170.080    -285.296              40              40
   68        2264.470   -1104.250        2263.881   -1104.921              68              68
    3        1572.301    1551.731        1572.681    1551.302               3               3
    7        1293.400    -598.730        1293.355    -598.969               7               7
  174         764.296     598.081         764.689     598.002             174             174
  167       -1104.227   -2001.038       -1104.663   -2000.753             167             167
  168        1416.536     414.377        1416.775     413.868             168             168
  134       -1426.720   -1434.712       -1426.904   -1434.547             134             134
  112        -743.640     459.456        -743.516     459.260             112             112
   33       -1319.202    1389.526       -1318.977    1389.594              33              33
  109        -114.456    2174.608        -114.160    2174.629             109             109
   88        1503.649     -51.333        1503.548     -51.690              88              88
   95         386.517     973.616         386.948     973.458              95              95
  166       -1610.062     274.479       -1609.997     274.774             166             166
  114        1316.024    3079.864        1316.854    3079.524             114             114
   50        -533.018    2214.207        -532.168    2214.861              50              50
  212       -2221.608   -2385.700       -2222.187   -2384.827             212             212
   26       -2055.911    1479.457       -2055.801    1480.046              26              26
  103        -403.570     310.989        -403.937     311.337             103             103
   41        1224.335    -610.211        1223.940    -610.429              41              41
  162       -1032.471     302.948       -1032.580     303.223             162             162
  187        1006.368    1312.697        1006.511    1312.588             187             187
  155         -82.355   -1014.440         -82.726   -1014.281             155             155
   12         -75.594      57.568         -75.722      57.484              12              12
    9         -77.498    1438.096         -77.312    1438.079               9               9
   90        1292.269    1817.086        1292.682    1816.953              90              90
  235        -242.809    1062.295        -242.520    1062.845             235             235
  107         577.054   -1401.246         576.662   -1401.016             107             107
  219        -359.520   -1245.200        -359.848   -1245.085             219             219
  129         503.780    1350.738         504.239    1350.667             129             129
  164       -1398.852     -23.906       -1398.796     -23.221             164             164
  161       -1433.000    -839.626       -1433.488    -838.987             161             161
   23        1398.155   -1924.426        1397.464   -1924.888              23              23
   29        -369.927     912.796        -369.536     912.773              29              29
  139       -2826.449    -758.924       -2826.878    -758.203             139             139
  131          -4.738     334.114          -5.188     333.882             131             131
    7        1769.474    1793.386        1769.701    1792.799               7               7
  163        1097.425    1736.751        1098.009    1736.680             163             163
  119       -1197.884    -739.859       -1198.036    -739.345             119             119
   78        -779.250    2006.148        -778.863    2006.603              78              78
  141        -175.277   -1348.639        -175.946   -1348.337             141             141
  183        1435.711     693.687        1435.842     693.347             183             183
  175        -726.509     560.968        -726.250     561.407             175             175
  211       -1677.000    -441.845       -1677.292    -441.156             211             211
   71        -613.014     336.484        -613.304     336.860              71              71
   34        -414.262   -1082.992        -415.106   -1082.754              34              34
  153        2221.544      80.165        2221.155      79.491             153             153
   91        2472.132     785.476        2472.426     784.844              91              91
   13        1286.872     304.517        1287.436     304.371              13              13
  106       -1922.592    -932.472       -1922.427    -931.808             106             106
  182       -3220.649     689.068       -3220.593     690.069             182             182
   95         719.033    -315.659         718.711    -315.771              95              95
  144       -1427.855     732.370       -1427.653     732.921             144             144
  124       -2856.086    -342.923       -2856.582    -341.896             124             124
  124       -1007.354    -246.103       -1008.226    -245.718             124             124
    6        2330.749     263.622        2330.303     263.042               6               6
   21         319.215    -269.933         318.997    -269.888              21              21
  148       -1214.064    -779.517       -1214.659    -779.167             148             148
  126        1179.602     546.046        1179.320     545.633             126             126
  222        1416.401     716.685        1416.536     716.368             222             222
   67       -2233.679    -964.023       -2234.252    -963.401              67              67
  121        1545.423    2536.916        1545.730    2536.544             121             121
  216        -419.139    -740.286        -419.727    -739.902             216             216
  136        1090.981     611.713        1090.679     611.483             136             136
   68        2090.666    1019.616        2090.701    1019.276              68              68
  154        2140.111    -800.170        2139.969    -800.576             154             154
  190        -416.549    1301.430        -416.015    1301.862             190             190
  203         237.625   -1323.931         237.199   -1323.644             203             203
  250          65.399    -529.040          65.214    -528.896             250             250
   66         380.224    -912.937         380.009    -912.957              66              66
   23       -1958.996   -1467.411       -1959.606   -1467.031              23              23
   42        1136.776    1849.037        1137.081    1848.470              42              42
   10         -47.157    2027.062         -46.572    2027.323              10              10
  182        -582.772     568.325        -582.699     568.983             182             182
  219        -246.399     275.600        -246.446     276.243             219             219
   82       -1319.030   -1618.875       -1319.802   -1618.003              82              82
  179         670.924   -1439.423         670.239   -1439.461             179             179
  123       -1488.612    -379.067       -1488.926    -378.482             123             123
  152       -1646.739   -1186.536       -1647.661   -1185.930             152             152
  211        -409.964    -869.837        -411.054    -869.815             211             211
  140        2083.057    1878.763        2083.035    1878.325             140             140
  207         333.444   -2064.323         332.412   -2064.072             207             207
  116         364.564   -1648.499         363.492   -1648.679             116             116
  192        2561.745      12.188        2561.354      11.283             192             192
   77        2024.213    -658.132        2024.065    -658.798              77              77
  209        -148.673    -859.811        -148.764    -859.964             209             209
   21       -1855.660    1207.845       -1855.478    1208.313              21              21
   35         -41.488     224.513         -41.916     224.610              35              35
   62         442.802     883.534         442.604     883.638              62              62
   47        1576.853   -1232.814        1576.242   -1233.080              47              47
  235       -1455.279    -365.476       -1455.692    -364.928             235             235
   19         875.523   -1014.356         874.727   -1014.626              19              19
  194        -261.206    -347.156        -261.775    -347.196             194             194
  151        1107.956    1081.062        1107.834    1080.803             151             151
  227         669.265   -1239.711         668.547   -1239.758             227             227
  118         256.157   -1033.114         255.537   -1033.337             118             118
  165       -1031.983    1338.842       -1032.091    1339.214             165             165
   30        1301.231   -2101.973        1299.933   -2102.418              30              30
    6         513.028    1672.804         513.100    1672.601               6               6
  244         397.350   -1199.799         396.439   -1199.767             244             244
   95         455.478   -1008.720         454.564   -1008.997              95              95
   33         901.885    -431.814         901.157    -432.432              33              33
   53        1054.259    2063.080        1054.465    2062.682              53              53
  203        -674.244    -539.349        -675.034    -538.979             203             203
  208         955.136     162.663         954.422     162.392             208             208
   21         365.214    -555.502         364.325    -555.662              21              21
  145        -988.862    1167.250        -989.538    1167.615             145             145
  160        2346.003      52.522        2344.957      52.028             160             160
  230       -1657.930   -1188.727       -1659.574   -1188.011             230             230
  114        1031.070   -1556.666        1028.757   -1557.191             114             114
  244          33.886     623.490          31.847     623.211             244             244
  255         326.803     652.729         323.576     652.574             255             255
   43        1101.042     295.242        1094.459     294.939              43              43
