SINAL     NFT                         FFT                         NFT INVERSA     FFT INVERSA
-----     -----------------------     -----------------------     -----------     -----------
  163       65980.000       0.000       65980.000       0.000             163             163
  122         223.433   -2442.727         223.446   -2442.727             122             122
  149        1663.862     548.834        1663.877     548.833             149             149
   85         129.959    -900.991         129.974    -900.991              85              85
  123       -2916.317    -623.043       -2916.303    -623.037             123             123
  161       -1449.826    -280.200       -1449.816    -280.197             161             161
   50         270.912    -511.744         270.917    -511.745              50              50
  198        1433.826     391.129        1433.838     391.122             198             198
   24        1076.176     248.587        1076.192     248.582              24              24
  114        -887.846    -589.143        -887.835    -589.140             114             114
  237         160.805    2036.095         160.828    2036.097             237             237
  250         551.754   -1932.165         551.753   -1932.165             250             250
  121         947.494      69.889         947.507      69.878             121             121
   47        1715.774    1307.393        1715.802    1307.383              47              47
   85          42.753   -1268.272          42.765   -1268.268              85              85
  100         364.334    -338.721         364.355    -338.727             100             100
   37       -1523.597     139.402       -1523.574     139.416              37              37
  235        -663.219   -1034.532        -663.217   -1034.532             235             235
  245          22.443    2341.579          22.482    2341.577             245             245
  162         -93.893      61.493         -93.876      61.508             162             162
  242        -697.413   -2394.931        -697.425   -2394.922             242             242
   55       -2167.009      85.835       -2167.002      85.848              55              55
  148        -535.896    1098.379        -535.892    1098.379             148             148
   19        1385.226    -230.828        1385.216    -230.853              19              19
   40        1063.378    1492.413        1063.402    1492.392              40              40
  241        2386.887     450.399        2386.909     450.364             241             241
  126         486.174    1255.530         486.222    1255.528             126             126
  115         158.240    -201.863         158.258    -201.860             115             115
   50        1226.121    1942.403        1226.186    1942.392              50              50
    8       -1295.735     935.277       -1295.688     935.331               8               8
   40        -453.051   -1197.377        -453.057   -1197.338              40              40
  184         -41.310   -1622.851         -41.324   -1622.839             184             184
  147        -316.435   -1245.033        -316.440   -1245.033             147             147
  120       -1563.433     538.666       -1563.414     538.697             120             120
  167         478.406    -986.468         478.385    -986.473             167             167
  209          79.618   -1737.384          79.591   -1737.407             209             209
  223        -621.284    1869.478        -621.238    1869.474             223             223
   79         709.225    -224.007         709.224    -224.025              79              79
  170        -228.766    1698.911        -228.718    1698.927             170             170
  176         418.158    -997.132         418.134    -997.118             176             176
  195        1294.259   -2061.149        1294.225   -2061.196             195             195
  221        -993.447     488.908        -993.421     488.902             221             221
  247         951.278     341.715         951.292     341.665             247             247
  190         415.102    1118.781         415.153    1118.749             190             190
   99        -150.498    2104.462        -150.420    2104.469              99              99
  166        -774.627     374.031        -774.618     374.071             166             166
   46        1935.987    -253.933        1935.989    -253.992              46              46
  207        -595.489    2506.020        -595.394    2506.051             207             207
   71         235.556     -86.782         235.557     -86.752              71              71
  195         752.334    -151.415         752.335    -151.418             195             195
   53        1419.683    -444.213        1419.696    -444.252              53              53
  191        -322.298     874.034        -322.241     874.054             191             191
   79        1281.064    -893.036        1281.068    -893.078              79              79
  221       -1113.179    1339.566       -1113.101    1339.595             221             221
  224         424.770     941.719         424.819     941.717             224             224
  171        -313.197    1541.837        -313.129    1541.881             171             171
  190         954.101     383.027         954.136     383.045             190             190
  205        -170.470     -85.649        -170.440     -85.595             205             205
    2        -496.208    -284.501        -496.207    -284.439               2               2
  173        1802.225    -456.903        1802.241    -456.928             173             173
  115       -1128.234    -823.055       -1128.221    -822.977             115             115
  110        -105.911    -975.770        -105.932    -975.747             110             110
   97         311.451    -143.891         311.463    -143.883              97              97
  252         501.653    -706.691         501.654    -706.678             252             252
  204        1222.223   -1574.322        1222.228   -1574.354             204             204
  119       -3024.533   -1269.678       -3024.547   -1269.554             119             119
  165         816.507    -571.972         816.485    -572.004             165             165
   80         -22.877   -2557.115         -22.949   -2557.133              80              80
  168        -520.604   -1993.981        -520.654   -1994.049             168             168
  101        -390.537    2161.574        -390.404    2161.525             101             101
  157       -1288.149   -1532.799       -1288.191   -1532.797             157             157
  216       -1647.398    1431.721       -1647.352    1431.705             216             216
   90         720.179    2806.834         720.283    2806.769              90              90
   60        1128.288    1173.213        1128.369    1173.168              60              60
  201        -672.037    1878.070        -671.906    1878.135             201             201
   90        -523.879   -1142.525        -523.913   -1142.493              90              90
   89        -209.596    2305.781        -209.458    2305.785              89              89
  175       -1375.122     940.230       -1375.068     940.333             175             175
  232           7.477    1029.880           7.523    1029.923             232             232
  147        -356.192     618.198        -356.152     618.268             147             147
  133        -548.770     566.972        -548.732     567.063             133             133
  246       -1633.253    -277.189       -1633.298    -277.041             246             246
  111         590.813    -768.648         590.720    -768.643             111             111
  239        1703.120    -171.979        1703.131    -172.053             239             239
  239       -2592.361     -18.402       -2592.379     -18.252             239             239
  213        2157.488    1224.138        2157.514    1224.059             213             213
   56         540.738     -28.990         540.763     -28.941              56              56
   59         133.529   -1846.099         133.460   -1846.066              59              59
  159       -1272.980    -701.466       -1273.025    -701.405             159             159
  173         887.779     282.546         887.769     282.497             173             173
   78        1118.436    -815.584        1118.418    -815.648              78              78
  252        -704.601    -126.575        -704.573    -126.565             252             252
   87        -766.945    1706.201        -766.849    1706.259              87              87
   33        -367.762    -159.656        -367.811    -159.577              33              33
  101        1287.816   -1412.635        1287.715   -1412.707             101             101
  150        -977.975     635.584        -977.966     635.632             150             150
    4        1554.267    -745.799        1554.164    -745.914               4               4
    8        2192.234    1262.352        2192.318    1262.188               8               8
   39        2077.601    1618.237        2077.780    1618.148              39              39
  234         223.989    -396.677         224.062    -396.636             234             234
   24         233.819    -141.693         233.898    -141.697              24              24
   55       -1228.006    1339.123       -1227.874    1339.240              55              55
   87         996.522    -400.028         996.526    -400.043              87              87
   94         451.461     965.066         451.603     965.089              94              94
  246        -328.169     336.491        -328.059     336.619             246             246
  231        -500.487   -1860.962        -500.525   -1860.852             231             231
   72       -2202.265   -1284.710       -2202.321   -1284.558              72              72
  155        -273.457    -377.425        -273.498    -377.431             155             155
  221        -274.362    1148.651        -274.287    1148.700             221             221
  111         665.895   -1895.276         665.787   -1895.306             111             111
   69         -40.116     431.635         -40.018     431.601              69              69
  134       -1958.072    1514.667       -1957.939    1514.848             134             134
   29        -803.311   -1167.203        -803.442   -1167.081              29              29
  244         290.780   -1244.915         290.631   -1244.960             244             244
   72        2207.726    1290.230        2207.843    1290.059              72              72
   89         334.934    -582.693         335.003    -582.703              89              89
   71       -2049.274     584.863       -2049.181     585.007              71              71
  100         126.974    1686.238         127.094    1686.298             100             100
   28         382.647   -1105.531         382.605   -1105.472              28              28
  215        -920.822    -373.491        -920.809    -373.383             215             215
  133         -25.650    -287.650         -25.638    -287.602             133             133
  123       -1597.841   -1451.473       -1597.954   -1451.340             123             123
   14        1052.015      -7.497        1052.018      -7.602              14              14
  162        -809.888    -209.143        -809.869    -209.093             162             162
   22         582.696     399.574         582.782     399.520              22              22
   81       -1055.871     393.405       -1055.748     393.514              81              81
  135       -2769.916    -706.148       -2769.984    -705.928             135             135
  103         388.965    1245.183         389.029    1245.155             103             103
    6       -1741.981     187.800       -1742.000     188.000               6               6
   61         376.624    -264.570         376.535    -264.567              61              61
  158        1263.281     246.286        1263.344     246.201             158             158
  237       -1658.208     376.527       -1658.104     376.698             237             237
  149       -2307.343    1437.770       -2307.259    1438.069             149             149
  201        -572.726    -835.586        -572.889    -835.391             201             201
    3        -496.961   -2006.590        -497.213   -2006.482               3               3
  128       -1125.036   -1635.465       -1125.307   -1635.411             128             128
  212        1627.071    1009.566        1627.050    1009.399             212             212
  163         685.515   -1002.221         685.401   -1002.279             163             163
  221          92.382     347.671          92.386     347.638             221             221
  204         297.997     246.483         297.966     246.455             204             204
  111        2399.779     483.491        2399.876     483.284             111             111
   51       -1962.991     552.375       -1962.872     552.584              51              51
  121        -411.099     950.616        -411.039     950.732             121             121
  239       -1526.071    -389.464       -1526.198    -389.241             239             239
    9         601.481     704.993         601.397     705.031               9               9
   85        1908.237    -455.185        1908.111    -455.238              85              85
  177        2359.584    -561.134        2359.578    -561.238             177             177
  178         168.446   -1489.468         168.413   -1489.386             178             178
  159        -405.068   -2322.276        -405.224   -2322.240             159             159
  207        -768.708    -623.172        -768.756    -623.185             207             207
   48        -362.367    2113.836        -362.213    2113.910              48              48
  126        1913.423   -1567.347        1913.292   -1567.429             126             126
    9        -731.728   -1219.656        -731.779   -1219.591               9               9
  154         364.598    1206.896         364.775    1206.917             154             154
  239       -1148.916   -1790.473       -1149.024   -1790.260             239             239
  146       -2728.010   -1191.063       -2728.211   -1190.755             146             146
  213         405.526   -2650.831         405.079   -2650.936             213             213
  197        2276.416     173.647        2276.386     173.289             197             197
   69         395.183    1645.247         395.407    1645.240              69              69
   12        -576.900   -2990.469        -577.188   -2990.415              12              12
  248        -198.749     896.975        -198.693     896.908             248             248
  201         672.076      35.661         672.057      35.582             201             201
  243          13.619    1014.959          13.712    1015.035             243             243
   75        1156.098   -2792.062        1155.828   -2792.159              75              75
   15        -534.581     312.444        -534.505     312.447              15              15
  209        -271.718    -859.300        -271.827    -859.286             209             209
  175         542.058    -385.679         542.003    -385.761             175             175
   78         392.705   -1852.989         392.525   -1853.127              78              78
  125         630.890     211.404         630.986     211.163             125             125
  143       -1397.556    1771.601       -1397.325    1771.680             143             143
  225          61.598     455.857          61.630     455.855             225             225
   78        -479.658    1029.039        -479.569    1029.138              78              78
   15         837.542    -340.063         837.511    -340.081              15              15
   79        -348.859    -757.331        -348.886    -757.274              79              79
   31       -1152.264     197.803       -1152.243     197.964              31              31
   36        -581.813   -2620.766        -582.173   -2620.780              36              36
   60         187.313    2344.703         187.520    2344.607              60              60
  253         286.950   -1121.972         286.815   -1121.990             253             253
   28       -2154.208    -544.128       -2154.397    -543.999              28              28
  163        2606.341    2334.082        2606.481    2333.737             163             163
  227         923.824     371.374         923.909     371.333             227             227
  108         249.573     537.652         249.695     537.693             108             108
  157         -42.783     174.828         -42.692     174.939             157             157
  246       -1880.820    -572.287       -1880.914    -571.948             246             246
  221        -241.174   -2375.045        -241.610   -2375.033             221             221
  250        1750.752     756.897        1750.760     756.617             250             250
   62        1564.026     754.289        1564.212     754.185              62              62
  225       -1950.977   -2238.519       -1951.202   -2238.237             225             225
  124         -80.303    -820.056         -80.490    -820.122             124             124
   55         480.838    -293.794         480.735    -293.918              55              55
  115         982.246    -695.656         982.162    -695.850             115             115
  237        -394.980    -199.940        -394.997    -199.971             237             237
  250         619.871    -804.165         619.773    -804.354             250             250
  217        -800.300    -214.272        -800.346    -214.343             217             217
  239         866.657    1055.403         866.771    1055.154             239             239
    5       -1210.319     210.056       -1210.345     210.076               5               5
  166        1471.984    3068.562        1472.324    3068.389             166             166
  224        -888.942   -2515.449        -889.296   -2515.358             224             224
  220         767.535    1602.155         767.654    1601.886             220             220
  107         554.274    1472.483         554.421    1472.361             107             107
  198         485.897    1010.487         485.984    1010.407             198             198
  251         924.181    1460.366         924.343    1460.270             251             251
    5         590.108     430.568         590.150     430.528               5               5
  120        1152.736     813.685        1152.847     813.551             120             120
   49        1397.503     463.902        1397.656     463.711              49              49
  155          38.773    1261.779          39.066    1261.756             155             155
  251        -455.064    1783.660        -454.771    1783.750             251             251
  107         320.227    2552.451         320.591    2552.567             107             107
  190         915.815    1494.753         916.122    1494.937             190             190
  211        -908.683    -939.048        -908.689    -938.658             211             211
  145       -1051.603     275.516       -1051.541     275.867             145             145
  193        -276.096    -282.289        -276.131    -281.977             193             193
   69       -1557.816   -2811.331       -1558.263   -2810.960              69              69
   36        -260.533   -1042.649        -260.830   -1042.598              36              36
  253         496.151   -1423.748         495.814   -1423.846             253             253
   10         937.285    -840.451         937.069    -840.706              10              10
   59        1654.306    1684.416        1654.543    1684.147              59              59
  245         929.827       1.777         929.946       1.729             245             245
   43        -935.394     128.791        -935.292     129.018              43              43
  100        -757.772    -899.683        -757.953    -899.492             100             100
   98        1031.850   -1316.184        1031.630   -1316.358              98              98
  170        -223.973    -105.693        -223.971    -105.762             170             170
   11         490.958    1364.854         491.187    1364.786              11              11
  227       -1307.052    -445.423       -1307.123    -445.172             227             227
  110        -570.909     101.671        -571.031     101.791             110             110
   80         395.470   -1228.132         395.127   -1228.252              80              80
  195        1273.544    2505.637        1273.818    2505.456             195             195
  199         118.261     340.644         118.220     340.855             199             199
   68        1892.412   -2687.702        1891.954   -2687.941              68              68
  171         784.539    1745.983         784.814    1745.881             171             171
  161        1200.218   -1549.100        1200.022   -1549.198             161             161
   37         355.420     376.396         355.511     376.375              37              37
  116        1262.401   -1041.411        1262.296   -1041.543             116             116
   32         121.457    -887.705         121.379    -887.743              32              32
  236        1374.313    -549.761        1374.311    -550.021             236             236
  220        -185.088    -444.502        -185.050    -444.535             220             220
  114        -264.237    -600.473        -264.349    -600.532             114             114
  187        2579.802    -150.517        2579.878    -151.067             187             187
   92       -1120.620    1088.955       -1120.305    1089.017              92              92
   73         466.763      -4.324         466.782      -4.513              73              73
  233         750.611    3191.760         751.149    3191.674             233             233
  166        2267.495    -749.545        2267.590    -749.782             166             166
  121       -1161.125    1932.682       -1160.564    1933.004             121             121
  138          57.970   -1865.927          57.845   -1865.800             138             138
   15        -580.177     110.626        -579.953     110.721              15              15
  212       -2197.570    -793.577       -2197.631    -793.256             212             212
  141         312.522     492.913         312.612     492.800             141             141
  185       -1122.910     189.841       -1122.838     189.967             185             185
  185        -345.255    1752.158        -344.990    1752.241             185             185
  184        -255.024     463.592        -254.965     463.766             184             184
   54         767.988     523.142         768.154     523.177              54              54
  154       -1632.144    -581.237       -1632.169    -580.828             154             154
  124        -590.855     -27.929        -590.916     -27.716             124             124
  135        -447.162    -412.563        -447.334    -412.331             135             135
   57        1795.883   -2357.031        1795.513   -2357.311              57              57
  210         690.756    -534.096         690.965    -534.351             210             210
  246       -5020.000      -0.697       -5020.000       0.000             246             246
   44         691.169     534.614         690.962     534.355              44              44
  193        1795.126    2357.598        1795.507    2357.313             193             193
  114        -447.513     412.094        -447.336     412.331             114             114
   55        -590.979      27.497        -590.916      27.717              55              55
   78       -1632.198     580.400       -1632.171     580.826              78              78
   49         768.328    -523.212         768.154    -523.177              49              49
   26        -254.901    -463.952        -254.963    -463.766              26              26
  145        -344.703   -1752.333        -344.987   -1752.243             145             145
   67       -1122.762    -190.105       -1122.838    -189.969              67              67
  171         312.711    -492.680         312.613    -492.801             171             171
  154       -2197.701     792.898       -2197.633     793.251             154             154
  199        -579.706    -110.826        -579.952    -110.721             199             199
   86          57.704    1865.660          57.843    1865.800              86              86
  197       -1159.933   -1933.368       -1160.560   -1933.008             197             197
   97        2267.698     750.057        2267.591     749.789              97              97
  155         751.766   -3191.575         751.153   -3191.674             155             155
   10         466.800       4.733         466.780       4.515              10              10
  246       -1119.938   -1089.094       -1120.302   -1089.021             246             246
    3        2579.965     151.716        2579.877     151.075               3               3
   53        -264.481     600.604        -264.350     600.534              53              53
  254        -185.007     444.576        -185.051     444.536             254             254
  174        1374.308     550.334        1374.310     550.024             174             174
  158         121.282     887.787         121.376     887.743             158             158
    4        1262.168    1041.704        1262.295    1041.544               4               4
  243         355.624    -376.352         355.513    -376.376             243             243
   39        1199.779    1549.320        1200.020    1549.199              39              39
  181         785.157   -1745.751         784.818   -1745.877             181             181
    0        1891.377    2688.243        1891.949    2687.945              -0              -0
   99         118.171    -341.117         118.221    -340.853              99              99
   32        1274.170   -2505.226        1273.823   -2505.455              32              32
  238         394.684    1228.408         395.122    1228.255             238             238
  121        -571.188    -101.946        -571.031    -101.791             121             121
  239       -1307.218     444.842       -1307.125     445.169             239             239
  153         491.491   -1364.698         491.190   -1364.787             153             153
    5        -223.972     105.854        -223.973     105.762               5               5
   66        1031.335    1316.594        1031.627    1316.361              66              66
  192        -758.197     899.235        -757.955     899.491             192             192
  188        -935.153    -129.328        -935.292    -129.020             188             188
  197         930.108      -1.662         929.946      -1.727             197             197
  180        1654.871   -1683.774        1654.545   -1684.144             180             180
  126         936.768     841.062         937.067     840.709             126             126
   32         495.339    1423.982         495.810    1423.846              32              32
   24        -261.251    1042.523        -260.833    1042.597              24              24
   52       -1558.901    2810.430       -1558.268    2810.956              52              52
  103        -276.180     281.529        -276.131     281.975             103             103
  249       -1051.451    -276.376       -1051.540    -275.871             249             249
  192        -908.698     938.091        -908.690     938.655             192             192
   46         916.573   -1495.205         916.123   -1494.937              46              46
  159         321.138   -2552.737         320.597   -2552.566             159             159
  152        -454.327   -1783.888        -454.766   -1783.752             152             152
  199          39.508   -1261.720          39.068   -1261.755             199             199
  186        1397.887    -463.422        1397.657    -463.711             186             186
  108        1153.019    -813.339        1152.850    -813.546             108             108
  240         590.217    -430.465         590.151    -430.527             240             240
  203         924.600   -1460.119         924.347   -1460.267             203             203
  114         486.120   -1010.281         485.985   -1010.407             114             114
  169         554.653   -1472.163         554.422   -1472.357             169             169
   51         767.848   -1601.455         767.658   -1601.884              51              51
  142        -889.872    2515.209        -889.304    2515.357             142             142
   22        1472.877   -3068.106        1472.329   -3068.386              22              22
  155       -1210.388    -210.110       -1210.345    -210.078             155             155
    2         866.960   -1054.742         866.773   -1055.151               2               2
  138        -800.425     214.461        -800.347     214.342             138             138
   27         619.609     804.668         619.772     804.354              27              27
  119        -395.031     200.028        -394.999     199.973             119             119
  105         982.014     696.180         982.159     695.851             105             105
  180         480.556     294.134         480.734     293.920             180             180
   10         -80.818     820.237         -80.492     820.122              10              10
    1       -1951.600    2237.740       -1951.206    2238.233               1               1
  223        1564.537    -753.997        1564.212    -754.181             223             223
   85        1750.777    -756.117        1750.762    -756.613              85              85
   15        -242.393    2375.010        -241.613    2375.032              15              15
   89       -1881.084     571.330       -1880.915     571.943              89              89
   45         -42.526    -175.140         -42.692    -174.939              45              45
  184         249.921    -537.770         249.697    -537.693             184             184
  169         924.067    -371.254         923.910    -371.331             169             169
  165        2606.753   -2333.082        2606.489   -2333.728             165             165
  107       -2154.750     543.750       -2154.397     543.994             107             107
  206         286.558    1122.028         286.812    1121.992             206             206
  112         187.920   -2344.421         187.523   -2344.606             112             112
  244        -582.883    2620.810        -582.182    2620.781             244             244
   95       -1152.201    -198.283       -1152.242    -197.967              95              95
  197        -348.946     757.159        -348.890     757.272             197             197
   57         837.445     340.123         837.508     340.084              57              57
   35        -479.386   -1029.336        -479.566   -1029.139              35              35
   60          61.695    -455.849          61.631    -455.855              60              60
  239       -1396.851   -1771.845       -1397.321   -1771.683             239             239
  212         631.183    -210.668         630.986    -211.163             212             212
   85         392.148    1853.414         392.521    1853.129              85              85
  253         541.889     385.933         542.002     385.762             253             253
   89        -272.060     859.257        -271.829     859.287              89              89
  174        -534.343    -312.453        -534.506    -312.447             174             174
  228        1155.240    2792.373        1155.821    2792.164             228             228
   65          13.915   -1015.202          13.715   -1015.036              65              65
   68         672.013     -35.409         672.057     -35.580              68              68
   41        -198.568    -896.762        -198.691    -896.909              41              41
   10        -577.845    2990.288        -577.196    2990.412              10              10
  147         395.916   -1645.225         395.411   -1645.240             147             147
  169        2276.314    -172.471        2276.384    -173.284             169             169
   16         404.049    2651.176         405.073    2650.936              16              16
  155       -2728.676    1190.032       -2728.213    1190.747             155             155
  152       -1149.282    1789.762       -1149.028    1790.258             152             152
  130         365.195   -1206.962         364.779   -1206.915             130             130
   19        -731.902    1219.433        -731.782    1219.589              19              19
   46        1912.969    1567.633        1913.287    1567.434              46              46
  148        -361.834   -2114.087        -362.209   -2113.910             148             148
  201        -768.879     623.214        -768.759     623.183             201             201
   84        -405.615    2322.149        -405.229    2322.239              84              84
  175         168.321    1489.179         168.408    1489.385             175             175
   66        2359.562     561.503        2359.578     561.243              66              66
  130        1907.791     455.380        1908.109     455.244             130             130
  214         601.183    -705.126         601.397    -705.029             214             214
  208       -1526.530     388.654       -1526.201     389.235             208             208
   23        -410.879    -951.032        -411.036    -950.732              23              23
  199       -1962.560    -553.145       -1962.872    -552.590             199             199
   21        2400.133    -482.731        2399.875    -483.281              21              21
   13         297.888    -246.378         297.969    -246.453              13              13
   45          92.398    -347.548          92.386    -347.639              45              45
  138         685.083    1002.440         685.397    1002.282             138             138
   49        1626.994   -1008.938        1627.051   -1009.398              49              49
  132       -1126.072    1635.253       -1125.312    1635.406             132             132
  189        -497.929    2006.175        -497.217    2006.481             189             189
   16        -573.359     834.832        -572.892     835.389              16              16
   83       -2307.014   -1438.935       -2307.258   -1438.073              83              83
  207       -1657.800    -377.203       -1658.103    -376.702             207             207
  206        1263.528    -245.950        1263.344    -246.198             206             206
   74         376.274     264.558         376.535     264.568              74              74
  133       -1742.057    -188.601       -1742.000    -188.000             133             133
  140         389.234   -1245.075         389.032   -1245.156             140             140
   19       -2770.192     705.230       -2769.984     705.921              19              19
  216       -1055.368    -393.858       -1055.748    -393.516             216             216
   47         583.050    -399.351         582.782    -399.519              47              47
   64        -809.804     208.932        -809.868     209.092              64              64
  112        1052.029       7.943        1052.018       7.604             112             112
  242       -1598.330    1450.901       -1597.958    1451.336             242             242
   25         -25.597     287.442         -25.638     287.601              25              25
   75        -920.769     373.016        -920.810     373.379              75              75
   31         382.461    1105.278         382.604    1105.472              31              31
  124         127.511   -1686.500         127.099   -1686.298             124             124
  118       -2048.861    -585.513       -2049.180    -585.012             118             118
    9         335.240     582.739         335.003     582.704               9               9
  232        2208.257   -1289.449        2207.846   -1290.054             232             232
  179         290.094    1245.116         290.627    1244.960             179             179
   66        -803.920    1166.644        -803.445    1167.080              66              66
  192       -1957.447   -1515.522       -1957.935   -1514.855             192             192
   38         -39.649    -431.474         -40.016    -431.601              38              38
   68         665.369    1895.423         665.781    1895.308              68              68
   88        -274.004   -1148.884        -274.287   -1148.701              88              88
   83        -273.655     377.453        -273.499     377.431              83              83
   25       -2202.538    1283.962       -2202.323    1284.553              25              25
  120        -500.684    1860.419        -500.530    1860.848             120             120
   11        -327.625    -337.125        -328.059    -336.621              11              11
   81         452.179    -965.182         451.607    -965.090              81              81
   89         996.542     400.105         996.526     400.044              89              89
    3       -1227.330   -1339.726       -1227.870   -1339.244               3               3
  163         234.225     141.709         233.897     141.697             163             163
  136         224.367     396.466         224.062     396.636             136             136
  192        2078.541   -1617.762        2077.783   -1618.143             192             192
   75        2192.679   -1261.478        2192.320   -1262.183              75              75
    3        1553.714     746.418        1554.163     745.916               3               3
  227        -977.919    -635.850        -977.964    -635.634             227             227
   78        1287.259    1413.034        1287.713    1412.710              78              78
   10        -368.036     159.215        -367.813     159.575              10              10
   88        -766.405   -1706.527        -766.847   -1706.261              88              88
  249        -704.436     126.513        -704.571     126.564             249             249
  113        1118.329     815.956        1118.416     815.650             113             113
  101         887.727    -282.265         887.770    -282.496             101             101
  181       -1273.248     701.098       -1273.026     701.400             181             181
   57         133.110    1845.901         133.456    1846.065              57              57
  205         540.888      28.697         540.763      28.941             205             205
  233        2157.651   -1223.652        2157.516   -1224.054             233             233
  128       -2592.460      17.477       -2592.377      18.248             128             128
  131        1703.180     172.450        1703.129     172.058             131             131
   56         590.229     768.620         590.718     768.644              56              56
  189       -1633.539     276.245       -1633.301     277.037             189             189
  182        -548.524    -567.555        -548.731    -567.063             182             182
  184        -355.927    -618.658        -356.151    -618.270             184             184
   82           7.787   -1030.160           7.525   -1029.922              82              82
   91       -1374.756    -940.929       -1375.065    -940.338              91              91
  124        -208.653   -2305.805        -209.454   -2305.785             124             124
  245        -524.115    1142.304        -523.915    1142.493             245             245
  209        -671.124   -1878.524        -671.902   -1878.137             209             209
   31        1128.864   -1172.888        1128.371   -1173.165              31              31
  177         720.933   -2806.372         720.288   -2806.768             177             177
  158       -1647.048   -1431.621       -1647.347   -1431.710             158             158
   80       -1288.463    1532.771       -1288.194    1532.793              80              80
  113        -389.538   -2161.214        -390.400   -2161.524             113             113
  137        -520.993    1994.499        -520.658    1994.050             137             137
  237         -23.444    2557.259         -22.956    2557.134             237             237
   79         816.336     572.224         816.483     572.005              79              79
   51       -3024.648    1268.693       -3024.550    1269.547              51              51
  180        1222.261    1574.578        1222.227    1574.354             180             180
  174         501.658     706.588         501.653     706.679             174             174
  234         311.561     143.819         311.464     143.882             234             234
   95        -106.106     975.567        -105.935     975.746              95              95
  221       -1128.133     822.380       -1128.222     822.974             221             221
  168        1802.358     457.145        1802.240     456.932             168             168
  236        -496.205     283.944        -496.208     284.437             236             236
   76        -170.201      85.155        -170.440      85.593              76              76
   82         954.433    -383.182         954.139    -383.043              82              82
  125        -312.532   -1542.258        -313.123   -1541.883             125             125
   10         425.246    -941.700         424.822    -941.717              10              10
   27       -1112.413   -1339.868       -1113.098   -1339.598              27              27
  241        1281.110     893.460        1281.068     893.080             241             241
   18        -321.716    -874.237        -322.239    -874.055              18              18
   97        1419.811     444.631        1419.696     444.255              97              97
  143         752.347     151.448         752.336     151.419             143             143
  218         235.565      86.474         235.556      86.753             218             218
   58        -594.410   -2506.358        -595.387   -2506.052              58              58
  134        1936.007     254.620        1935.989     253.997             134             134
  225        -774.522    -374.501        -774.616    -374.074             225             225
   58        -149.570   -2104.550        -150.418   -2104.470              58              58
  226         415.718   -1118.382         415.156   -1118.746             226             226
  181         951.462    -341.100         951.293    -341.664             181             181
  233        -993.105    -488.849        -993.420    -488.904             233             233
  181        1293.802    2061.765        1294.222    2061.198             181             181
    1         417.842     996.980         418.133     997.121               1               1
  235        -228.106   -1699.123        -228.714   -1698.928             235             235
  205         709.204     224.279         709.222     224.029             205             205
  130        -620.603   -1869.429        -621.234   -1869.475             130             130
   79          79.197    1737.731          79.586    1737.408              79              79
    1         478.079     986.554         478.382     986.473               1               1
   84       -1563.142    -539.166       -1563.413    -538.701              84              84
   46        -316.514    1245.023        -316.441    1245.032              46              46
  103         -41.568    1622.641         -41.327    1622.838             103             103
  126        -453.177    1196.700        -453.059    1197.336             126             126
   93       -1294.883    -936.274       -1295.685    -935.336              93              93
  189        1227.336   -1942.169        1226.189   -1942.389             189             189
   17         158.594     201.829         158.260     201.862              17              17
  204         487.138   -1255.489         486.224   -1255.529             204             204
   29        2387.363    -449.636        2386.911    -450.357              29              29
  115        1063.918   -1491.961        1063.405   -1492.392             115             115
  182        1385.003     231.427        1385.215     230.856             182             182
  248        -535.777   -1098.401        -535.890   -1098.380             248             248
  204       -2166.851     -86.190       -2167.003     -85.852             204             204
   11        -697.755    2394.712        -697.429    2394.922              11              11
    7         -93.422     -61.897         -93.876     -61.509               7               7
  112          23.593   -2341.521          22.487   -2341.578             112             112
   16        -663.193    1034.532        -663.219    1034.532              16              16
  197       -1522.887    -139.867       -1523.574    -139.418             197             197
  154         365.040     338.935         364.354     338.727             154             154
   58          43.156    1268.138          42.763    1268.270              58              58
  226        1716.936   -1306.933        1715.806   -1307.378             226             226
    9         948.024     -69.396         947.505     -69.876               9               9
  239         551.597    1932.183         551.747    1932.168             239             239
  105         162.017   -2036.183         160.832   -2036.096             105             105
  155        -887.228     588.945        -887.836     589.139             155             155
   52        1077.243    -248.245        1076.193    -248.580              52              52
  101        1434.739    -390.547        1433.839    -391.119             101             101
  170         271.443     511.945         270.918     511.746             170             170
  135       -1448.898     279.766       -1449.817     280.194             135             135
   36       -2914.597     622.090       -2916.304     623.032              36              36
  226         132.510     900.914         129.972     900.991             226             226
  224        1667.729    -548.290        1663.876    -548.829             224             224
   82         229.574    2442.605         223.440    2442.726              82              82
