SINAL     NFT                         FFT                         NFT INVERSA     FFT INVERSA
-----     -----------------------     -----------------------     -----------     -----------
  155       66506.000       0.000       66506.000       0.000             155             155
  217         554.868   -1321.784         554.882   -1321.784             217             217
  244       -1386.141    1805.005       -1386.125    1805.006             244             244
  244        -455.762     823.511        -455.748     823.512             244             244
   26       -1815.432     681.361       -1815.420     681.367              26              26
  162        1245.707    -996.773        1245.712    -996.775             162             162
   36        2838.103     755.497        2838.118     755.487              36              36
  127         590.636     232.261         590.651     232.260             127             127
   11        1388.747    -798.684        1388.758    -798.693              11              11
  240         906.878    1903.378         906.905    1903.372             240             240
   49        1049.960    -386.723        1049.975    -386.729              49              49
  227         412.373    1519.382         412.404    1519.379             227             227
    9       -1390.319     668.140       -1390.296     668.155               9               9
  108         927.232    -240.552         927.246    -240.557             108             108
  122       -1295.978     909.252       -1295.956     909.264             122             122
   46         331.152     487.262         331.163     487.262              46              46
   96         593.150     285.625         593.161     285.620              96              96
  202        2248.376    1073.687        2248.403    1073.664             202             202
    3        1069.626    1221.631        1069.667    1221.622               3               3
   18         -32.948    2911.019         -32.885    2911.035              18              18
  154       -1802.288     -26.615       -1802.272     -26.569             154             154
   32        1836.677     932.539        1836.702     932.540              32              32
  236         959.141   -1156.039         959.158   -1156.029             236             236
  198        -700.950     -75.646        -700.917     -75.623             198             198
  193       -1086.755     247.107       -1086.725     247.144             193             193
  195        -917.496    -875.569        -917.489    -875.534             195             195
   92       -1327.528    -765.359       -1327.527    -765.325              92              92
  141        -766.921    -139.091        -766.915    -139.066             141             141
   21       -1083.003   -1278.315       -1083.026   -1278.288              21              21
   11        1215.980     536.052        1215.990     536.038              11              11
  234         333.820      57.816         333.835      57.832             234             234
   60         981.709   -1888.631         981.696   -1888.638              60              60
  195        -311.039    -166.096        -311.011    -166.091             195             195
   88       -1361.657     316.255       -1361.634     316.295              88              88
  128        -139.820   -1224.924        -139.839   -1224.914             128             128
   47         232.996     129.942         233.019     129.934              47              47
    3       -2471.082     317.713       -2471.069     317.774               3               3
  221        -414.727    1162.526        -414.725    1162.554             221             221
   49        1508.231     337.272        1508.225     337.278              49              49
   60        1364.618   -3032.385        1364.558   -3032.402              60              60
   17        -161.325     -48.965        -161.307     -48.980              17              17
  231        -254.607    2205.582        -254.543    2205.603             231             231
   97        -238.003     -25.920        -238.012     -25.868              97              97
    8        1276.181   -1479.736        1276.131   -1479.741               8               8
   97        2311.943    -288.862        2311.959    -288.910              97              97
   11         -24.720     194.703         -24.679     194.741              11              11
  119         511.800   -3323.905         511.732   -3323.913             119             119
   97        -330.725    1658.307        -330.655    1658.316              97              97
  240         731.596   -1561.267         731.572   -1561.270             240             240
   94        -926.481      55.016        -926.463      55.049              94              94
  180         810.527     140.686         810.534     140.686             180             180
  250         615.166   -1165.366         615.139   -1165.363             250             250
  190        2418.806    -744.520        2418.825    -744.588             190             190
   76         340.015    -961.015         340.064    -961.023              76              76
   86       -1434.697     -82.876       -1434.633     -82.822              86              86
  155       -1578.280    -694.107       -1578.266    -694.044             155             155
   90       -1667.337    -538.587       -1667.343    -538.529              90              90
   42       -1169.836    1382.726       -1169.788    1382.801              42              42
  219       -1649.158   -2738.355       -1649.287   -2738.266             219             219
  165        -260.417    -600.625        -260.490    -600.633             165             165
  125         619.088     379.785         619.054     379.764             125             125
   50        1487.351     -17.004        1487.319     -17.031              50              50
  209        1547.234   -1368.925        1547.164   -1368.956             209             209
    5        2857.129   -2034.441        2857.074   -2034.568               5               5
   81         945.154     199.080         945.224     199.015              81              81
   79         373.571    -123.278         373.624    -123.300              79              79
  226        -981.644     438.718        -981.601     438.776             226             226
  144        1064.102   -1684.798        1064.031   -1684.844             144             144
  215        1933.360    1423.797        1933.465    1423.726             215             215
  228        1291.152   -2087.333        1291.150   -2087.364             228             228
  248        -530.635    -877.872        -530.572    -877.867             248             248
  102       -2453.255    -283.402       -2453.228    -283.313             102             102
   58         756.851     874.510         756.909     874.492              58              58
  176         -58.605   -2441.153         -58.662   -2441.150             176             176
   87       -1546.899     287.544       -1546.853     287.590              87              87
  212        -325.268    -582.119        -325.297    -582.112             212             212
   17         851.170    -751.402         851.154    -751.473              17              17
   77         548.947    -141.189         549.008    -141.261              77              77
  137       -2105.310    1296.010       -2105.200    1296.100             137             137
  169        -595.240      -9.130        -595.243      -9.085             169             169
  108        -229.112    -722.725        -229.157    -722.721             108             108
  169        1288.481      80.719        1288.521      80.620             169             169
  206       -1590.593    1170.416       -1590.496    1170.491             206             206
  210         455.749     562.824         455.794     562.821             210             210
  143        -492.270     610.892        -492.199     610.957             143             143
  155       -1199.922     -11.420       -1199.910     -11.295             155             155
   58        -541.868   -1948.777        -541.990   -1948.729              58              58
   60          80.497      63.194          80.482      63.171              60              60
  134         872.718      28.234         872.729      28.189             134             134
  111         260.114    -399.407         260.134    -399.422             111             111
  243        -458.049     294.050        -457.990     294.078             243             243
  229        -633.522     110.845        -633.488     110.904             229             229
  124       -1080.338    -656.593       -1080.381    -656.517             124             124
  102         685.577      73.558         685.586      73.519             102             102
  252       -1096.147     137.075       -1096.123     137.164             252             252
  131       -1237.705   -1235.343       -1237.832   -1235.273             131             131
  134        1824.054     765.568        1824.067     765.435             134             134
  128         339.595    1005.120         339.676    1005.141             128             128
  213         857.371    -882.985         857.345    -882.986             213             213
  227         422.935    -370.085         422.973    -370.084             227             227
  143        -656.710    -711.549        -656.698    -711.479             143             143
   59        -996.505   -1455.699        -996.581   -1455.652              59              59
   94        -299.474    1567.252        -299.378    1567.292              94              94
   88         643.105   -1889.374         643.005   -1889.366              88              88
  151       -1291.009   -1020.544       -1291.058   -1020.460             151             151
  174        -581.468   -1917.299        -581.636   -1917.308             174             174
  222        1055.387    -576.613        1055.329    -576.790             222             222
   51         579.090    1168.311         579.205    1168.190              51              51
  253        -576.888    1693.131        -576.737    1693.167             253             253
  174        -756.518     861.767        -756.473     861.882             174             174
   36        1033.316    -417.307        1033.288    -417.302              36              36
  151        -576.438   -1805.311        -576.541   -1805.251             151             151
    6       -1273.259    -191.507       -1273.335    -191.427               6               6
  113        2974.551   -1521.207        2974.417   -1521.451             113             113
   90         440.877    -776.325         440.893    -776.450              90              90
   75         -51.967    1147.487         -51.836    1147.419              75              75
  223        1357.255       1.866        1357.346       1.710             223             223
   95       -2071.941    2239.061       -2071.706    2239.206              95              95
  181         160.404     516.097         160.443     516.151             181             181
  157         513.922   -1204.696         513.874   -1204.732             157             157
  241           8.217    1666.358           8.430    1666.355             241             241
  246       -1722.164     545.942       -1722.071     546.150             246             246
  231        -955.811    -768.823        -955.892    -768.699             231             231
   46        -123.298     965.749        -123.258     965.827              46              46
  128         821.659   -1439.023         821.551   -1439.005             128             128
  132        -119.322   -1278.307        -119.387   -1278.274             132             132
   70         345.638   -1946.448         345.536   -1946.533              70              70
  137       -1065.864    1327.509       -1065.702    1327.560             137             137
  139       -1004.901   -1329.087       -1005.000   -1329.000             139             139
   88       -1808.596    -846.912       -1808.747    -846.836              88              88
    4        2454.001    1098.674        2454.058    1098.414               4               4
  142        -748.653     209.582        -748.599     209.653             142             142
   27         896.523    -629.752         896.500    -629.845              27              27
  195        -297.907     239.443        -297.810     239.439             195             195
  173       -1460.011    -614.910       -1460.037    -614.839             173             173
  251       -1088.667    1792.543       -1088.568    1792.622             251             251
  163         974.558   -1097.626         974.419   -1097.718             163             163
   76         -89.043     845.705         -88.974     845.660              76              76
   98        1293.169    1107.696        1293.305    1107.588              98              98
   34       -1274.168     339.155       -1274.119     339.306              34              34
  162        1910.507     153.602        1910.551     153.462             162             162
  216         593.481    -194.603         593.631    -194.642             216             216
   18       -2465.298     897.431       -2465.094     897.714              18              18
  165       -1512.342   -2362.220       -1512.540   -2362.083             165             165
  125       -1533.150      43.953       -1533.166      43.975             125             125
  102       -1141.195    1787.086       -1141.081    1787.132             102             102
  108       -1127.906    1384.194       -1127.862    1384.335             108             108
  148        -643.502     -75.720        -643.641     -75.637             148             148
  228        1477.470    2019.174        1477.594    2019.086             228             228
  233       -1096.912     439.963       -1096.929     440.206             233             233
  233        1090.558    -882.243        1090.376    -882.254             233             233
  139        1331.360       6.066        1331.345       6.003             139             139
   49        1042.182   -1190.851        1042.121   -1190.924              49              49
   52        -413.638     661.947        -413.511     662.022              52              52
  228        -384.272   -1625.309        -384.420   -1625.258             228             228
   25        -440.980     330.200        -440.976     330.196              25              25
  156         612.639    1040.616         612.698    1040.587             156             156
  113        2614.539    -996.651        2614.551    -996.897             113             113
  131       -2391.658    1340.845       -2391.393    1341.114             131             131
  144        -632.434    -254.347        -632.464    -254.200             144             144
  236        -280.852    -271.819        -280.875    -271.729             236             236
   86        -458.657    -481.120        -458.680    -481.022              86              86
  230       -1907.869    -497.102       -1907.970    -496.861             230             230
  182         -77.154    -915.755         -77.376    -915.729             182             182
  189        1169.597    -890.500        1169.440    -890.648             189             189
  147         796.899   -1066.497         796.811   -1066.672             147             147
   94         342.379     393.263         342.505     393.089              94              94
   22       -1176.226    2963.546       -1175.833    2963.701              22              22
  248       -2311.432   -1188.477       -2311.636   -1188.123             248             248
  187         697.803    -614.987         697.613    -615.081             187             187
  211         579.388      91.503         579.364      91.392             211             211
  159         382.630     780.653         382.740     780.598             159             159
  123        -960.999     -58.367        -960.995     -58.269             123             123
  194       -1236.354    1256.547       -1236.304    1256.703             194             194
  152         316.173     215.907         316.066     215.947             152             152
   34         760.161    -686.892         760.000    -686.965              34              34
  112         617.363    1088.372         617.428    1088.322             112             112
  222        2137.934    -650.607        2137.923    -650.826             222             222
   53       -2268.125     579.325       -2268.031     579.566              53              53
   77         551.345    1243.841         551.386    1243.819              77              77
  158        1286.884     668.881        1286.963     668.845             158             158
   63        -914.586    -629.888        -914.664    -629.699              63              63
  134         276.939     639.282         276.927     639.322             134             134
  138        1533.553    -851.425        1533.441    -851.553             138             138
   27        -749.934     828.958        -749.872     829.085              27              27
  251        2349.614     490.945        2349.648     490.788             251             251
  243        1325.523   -1505.805        1325.479   -1505.917             243             243
  105        -581.261    1567.185        -580.941    1567.300             105             105
   67        -510.780    -491.625        -510.795    -491.464              67              67
  141         531.258    1949.824         531.560    1949.953             141             141
  181       -1219.751   -2036.449       -1219.964   -2036.046             181             181
  198         453.276   -2852.148         452.924   -2852.189             198             198
   72         482.541    1177.060         482.775    1177.015              72              72
  135       -1207.773    -880.310       -1207.807    -880.009             135             135
  227        -533.186   -2410.742        -533.463   -2410.629             227             227
   22       -1551.490   -1037.808       -1551.658   -1037.664              22              22
  245         -35.198    -831.589         -35.390    -831.638             245             245
  130         175.936    -918.475         175.781    -918.588             130             130
   36        -275.555     478.585        -275.525     478.559              36              36
  145         914.427    -755.072         914.369    -755.244             145             145
  217       -1781.279     953.320       -1781.125     953.528             217             217
   35        -942.644   -1244.790        -942.900   -1244.709              35              35
   59        -722.435    1363.037        -722.409    1363.081              59              59
  195         381.275     282.519         381.135     282.516             195             195
  252        1998.675    -156.519        1998.619    -156.750             252             252
  249       -1221.488       9.121       -1221.509       9.299             249             249
   15         628.055      22.410         627.945      22.336              15              15
  163         426.971     527.528         426.936     527.509             163             163
  153        2560.308    -153.314        2560.306    -153.612             153             153
  200          -3.237     371.051          -3.046     371.092             200             200
   27       -1351.016    1219.548       -1350.844    1219.891              27              27
  105         749.828   -1337.345         749.600   -1337.256             105             105
  230        -218.575   -1233.474        -218.777   -1233.344             230             230
  163        1709.959   -1976.066        1709.740   -1976.296             163             163
  248       -1424.363   -1293.934       -1424.485   -1293.850             248             248
  148         909.254      41.782         909.293      41.527             148             148
  242       -1758.264     554.868       -1758.168     555.054             242             242
   86        -169.371     491.543        -169.378     491.586              86              86
   24        -858.677    -892.680        -858.911    -892.579              24              24
  163         519.409     564.035         519.371     563.901             163             163
   42        -117.878     342.846        -117.922     342.826              42              42
  136        -106.984    1752.272        -106.887    1752.327             136             136
   96        1395.819    1564.843        1395.922    1564.882              96              96
  109         580.115   -1572.402         579.822   -1572.249             109             109
  174        1020.053   -1151.185        1019.819   -1151.252             174             174
   84        1154.110     202.726        1154.115     202.684              84              84
  221         969.687   -2713.922         969.281   -2714.010             221             221
  127        2360.220    -176.801        2360.333    -177.193             127             127
   32       -1332.829   -1562.886       -1332.910   -1562.766              32              32
  143        -625.689     813.808        -625.615     813.815             143             143
   99         873.703     231.540         873.681     231.434              99              99
   23         457.779    -404.991         457.694    -405.057              23              23
  161        1511.447    1073.001        1511.653    1072.830             161             161
  145        -117.608    -330.307        -117.593    -330.165             145             145
  187        1131.872     -86.712        1131.926     -86.767             187             187
  159         297.109    -230.055         297.214    -229.936             159             159
  187        -981.633   -1825.089        -981.853   -1824.842             187             187
   46         586.667    -112.516         586.676    -112.551              46              46
  209        -779.728    -364.150        -779.781    -363.865             209             209
   83         627.648   -1974.268         627.295   -1974.211              83              83
  218        1645.384   -1898.180        1645.194   -1898.363             218             218
  190        -793.969   -2593.381        -794.212   -2593.278             190             190
   23       -1407.478   -2066.261       -1407.822   -2066.171              23              23
   71        1115.159   -1544.379        1114.896   -1544.729              71              71
   82        -796.086   -2074.074        -796.415   -2074.245              82              82
  244        1159.814    1292.059        1160.015    1291.616             244             244
  154          87.256     864.962          87.463     864.942             154             154
  102         795.473   -1248.811         795.406   -1248.888             102             102
  228       -1795.443   -2513.646       -1795.785   -2513.503             228             228
  122         770.297    -102.062         770.287    -102.415             122             122
   16        -578.510    -258.045        -578.470    -258.090              16              16
   10        -956.661   -1150.871        -956.839   -1150.895              10              10
  118        -398.543     134.037        -398.551     133.905             118             118
   97       -1162.016      32.733       -1162.106      32.817              97              97
   36        -455.042   -1864.556        -455.570   -1864.683              36              36
  146        1605.403     443.558        1605.296     443.018             146             146
   40        1856.000       0.521        1856.000       0.000              40              40
  147        1605.191    -442.460        1605.297    -443.011             147             147
   13        -456.113    1864.816        -455.574    1864.685              13              13
  127       -1162.198     -32.908       -1162.106     -32.820             127             127
  221        -398.559    -133.767        -398.551    -133.903             221             221
  208        -957.031    1150.916        -956.843    1150.893             208             208
   21        -578.427     258.136        -578.470     258.090              21              21
  144         770.277     102.792         770.287     102.418             144             144
  134       -1796.157    2513.345       -1795.789    2513.499             134             134
  140         795.332    1248.975         795.404    1248.891             140             140
  139          87.691    -864.920          87.465    -864.941             139             139
  151        1160.240   -1291.129        1160.019   -1291.612             151             151
  205        -796.782    2074.431        -796.419    2074.245             205             205
  236        1114.598    1545.121        1114.892    1544.732             236             236
  149       -1408.212    2066.068       -1407.826    2066.169             149             149
  109        -794.491    2593.159        -794.219    2593.276             109             109
   57        1644.975    1898.574        1645.191    1898.365              57              57
   82         626.886    1974.148         627.291    1974.212              82              82
   81        -779.839     363.533        -779.779     363.863              81              81
   71         586.686     112.593         586.675     112.552              71              71
  201        -982.117    1824.550        -981.857    1824.840             201             201
  148         297.339     229.792         297.214     229.934             148             148
  171        1131.989      86.836        1131.926      86.770             171             171
  104        -117.577     329.995        -117.595     330.164             104             104
   96        1511.903   -1072.618        1511.655   -1072.826              96              96
  143         457.590     405.138         457.693     405.057             143             143
   12         873.653    -231.301         873.681    -231.431              12              12
  119        -625.522    -813.825        -625.612    -813.816             119             119
  244       -1333.014    1562.613       -1332.913    1562.763             244             244
    8        2360.474     177.691        2360.333     177.198               8               8
  145         968.763    2714.124         969.275    2714.013             145             145
  102        1154.120    -202.628        1154.114    -202.681             102             102
   55        1019.517    1151.340        1019.818    1151.253              55              55
   10         579.435    1572.054         579.818    1572.251              10              10
  165        1396.062   -1564.926        1395.924   -1564.878             165             165
  184        -106.752   -1752.399        -106.883   -1752.327             184             184
   42        -117.979    -342.797        -117.921    -342.825              42              42
  185         519.322    -563.720         519.372    -563.900             185             185
  112        -859.229     892.439        -858.914     892.577             112             112
   43        -169.386    -491.644        -169.377    -491.586              43              43
   20       -1758.036    -555.312       -1758.167    -555.056              20              20
   24         909.348     -41.170         909.294     -41.524              24              24
  122       -1424.661    1293.730       -1424.489    1293.847             122             122
   52        1709.422    1976.626        1709.733    1976.302              52              52
  121        -219.064    1233.156        -218.778    1233.342             121             121
  107         749.269    1337.131         749.595    1337.257             107             107
   27       -1350.597   -1220.387       -1350.843   -1219.895              27              27
  173          -2.768    -371.153          -3.047    -371.093             173             173
  199        2560.303     154.050        2560.305     153.614             199             199
   40         426.884    -527.478         426.935    -527.507              40              40
  112         627.780     -22.223         627.944     -22.333             112             112
   65       -1221.543      -9.570       -1221.510      -9.303              65              65
   13        1998.535     157.103        1998.619     156.753              13              13
  201         380.922    -282.511         381.135    -282.516             201             201
   25        -722.366   -1363.147        -722.406   -1363.082              25              25
  231        -943.300    1244.584        -942.905    1244.708             231             231
   10       -1780.883    -953.855       -1781.123    -953.529              10              10
  170         914.273     755.518         914.366     755.246             170             170
  225        -275.480    -478.516        -275.526    -478.558             225             225
  235         175.531     918.768         175.779     918.588             235             235
  126         -35.703     831.717         -35.391     831.637             126             126
  142       -1551.934    1037.424       -1551.661    1037.658             142             142
  165        -533.923    2410.444        -533.469    2410.629             165             165
  209       -1207.866     879.506       -1207.810     880.004             209             209
  177         483.168   -1176.939         482.777   -1177.015             177             177
  131         452.317    2852.258         452.917    2852.189             131             131
  252       -1220.334    2035.359       -1219.968    2036.044             252             252
  121         532.086   -1950.173         531.566   -1949.953             121             121
  195        -510.821     491.184        -510.795     491.462             195             195
  120        -580.377   -1567.506        -580.937   -1567.303             120             120
   61        1325.396    1506.120        1325.476    1505.921              61              61
  181        2349.710    -490.500        2349.649    -490.781             181             181
   24        -749.757    -829.315        -749.870    -829.086              24              24
   83        1533.234     851.789        1533.437     851.557              83              83
  196         276.908    -639.395         276.929    -639.322             196             196
  168        -914.812     629.349        -914.667     629.696             168             168
   40        1287.112    -668.778        1286.965    -668.845              40              40
  209         551.466   -1243.780         551.389   -1243.819             209             209
  100       -2267.851    -580.023       -2268.029    -579.571             100             100
  243        2137.902     651.248        2137.921     650.832             243             243
  239         617.552   -1088.226         617.428   -1088.321             239             239
  155         759.683     687.105         759.996     686.965             155             155
   91         315.861    -216.021         316.068    -215.945              91              91
  136       -1236.200   -1257.015       -1236.301   -1256.707             136             136
   61        -960.985      58.072        -960.994      58.267              61              61
  183         382.961    -780.487         382.741    -780.597             183             183
    6         579.314     -91.166         579.363     -91.390               6               6
   67         697.221     615.275         697.609     615.082              67              67
   19       -2312.055    1187.395       -2311.637    1188.121              19              19
  203       -1175.009   -2964.026       -1175.826   -2963.704             203             203
  239         342.767    -392.727         342.505    -393.088             239             239
  134         796.623    1067.047         796.808    1066.676             134             134
  117        1169.106     890.964        1169.439     890.650             117             117
  234         -77.856     915.673         -77.379     915.729             234             234
   89       -1908.189     496.334       -1907.970     496.856              89              89
   15        -458.734     480.807        -458.684     481.021              15              15
  238        -280.924     271.529        -280.875     271.727             238             238
   81        -632.533     253.869        -632.465     254.198              81              81
   85       -2390.792   -1341.724       -2391.391   -1341.118              85              85
   84        2614.572     997.465        2614.547     996.903              84              84
   16         612.836   -1040.517         612.700   -1040.585              16              16
  147        -440.968    -330.188        -440.977    -330.197             147             147
  231        -384.769    1625.140        -384.423    1625.258             231             231
  191        -413.215    -662.200        -413.512    -662.024             191             191
   33        1041.973    1191.100        1042.120    1190.926              33              33
   15        1331.304      -5.845        1331.343      -5.999              15              15
  150        1089.934     882.283        1090.374     882.256             150             150
  149       -1096.970    -440.805       -1096.930    -440.211             149             149
   30        1477.906   -2018.866        1477.598   -2019.083              30              30
  109        -643.987      75.427        -643.642      75.634             109             109
  210       -1127.746   -1384.693       -1127.858   -1384.339             210             210
  216       -1140.788   -1787.250       -1141.077   -1787.135             216             216
   57       -1533.209     -44.033       -1533.168     -43.977              57              57
   72       -1513.067    2361.721       -1512.548    2362.079              72              72
  228       -2464.557    -898.458       -2465.092    -897.718             228             228
   65         594.022     194.747         593.630     194.643              65              65
   95        1910.669    -153.086        1910.551    -153.458              95              95
  170       -1273.985    -339.718       -1274.118    -339.310             170             170
  169        1293.676   -1107.290        1293.308   -1107.585             169             169
   10         -88.786    -845.539         -88.973    -845.660              10              10
   62         974.034    1097.972         974.418    1097.720              62              62
   81       -1088.283   -1792.847       -1088.564   -1792.623              81              81
  109       -1460.111     614.637       -1460.038     614.837             109             109
   19        -297.535    -239.427        -297.809    -239.439              19              19
   16         896.430     630.114         896.497     629.847              16              16
  109        -748.444    -209.861        -748.598    -209.655             109             109
  114        2454.229   -1097.645        2454.061   -1098.408             114             114
  108       -1809.195     846.608       -1808.748     846.832             108             108
  242       -1005.297    1328.738       -1005.000    1329.000             242             242
   87       -1065.195   -1327.723       -1065.697   -1327.563              87              87
  112         345.215    1946.799         345.533    1946.534             112             112
    5        -119.601    1278.170        -119.391    1278.274               5               5
   56         821.202    1438.952         821.548    1439.006              56              56
   25        -123.121    -966.072        -123.254    -965.827              25              25
   52        -956.154     768.300        -955.894     768.698              52              52
  255       -1721.772    -546.832       -1722.070    -546.154             255             255
  219           9.137   -1666.345           8.433   -1666.355             219             219
  106         513.706    1204.857         513.871    1204.735             106             106
  189         160.576    -516.329         160.444    -516.151             189             189
  176       -2070.898   -2239.708       -2071.699   -2239.211             176             176
  104        1357.653      -1.171        1357.345      -1.709             104             104
  236         -51.374   -1147.184         -51.831   -1147.419             236             236
  128         440.951     776.890         440.893     776.452             128             128
  113        2973.938    1522.333        2974.414    1521.461             113             113
  146       -1273.607     191.132       -1273.335     191.425             146             146
  183        -576.926    1805.031        -576.545    1805.249             183             183
   16        1033.185     417.294        1033.288     417.306              16              16
   61        -756.296    -862.309        -756.470    -861.883              61              61
   96        -576.160   -1693.301        -576.733   -1693.168              96              96
  117         579.653   -1167.723         579.210   -1168.186             117             117
  200        1055.103     577.471        1055.326     576.792             200             200
  201        -582.296    1917.341        -581.641    1917.307             201             201
   52       -1291.256    1020.125       -1291.060    1020.458              52              52
   82         642.593    1889.341         643.000    1889.369              82              82
  185        -298.990   -1567.454        -299.376   -1567.292             185             185
  106        -996.900    1455.456        -996.584    1455.650             106             106
   65        -656.653     711.184        -656.700     711.477              65              65
  183         423.128     370.074         422.972     370.083             183             183
  136         857.233     882.998         857.343     882.989             136             136
   25         340.024   -1005.235         339.678   -1005.142              25              25
  240        1824.125    -764.859        1824.068    -765.434             240             240
  105       -1238.397    1234.952       -1237.834    1235.269             105             105
  204       -1096.014    -137.566       -1096.123    -137.165             204             204
  190         685.632     -73.338         685.587     -73.517             190             190
   66       -1080.585     656.167       -1080.383     656.515              66              66
  235        -633.330    -111.178        -633.488    -110.905             235             235
  243        -457.712    -294.213        -457.990    -294.079             243             243
  143         260.223     399.495         260.133     399.423             143             143
  250         872.785     -27.963         872.729     -28.186             250             250
  131          80.412     -63.062          80.482     -63.172             131             131
  246        -542.611    1948.489        -541.995    1948.728             246             246
   11       -1199.846      10.658       -1199.908      11.292              11              11
  123        -491.828    -611.292        -492.197    -610.958             123             123
    4         456.037    -562.799         455.797    -562.819               4               4
  220       -1589.980   -1170.893       -1590.494   -1170.495             220             220
  248        1288.728     -80.089        1288.521     -80.617             248             248
   80        -229.398     722.701        -229.157     722.720              80              80
   12        -595.261       8.832        -595.243       9.083              12              12
  171       -2104.576   -1296.612       -2105.197   -1296.103             171             171
  149         549.359     141.671         549.009     141.263             149             149
   97         851.062     751.877         851.153     751.473              97              97
  192        -325.470     582.077        -325.298     582.113             192             192
  130       -1546.579    -287.861       -1546.853    -287.592             130             130
   36         -59.025    2441.125         -58.670    2441.148              36              36
  199         757.269    -874.380         756.911    -874.490             199             199
   57       -2453.054     282.739       -2453.227     283.307              57              57
  150        -530.174     877.834        -530.573     877.866             150             150
  213        1291.129    2087.573        1291.147    2087.367             213             213
  223        1934.159   -1423.257        1933.467   -1423.723             223             223
  247        1063.562    1685.151        1064.029    1684.846             247             247
  177        -981.303    -439.173        -981.600    -438.777             177             177
  122         373.997     123.447         373.624     123.298             122             122
  154         945.716    -198.558         945.224    -199.015             154             154
  220        2856.661    2035.510        2857.070    2034.574             220             220
  197        1546.649    1369.211        1547.162    1368.962             197             197
   57        1487.072      17.251        1487.317      17.034              57              57
  123         618.798    -379.596         619.055    -379.762             123             123
  246        -261.061     600.682        -260.493     600.631             246             246
  233       -1650.321    2737.551       -1649.292    2738.262             233             233
  172       -1169.400   -1383.416       -1169.787   -1382.805             172             172
  100       -1667.392     538.046       -1667.343     538.527             100             100
   97       -1578.154     693.492       -1578.267     694.040              97              97
   99       -1434.082      82.344       -1434.631      82.818              99              99
  201         340.481     961.090         340.062     961.023             201             201
  220        2418.978     745.210        2418.821     744.592             220             220
   19         614.884    1165.328         615.136    1165.363              19              19
  215         810.612    -140.669         810.536    -140.682             215             215
  187        -926.299     -55.380        -926.463     -55.054             187             187
  141         731.334    1561.304         731.570    1561.270             141             141
  131        -329.920   -1658.414        -330.648   -1658.318             131             131
   38         511.007    3324.005         511.726    3323.915              38              38
   21         -24.244    -195.129         -24.678    -194.741              21              21
  132        2312.110     289.447        2311.956     288.915             132             132
    9        1275.568    1479.812        1276.127    1479.744               9               9
   78        -238.112      25.279        -238.012      25.867              78              78
   89        -253.783   -2205.844        -254.537   -2205.605              89              89
  253        -161.093      49.156        -161.306      48.981             253             253
   75        1363.786    3032.631        1364.551    3032.406              75              75
  108        1508.158    -337.343        1508.226    -337.275             108             108
   32        -414.691   -1162.929        -414.722   -1162.556              32              32
  144       -2470.907    -318.593       -2471.071    -317.779             144             144
   39         233.343    -129.837         233.020    -129.936              39              39
  190        -140.114    1224.769        -139.842    1224.913             190             190
  182       -1361.285    -316.885       -1361.633    -316.299             182             182
  166        -310.602     165.999        -311.012     166.090             166             166
  237         981.446    1888.752         981.692    1888.639             237             237
  113         334.062     -58.094         333.834     -57.832             113             113
   47        1216.171    -535.787        1215.992    -536.037              47              47
   76       -1083.473    1277.790       -1083.031    1278.286              76              76
  145        -766.821     138.560        -766.916     139.062             145             145
   67       -1327.497     764.651       -1327.526     765.321              67              67
   87        -917.350     874.837        -917.490     875.530              87              87
   90       -1086.098    -247.905       -1086.724    -247.146              90              90
  231        -700.196      75.086        -700.916      75.619             231             231
   93         959.512    1155.831         959.156    1156.029              93              93
   22        1837.320    -932.531        1836.707    -932.536              22              22
  101       -1801.892      25.381       -1802.274      26.565             101             101
   46         -31.155   -2911.470         -32.877   -2911.036              46              46
  112        1070.829   -1221.347        1069.670   -1221.620             112             112
   47        2249.212   -1072.953        2248.406   -1073.658              47              47
  132         593.499    -285.463         593.161    -285.620             132             132
  189         331.581    -487.267         331.165    -487.262             189             189
  207       -1295.148    -909.726       -1295.954    -909.266             207             207
  109         927.764     240.772         927.244     240.559             109             109
  197       -1389.367    -668.813       -1390.297    -668.159             197             197
   93         413.905   -1519.246         412.409   -1519.378              93              93
  213        1050.795     387.050        1049.976     386.731             213             213
  227         908.464   -1903.007         906.909   -1903.369             227             227
  253        1389.420     799.291        1388.756     798.696             253             253
  166         591.790    -232.132         590.652    -232.257             166             166
  205        2839.361    -754.481        2838.118    -755.481             205             205
  126        1246.138     997.149        1245.708     996.780             126             126
  202       -1813.884    -682.156       -1815.419    -681.371             202             202
   20        -453.260    -823.729        -455.745    -823.513              20              20
  187       -1381.939   -1805.211       -1386.122   -1805.009             187             187
   41         561.634    1322.224         554.879    1321.785              41              41
