SINAL     NFT                         FFT                         NFT INVERSA     FFT INVERSA
-----     -----------------------     -----------------------     -----------     -----------
  170       62610.000       0.000       62610.000       0.000             170             170
   11         741.796    -259.544         741.809    -259.544              11              11
  232         247.534     522.183         247.548     522.183             232             232
  190         144.450    -175.365         144.464    -175.364             190             190
  204       -2093.525    -719.721       -2093.514    -719.716             204             204
  166        2298.847     185.678        2298.860     185.672             166             166
   27       -1048.373    -565.607       -1048.358    -565.602              27              27
   41       -1688.124    -739.880       -1688.114    -739.875              41              41
   11       -1240.501     460.430       -1240.490     460.435              11              11
  255       -1051.822     130.502       -1051.817     130.507             255             255
  181        1953.351    1618.944        1953.366    1618.937             181             181
   17         723.966   -1258.146         723.969   -1258.144              17              17
  101         270.006   -1059.393         270.007   -1059.396             101             101
  161        1882.825      10.130        1882.836      10.112             161             161
  156         274.424     543.250         274.445     543.245             156             156
  131        -326.466     684.975        -326.451     684.982             131             131
    0        2259.175   -1363.680        2259.172   -1363.703               0               0
   25        1315.422     905.471        1315.457     905.452              25              25
  199        -955.523     151.827        -955.499     151.837             199             199
   67          -5.942     658.450          -5.924     658.447              67              67
   34        1846.242    1838.976        1846.285    1838.960              34              34
  214        -411.081    -101.037        -411.057    -101.017             214             214
   71          -8.578    -520.737          -8.564    -520.731              71              71
  213        -419.215     947.792        -419.181     947.805             213             213
  217        -649.943    -421.958        -649.936    -421.936             217             217
  220         997.208     396.582         997.231     396.577             220             220
   10         173.844    -332.563         173.867    -332.553              10              10
  179        -561.759    -832.921        -561.744    -832.908             179             179
   61        -981.398    1054.459        -981.355    1054.485              61              61
  186       -2149.842    -598.040       -2149.847    -597.986             186             186
   20        -171.234      88.862        -171.243      88.882              20              20
   14        2065.405   -1478.039        2065.392   -1478.064              14              14
  186       -1861.667   -1334.453       -1861.678   -1334.420             186             186
  232         403.254     456.068         403.259     456.054             232             232
  171        1675.715     194.044        1675.737     194.018             171             171
  234        -498.806   -1233.495        -498.803   -1233.480             234             234
  211        -677.316      42.510        -677.296      42.520             211             211
  201        -716.563    -414.064        -716.561    -414.052             201             201
   28        -803.627     954.232        -803.602     954.253              28              28
   60        -207.553     -76.982        -207.555     -76.960              60              60
   89       -1449.178   -1490.211       -1449.237   -1490.179              89              89
   75        1702.279    1555.458        1702.294    1555.408              75              75
  190        1117.398     485.583        1117.407     485.571             190             190
  194        1779.721     376.384        1779.743     376.361             194             194
  207         715.639     157.584         715.666     157.601             207             207
  183         853.786   -1068.068         853.780   -1068.052             183             183
  161          63.804   -1953.184          63.764   -1953.168             161             161
   30        2072.601   -1010.159        2072.599   -1010.215              30              30
  233         152.900   -1644.984         152.893   -1644.995             233             233
  222         705.078   -1346.984         705.078   -1347.037             222             222
  151         368.208    1291.583         368.304    1291.561             151             151
   72        -328.657   -1725.073        -328.654   -1725.066              72              72
   35       -1627.976     422.056       -1627.923     422.094              35              35
  167        -692.756   -1653.806        -692.797   -1653.809             167             167
  137         105.541    1310.904         105.607    1310.868             137             137
   81        -471.921     404.537        -471.875     404.545              81              81
  100       -1004.148    1512.379       -1004.067    1512.431             100             100
   11       -1965.569      19.665       -1965.577      19.777              11              11
  205         213.166   -1328.988         213.087   -1328.972             205             205
  106        1139.580   -1155.099        1139.533   -1155.149             106             106
  235         209.566     386.620         209.592     386.608             235             235
   14        1249.677   -1134.108        1249.655   -1134.155              14              14
  149         276.505     225.266         276.555     225.250             149             149
  171         505.647    -570.941         505.671    -570.952             171             171
   17         201.791   -1294.329         201.811   -1294.351              17              17
   32       -2309.152    -477.562       -2309.116    -477.504              32              32
  160       -2009.599     897.589       -2009.562     897.650             160             160
  148       -1284.136    1056.240       -1284.134    1056.324             148             148
   75        1607.988   -2545.417        1607.860   -2545.485              75              75
  119        -795.474     357.363        -795.452     357.368             119             119
   61         264.980    -734.922         264.934    -734.953              61              61
  106        1075.571    -689.837        1075.555    -689.936             106             106
   34        -438.181    2287.112        -438.053    2287.123              34              34
  225         149.227   -1271.869         149.173   -1271.857             225             225
   84         444.679    -866.809         444.645    -866.864              84              84
   41        1771.492     557.397        1771.569     557.278              41              41
  194        -493.833    -180.767        -493.761    -180.773             194             194
   54        -979.780    1247.817        -979.661    1247.854              54              54
   99       -1731.741    -280.468       -1731.737    -280.374              99              99
   32         272.830    -343.360         272.830    -343.385              32              32
  127       -1553.159    -202.212       -1553.143    -202.159             127             127
  244       -1408.290     415.873       -1408.283     415.922             244             244
   38       -1085.888      48.994       -1085.931      49.028              38              38
  140        -123.003    1000.992        -123.017    1000.997             140             140
  118        1608.191    -484.708        1608.131    -484.785             118             118
  170         960.302    -791.282         960.274    -791.356             170             170
  164         434.216    -322.772         434.228    -322.843             164             164
   10         594.939     -91.226         594.981     -91.320              10              10
   94       -1195.161     950.863       -1195.074     950.876              94              94
   70        -102.327     782.576        -102.287     782.552              70              70
  224         740.625     420.332         740.671     420.257             224             224
  210        -518.243     933.917        -518.162     933.919             210             210
   64         989.861     -18.508         989.916     -18.618              64              64
  237       -2238.687    2693.536       -2238.493    2693.641             237             237
    2          83.753     877.205          83.793     877.221               2               2
   85         363.258    1269.726         363.358    1269.733              85              85
  208         179.551     609.909         179.661     609.944             208             208
  254       -2464.659    -530.190       -2464.650    -530.022             254             254
  185       -1306.819     551.144       -1306.806     551.212             185             185
  228        -864.540     967.016        -864.507     967.077             228             228
   77        -907.155     275.023        -907.162     275.087              77              77
  201       -2309.731    1423.165       -2309.724    1423.347             201             201
  187         109.187   -1484.918         108.952   -1484.934             187             187
  174        1698.906    2414.896        1698.985    2414.766             174             174
  161         622.772      -9.173         622.751      -9.201             161             161
  210        -837.281    2712.354        -837.165    2712.465             210             210
  204        1746.951   -1175.014        1746.788   -1175.067             204             204
    5        1727.862    1262.101        1727.925    1262.023               5               5
  234        2014.502    -981.477        2014.482    -981.581             234             234
   46       -1205.985     309.821       -1205.949     309.890              46              46
   94        2342.784    1296.857        2342.883    1296.713              94              94
   15        -142.135    -239.783        -142.098    -239.762              15              15
   14        -240.959    2604.639        -240.769    2604.710              14              14
  238         634.153    -166.578         634.110    -166.515             238             238
   21        3025.178     222.323        3025.260     222.192              21              21
   34       -1245.552    -468.128       -1245.502    -467.936              34              34
  185        1355.626   -1989.300        1355.528   -1989.365             185             185
   51        -227.470    -957.654        -227.463    -957.686              51              51
  113         811.269     688.702         811.420     688.590             113             113
  132       -1658.476     983.054       -1658.315     983.172             132             132
  173        -412.724    1639.643        -412.551    1639.738             173             173
  252       -2203.549    -169.671       -2203.576    -169.399             252             252
   26         702.375    -668.621         702.278    -668.608              26              26
  188        -297.925    -892.662        -298.011    -892.617             188             188
  184         867.106      74.408         867.111      74.356             184             184
   15        -705.415   -1169.362        -705.535   -1169.323              15              15
    1        3106.787    1788.829        3106.969    1788.598               1               1
   46        -563.752   -1261.387        -563.739   -1261.280              46              46
  159         491.020   -1340.912         491.000   -1341.000             159             159
    6        -236.513    1663.562        -236.246    1663.564               6               6
  229       -1711.971   -1007.644       -1711.968   -1007.493             229             229
  155       -1423.720     722.419       -1423.648     722.513             155             155
   55         157.826    1051.361         157.931    1051.394              55              55
   45         -31.843   -1228.616         -31.855   -1228.578              45              45
  177       -2910.316    -306.956       -2910.302    -306.736             177             177
  220       -1162.596    -269.792       -1162.668    -269.757             220             220
   90       -1761.804    1757.464       -1761.760    1757.590              90              90
    9        2219.856     607.635        2219.869     607.483               9               9
  171       -1686.488   -1051.663       -1686.567   -1051.544             171             171
   95        -191.027    2085.092        -190.899    2085.060              95              95
   43         543.277    2620.063         543.496    2620.126              43              43
   70          68.019   -1195.379          67.943   -1195.257              70              70
   10       -1035.259    -326.208       -1035.264    -326.087              10              10
  181       -1838.867     -31.494       -1838.944     -31.334             181             181
   30        1064.964    1905.415        1065.066    1905.364              30              30
  164        -294.797     323.542        -294.783     323.698             164             164
  119        -434.466    -109.412        -434.527    -109.233             119             119
  114         156.593   -2173.703         156.312   -2173.661             114             114
   25        1927.183     -52.234        1927.196     -52.436              25              25
  253        -930.497     285.035        -930.407     285.172             253             253
  114        -345.956   -1994.971        -346.134   -1994.944             114             114
  236       -1392.559    -135.436       -1392.612    -135.400             236             236
   56         627.016    1319.756         627.105    1319.644              56              56
  201       -1877.181    1299.577       -1877.150    1299.821             201             201
  250        2490.487   -1247.363        2490.276   -1247.585             250             250
   13         749.587     747.198         749.722     747.086              13              13
   24        -182.351    1516.194        -182.129    1516.265              24              24
  196        -859.474    -121.769        -859.445    -121.576             196             196
   14       -1809.792   -1361.718       -1809.998   -1361.518              14              14
  193        1061.985     353.034        1061.942     352.875             193             193
  100         112.119    1645.413         112.295    1645.441             100             100
  127        -641.225    -414.365        -641.279    -414.211             127             127
  168        -944.785    -634.520        -944.932    -634.401             168             168
  124         131.732    -276.195         131.571    -276.240             124             124
   77        1862.455      49.853        1862.404      49.575              77              77
  104         939.569    2217.438         939.866    2217.316             104             104
   46        -919.453    1419.568        -919.266    1419.764              46              46
  245        -112.207     268.271        -112.200     268.395             245             245
   44       -1033.848    -153.663       -1033.958    -153.503              44              44
  143        1999.369    2088.159        1999.526    2088.043             143             143
  139         937.710    -305.272         937.736    -305.222             139             139
   84        -395.632    1580.239        -395.406    1580.489              84              84
  142         -35.745   -2170.254         -35.970   -2170.041             142             142
   37        -368.346   -1470.047        -368.517   -1469.950              37              37
   71         574.791    -216.233         574.781    -216.257              71              71
  152       -1153.241    -520.175       -1153.321    -519.977             152             152
   90         857.429    -677.512         857.297    -677.543              90              90
  155        1253.663   -1307.761        1253.575   -1307.884             155             155
   47        -545.533    -585.007        -545.492    -584.981              47              47
  141       -1213.069    1078.308       -1212.901    1078.497             141             141
   38       -1767.147   -1162.951       -1767.370   -1162.638              38              38
  151        1089.141   -1740.988        1088.844   -1741.109             151             151
  255         328.706    -841.552         328.615    -841.642             255             255
  230          82.978   -1592.861          82.830   -1592.999             230             230
  126        -826.782     756.671        -826.668     756.611             126             126
  228        -795.533     849.612        -795.466     849.615             228             228
  149         153.357    2411.660         153.633    2411.713             149             149
   86       -1443.847   -2432.725       -1444.169   -2432.532              86              86
   68        -671.876    1857.095        -671.747    1857.112              68              68
   37       -1204.665     715.999       -1204.755     716.221              37              37
  246        1818.577    -501.765        1818.382    -501.947             246             246
   95         656.756     557.616         656.855     557.541              95              95
   33       -1889.939    1363.306       -1889.812    1363.648              33              33
  114        -754.643    -328.369        -754.889    -328.088             114             114
  192        1227.950   -2661.412        1227.429   -2661.535             192             192
  249         577.694     190.967         577.581     190.822             249             249
  173        1899.037     -15.051        1898.948     -15.289             173             173
  226        1812.139   -1531.885        1812.005   -1532.198             226             226
  217        -876.923    1109.252        -876.743    1109.248             217             217
  152         827.626     770.856         827.704     770.732             152             152
  204         580.066       6.406         580.142       6.298             204             204
   74       -2495.120     827.716       -2495.070     827.973              74              74
  234         386.736    2481.886         386.828    2481.888             234             234
  172        2917.715     988.152        2917.784     987.976             172             172
  101         450.124    -835.310         450.103    -835.191             101             101
  154         271.687   -1154.160         271.632   -1154.139             154             154
  163       -1986.228    -554.131       -1986.299    -553.906             163             163
   61       -1787.720    1074.530       -1787.841    1074.774              61              61
   31        3315.088    -133.921        3314.872    -134.308              31              31
  242         773.720     149.563         773.722     149.517             242             242
   28        1904.478   -1389.879        1904.332   -1390.181              28              28
   70        -268.407    2092.417        -268.054    2092.436              70              70
  247         638.536     113.825         638.587     113.851             247             247
  175        -559.114    -135.599        -559.120    -135.433             175             175
  162          84.230    -851.668          84.067    -851.659             162             162
    6         -62.596     388.341         -62.629     388.345               6               6
   33        2099.393    -425.375        2099.355    -425.682              33              33
  133       -1448.013     581.030       -1447.916     581.203             133             133
  184        1621.288     132.307        1621.305     132.048             184             184
  117       -1999.087     941.157       -1999.003     941.382             117             117
  125        1734.975    2945.838        1735.286    2945.707             125             125
   10        -380.061     -84.409        -380.135     -84.138              10              10
   60        1739.487     914.897        1739.562     914.853              60              60
  174         837.483    -312.247         837.495    -312.103             174             174
  139        -105.979   -2271.056        -106.276   -2270.922             139             139
   80         203.398    -384.779         203.327    -384.830              80              80
  128         598.255     388.725         598.315     388.660             128             128
  157        -148.787     599.996        -148.705     600.140             157             157
  169         134.455   -1109.405         134.221   -1109.330             169             169
   31        1718.833     606.027        1718.949     605.861              31              31
  105       -1045.164    -532.529       -1045.216    -532.216             105             105
    2          21.141   -1197.697          20.831   -1197.590               2               2
  204        2092.857   -1452.893        2092.584   -1453.191             204             204
  194        1495.457    -600.761        1495.498    -601.001             194             194
  101        -798.158   -2219.856        -798.396   -2219.884             101             101
  208         484.857    1117.575         485.048    1117.281             208             208
   80          89.378    1725.539          89.677    1725.484              80              80
  153         720.564    1539.728         720.878    1539.768             153             153
   55        -534.873   -1249.915        -534.963   -1249.705              55              55
  250       -1101.109     -73.177       -1101.121     -73.007             250             250
    8        -215.499    1058.884        -215.390    1059.017               8               8
   22        -958.991   -1711.762        -959.388   -1711.552              22              22
  220        1291.240     303.320        1291.183     303.058             220             220
   60        -655.591    1086.899        -655.508    1087.051              60              60
   95        1264.013      -6.153        1263.904      -6.244              95              95
   21         362.887     365.483         362.898     365.551              21              21
  129         317.317    -528.426         317.127    -528.350             129             129
  238        1824.250     410.541        1824.261     410.422             238             238
   70        1126.037   -1430.337        1125.860   -1430.308              70              70
    6         923.579   -3149.570         923.173   -3149.755               6               6
   41        -177.604      94.341        -177.524      94.211              41              41
  242         980.865     370.635         980.997     370.472             242             242
  248        -491.921   -1591.988        -492.103   -1591.950             248             248
   75        -406.597    -261.957        -406.691    -262.049              75              75
   46        1880.647     862.370        1880.824     861.977              46              46
   24         -19.722     195.665         -19.504     195.666              24              24
  245       -2192.000      -0.368       -2192.000       0.000             245             245
   69         -19.281    -195.665         -19.502    -195.665              69              69
   16        1881.007    -861.569        1880.826    -861.972              16              16
   67        -406.788     262.142        -406.691     262.048              67              67
   79        -492.297    1591.907        -492.107    1591.948              79              79
  221         981.134    -370.298         980.997    -370.469             221             221
   62        -177.439     -94.074        -177.524     -94.210              62              62
  230         922.731    3149.954         923.163    3149.758             230             230
  102        1125.669    1430.281        1125.858    1430.310             102             102
   90        1824.274    -410.287        1824.261    -410.417              90              90
  195         316.921     528.269         317.126     528.351             195             195
   10         362.910    -365.627         362.898    -365.552              10              10
   40        1263.785       6.346        1263.905       6.246              40              40
   93        -655.415   -1087.223        -655.507   -1087.053              93              93
   89        1291.122    -302.761        1291.184    -303.054              89              89
   11        -959.837    1711.314        -959.392    1711.549              11              11
  213        -215.265   -1059.173        -215.389   -1059.020             213             213
  255       -1101.134      72.809       -1101.121      73.004             255             255
   60        -535.072    1249.462        -534.967    1249.704              60              60
    7         721.248   -1539.811         720.883   -1539.766               7               7
   15          90.034   -1725.422          89.681   -1725.485              15              15
  198         485.278   -1116.933         485.051   -1117.280             198             198
   31        -798.686    2219.914        -798.401    2219.882              31              31
    8        1495.544     601.291        1495.496     601.003               8               8
  147        2092.251    1453.556        2092.581    1453.195             147             147
  164          20.451    1197.458          20.828    1197.589             164             164
   48       -1045.284     531.827       -1045.218     532.212              48              48
  212        1719.092    -605.650        1718.950    -605.856             212             212
  165         133.929    1109.235         134.220    1109.329             165             165
   84        -148.602    -600.320        -148.705    -600.140              84              84
  172         598.392    -388.577         598.316    -388.659             172             172
   83         203.233     384.894         203.324     384.829              83              83
  200        -106.661    2270.749        -106.278    2270.922             200             200
   42         837.508     311.919         837.493     312.104              42              42
   57        1739.663    -914.789        1739.563    -914.849              57              57
  148        -380.236      83.780        -380.138      84.137             148             148
  136        1735.708   -2945.530        1735.291   -2945.705             136             136
  125       -1998.889    -941.693       -1999.002    -941.388             125             125
  172        1621.331    -131.694        1621.307    -132.044             172             172
   78       -1447.783    -581.446       -1447.916    -581.209              78              78
  255        2099.299     426.107        2099.352     425.685             255             255
  179         -62.672    -388.352         -62.627    -388.346             179             179
   54          83.836     851.648          84.064     851.660              54              54
   26        -559.127     135.198        -559.119     135.431              26              26
  242         638.659    -113.885         638.587    -113.850             242             242
  114        -267.544   -2092.463        -268.048   -2092.436             114             114
  219        1904.117    1390.621        1904.327    1390.186             219             219
  173         773.726    -149.450         773.722    -149.515             173             173
  115        3314.554     134.878        3314.872     134.311             115             115
  219       -1788.015   -1075.142       -1787.838   -1074.778             219             219
  106       -1986.408     553.565       -1986.301     553.901             106             106
  127         271.546    1154.110         271.629    1154.141             127             127
   74         450.069     835.013         450.101     835.192              74              74
  160        2917.893    -987.695        2917.786    -987.968             160             160
  164         386.976   -2481.892         386.834   -2481.888             164             164
  185       -2494.991    -828.376       -2495.068    -827.980             185             185
  177         580.258      -6.129         580.140      -6.298             177             177
  245         827.832    -770.529         827.707    -770.727             245             245
    7        -876.455   -1109.242        -876.741   -1109.249               7               7
   68        1811.784    1532.704        1812.000    1532.203              68              68
   42        1898.803      15.678        1898.948      15.293              42              42
  184         577.394    -190.586         577.579    -190.819             184             184
   94        1226.569    2661.741        1227.421    2661.538              94              94
  122        -755.299     327.621        -754.891     328.085             122             122
  125       -1889.597   -1364.219       -1889.810   -1363.649             125             125
   28         657.023    -557.406         656.856    -557.537              28              28
  129        1818.047     502.264        1818.380     501.951             129             129
  163       -1204.907    -716.603       -1204.754    -716.223             163             163
  210        -671.520   -1857.144        -671.745   -1857.114             210             210
  238       -1444.741    2432.189       -1444.176    2432.529             238             238
  104         154.127   -2411.804         153.639   -2411.712             104             104
  138        -795.345    -849.626        -795.464    -849.618             138             138
  199        -826.465    -756.507        -826.668    -756.613             199             199
  164          82.553    1593.249          82.824    1593.000             164             164
  105         328.444     841.806         328.612     841.643             105             105
   48        1088.295    1741.333        1088.840    1741.110              48              48
  234       -1767.783    1162.056       -1767.372    1162.635             234             234
  101       -1212.583   -1078.851       -1212.898   -1078.499             101             101
   32        -545.418     584.931        -545.494     584.980              32              32
  110        1253.404    1308.120        1253.572    1307.887             110             110
   43         857.043     677.603         857.295     677.543              43              43
  110       -1153.475     519.589       -1153.322     519.974             110             110
  102         574.759     216.306         574.780     216.258             102             102
   15        -368.858    1469.755        -368.520    1469.947              15              15
  162         -36.422    2169.617         -35.974    2170.039             162             162
   42        -394.948   -1580.993        -395.401   -1580.492              42              42
   36         937.786     305.128         937.735     305.225              36              36
   11        1999.852   -2087.803        1999.532   -2088.040              11              11
   66       -1034.185     153.173       -1033.959     153.501              66              66
  157        -112.183    -268.653        -112.199    -268.396             157             157
  233        -918.873   -1420.176        -919.265   -1419.766             233             233
   96         940.498   -2217.055         939.871   -2217.313              96              96
  131        1862.297     -48.984        1862.405     -49.574             131             131
  193         131.225     276.339         131.570     276.243             193             193
   74        -945.250     634.142        -944.934     634.398              74              74
  119        -641.396     413.874        -641.281     414.209             119             119
    6         112.685   -1645.504         112.297   -1645.441               6               6
  244        1061.848    -352.512        1061.942    -352.871             244             244
  129       -1810.466    1361.063       -1810.001    1361.514             129             129
   87        -859.381     121.137        -859.447     121.574              87              87
  163        -181.614   -1516.430        -182.126   -1516.266             163             163
  170         750.033    -746.823         749.723    -747.083             170             170
   77        2489.781    1248.111        2490.273    1247.591              77              77
  134       -1877.072   -1300.400       -1877.147   -1299.826             134             134
  195         627.319   -1319.378         627.106   -1319.644             195             195
   65       -1392.740     135.309       -1392.613     135.397              65              65
  247        -346.573    1994.873        -346.139    1994.942             247             247
   94        -930.187    -285.508        -930.406    -285.174              94              94
  166        1927.228      52.933        1927.196      52.437             166             166
    1         155.605    2173.560         156.306    2173.662               1               1
    5        -434.678     108.779        -434.528     109.230               5               5
  136        -294.746    -324.093        -294.782    -323.699             136             136
   62        1065.330   -1905.232        1065.069   -1905.364              62              62
  103       -1839.144      30.912       -1838.944      31.330             103             103
   60       -1035.278     325.762       -1035.265     326.082              60              60
   30          67.737    1194.937          67.940    1195.257              30              30
    1         544.084   -2620.294         543.501   -2620.126               1               1
  247        -190.547   -2084.973        -190.894   -2085.061             247             247
   17       -1686.784    1051.213       -1686.569    1051.539              17              17
    7        2219.904    -607.058        2219.869    -607.476               7               7
  114       -1761.635   -1757.942       -1761.758   -1757.593             114             114
  235       -1162.873     269.657       -1162.670     269.755             235             235
   74       -2910.260     306.105       -2910.301     306.729              74              74
   62         -31.894    1228.472         -31.860    1228.578              62              62
   92         158.238   -1051.489         157.933   -1051.393              92              92
  124       -1423.437    -722.792       -1423.647    -722.517             124             124
  107       -1711.956    1007.043       -1711.968    1007.486             107             107
  238        -235.451   -1663.567        -236.243   -1663.564             238             238
   88         490.939    1341.264         491.000    1341.000              88              88
   30        -563.708    1260.953        -563.742    1261.279              30              30
   49        3107.543   -1787.869        3106.975   -1788.592              49              49
  202        -705.913    1169.197        -705.538    1169.321             202             202
  169         867.127     -74.186         867.111     -74.353             169             169
  141        -298.290     892.467        -298.014     892.615             141             141
  155         701.964     668.573         702.278     668.610             155             155
  245       -2203.666     168.507       -2203.577     169.393             245             245
    0        -411.979   -1640.049        -412.549   -1639.738              -0               0
  181       -1657.772    -983.577       -1658.311    -983.178             181             181
  172         811.934    -688.216         811.423    -688.589             172             172
   24        -227.444     957.788        -227.465     957.684              24              24
  133        1355.187    1989.589        1355.525    1989.367             133             133
  229       -1245.332     467.268       -1245.503     467.933             229             229
   60        3025.544    -221.720        3025.260    -222.186              60              60
  210         633.960     166.293         634.110     166.516             210             210
  171        -240.080   -2604.964        -240.766   -2604.711             171             171
   46        -141.956     239.680        -142.096     239.760              46              46
  152        2343.253   -1296.167        2342.885   -1296.707             152             152
  195       -1205.813    -310.158       -1205.949    -309.895             195             195
   57        2014.402     981.979        2014.480     981.584              57              57
   84        1728.176   -1261.716        1727.929   -1262.019              84              84
   63        1746.155    1175.275        1746.784    1175.070              63              63
  116        -836.701   -2712.903        -837.159   -2712.467             116             116
  138         622.665       9.313         622.750       9.202             138             138
  251        1699.320   -2414.237        1698.993   -2414.760             251             251
   68         107.993    1484.997         108.947    1484.933              68              68
   72       -2309.689   -1424.100       -2309.721   -1423.353              72              72
  209        -907.192    -275.359        -907.161    -275.089             209             209
   80        -864.364    -967.332        -864.505    -967.078              80              80
   20       -1306.750    -551.505       -1306.806    -551.216              20              20
  216       -2464.611     529.287       -2464.651     530.015             216             216
  227         180.136    -610.094         179.661    -609.944             227             227
  204         363.812   -1269.753         363.362   -1269.731             204             204
  149          83.972    -877.295          83.794    -877.221             149             149
  137       -2237.593   -2694.134       -2238.485   -2693.646             137             137
    7         990.156      19.127         989.914      18.620               7               7
   72        -517.773    -933.926        -518.157    -933.919              72              72
  136         740.889    -419.898         740.671    -420.255             136             136
  128        -102.090    -782.427        -102.283    -782.549             128             128
  102       -1194.658    -950.942       -1195.075    -950.877             102             102
  168         595.196      91.792         594.983      91.323             168             168
  170         434.283     323.195         434.227     322.843             170             170
  117         960.131     791.735         960.274     791.359             117             117
  194        1607.819     485.180        1608.129     484.787             194             194
  185        -123.081   -1001.020        -123.015   -1000.996             185             185
   68       -1086.161     -49.218       -1085.932     -49.032              68              68
  177       -1408.238    -416.187       -1408.281    -415.924             177             177
   16       -1553.059     201.869       -1553.144     202.157              16              16
  133         272.833     343.534         272.830     343.387             133             133
  222       -1731.715     279.841       -1731.737     280.371             222             222
    9        -978.970   -1248.065        -979.655   -1247.855               9               9
  201        -493.350     180.805        -493.762     180.773             201             201
  211        1772.019    -556.565        1771.570    -557.272             211             211
  137         444.434     867.194         444.643     866.864             137             137
  188         148.837    1271.793         149.169    1271.860             188             188
   29        -437.261   -2287.187        -438.049   -2287.122              29              29
   20        1075.443     690.566        1075.552     689.941              20              20
  152         264.637     735.149         264.933     734.952             152             152
   19        -795.305    -357.403        -795.451    -357.370              19              19
   87        1607.011    2545.930        1607.854    2545.487              87              87
   88       -1284.110   -1056.884       -1284.131   -1056.325              88              88
  199       -2009.305    -898.074       -2009.558    -897.657             199             199
  148       -2308.871     477.096       -2309.115     477.499             148             148
  104         201.950    1294.510         201.811    1294.352             104             104
   94         505.849     571.052         505.671     570.956              94              94
  116         276.914    -225.128         276.554    -225.250             116             116
  246        1249.486    1134.538        1249.654    1134.161             246             246
  105         209.776    -386.528         209.590    -386.610             105             105
  222        1139.159    1155.548        1139.530    1155.153             222             222
   33         212.446    1328.841         213.084    1328.972              33              33
  185       -1965.642     -20.695       -1965.576     -19.782             185             185
   97       -1003.398   -1512.849       -1004.065   -1512.430              97              97
   59        -471.485    -404.616        -471.873    -404.545              59              59
   34         106.186   -1310.564         105.611   -1310.869              34              34
  125        -693.168    1653.824        -692.799    1653.807             125             125
  153       -1627.453    -422.464       -1627.923    -422.100             153             153
   55        -328.638    1725.004        -328.657    1725.067              55              55
  164         369.196   -1291.349         368.307   -1291.559             164             164
  210         705.071    1347.542         705.078    1347.038             210             210
  141         152.827    1645.095         152.892    1644.994             141             141
  125        2072.571    1010.811        2072.598    1010.221             125             125
   28          63.326    1953.004          63.759    1953.168              28              28
   72         853.702    1067.903         853.779    1068.054              72              72
  253         715.958    -157.782         715.667    -157.601             253             253
   92        1779.985    -376.094        1779.743    -376.357              92              92
  160        1117.513    -485.436        1117.408    -485.570             160             160
  225        1702.483   -1554.811        1702.298   -1555.404             225             225
  140       -1449.944    1489.794       -1449.239    1490.178             140             140
   97        -207.589      76.698        -207.557      76.961              97              97
    7        -803.274    -954.531        -803.599    -954.256               7               7
  158        -716.539     413.896        -716.562     414.051             158             158
  121        -677.025     -42.674        -677.295     -42.524             121             121
  155        -498.774    1233.276        -498.806    1233.480             155             155
  243        1676.052    -193.633        1675.739    -194.014             243             243
  193         403.340    -455.849         403.262    -456.053             193             193
   54       -1861.863    1333.912       -1861.681    1334.419              54              54
  210        2065.133    1478.497        2065.386    1478.069             210             210
   89        -171.390     -89.213        -171.242     -88.883              89              89
  252       -2149.942     597.033       -2149.848     597.981             252             252
  221        -980.605   -1054.949        -981.354   -1054.487             221             221
   55        -561.505     832.654        -561.746     832.906              55              55
   72         174.276     332.360         173.865     332.552              72              72
   61         997.674    -396.460         997.233    -396.574              61              61
  202        -649.807     421.507        -649.938     421.935             202             202
  168        -418.439    -948.106        -419.178    -947.806             168             168
  124          -8.242     520.595          -8.565     520.730             124             124
   14        -410.468     100.543        -411.054     101.015              14              14
  105        1847.364   -1838.552        1846.288   -1838.958             105             105
   80          -5.425    -658.383          -5.921    -658.448              80              80
   72        -954.850    -152.115        -955.499    -151.840              72              72
   49        1316.485    -904.890        1315.460    -905.448              49              49
   62        2259.090    1364.454        2259.171    1363.706              62              62
   29        -325.930    -685.220        -326.450    -684.982              29              29
  104         275.202    -543.094         274.448    -543.246             104             104
  184        1883.292      -9.339        1882.837     -10.106             184             184
  131         270.015    1059.534         270.004    1059.397             131             131
   82         724.037    1258.090         723.964    1258.146              82              82
  179        1954.125   -1618.507        1953.369   -1618.933             179             179
  100       -1051.598    -130.809       -1051.819    -130.509             100             100
  167       -1239.791    -460.744       -1240.490    -460.435             167             167
  135       -1687.416     739.397       -1688.117     739.872             135             135
  155       -1047.119     565.168       -1048.358     565.600             155             155
  157        2300.239    -184.974        2298.862    -185.667             157             157
   70       -2092.191     718.936       -2093.516     719.711              70              70
   29         146.848     175.212         144.464     175.365              29              29
  209         251.193    -522.212         247.551    -522.183             209             209
  113         748.415     259.729         741.809     259.546             113             113
