SINAL     NFT                         FFT                         NFT INVERSA     FFT INVERSA
-----     -----------------------     -----------------------     -----------     -----------
   28       63617.000       0.000       63617.000       0.000              28              28
  195         567.679   -1047.005         567.692   -1047.006             195             195
   40         233.308     648.204         233.322     648.202              40              40
  151        1535.250    1263.109        1535.265    1263.105             151             151
  241        -935.998    2017.022        -935.979    2017.025             241             241
   50         623.964   -1348.888         623.973   -1348.889              50              50
  156        -647.215    -264.857        -647.203    -264.859             156             156
   78        -278.323    1223.291        -278.311    1223.287              78              78
  182        3238.329     877.260        3238.346     877.243             182             182
  113        -924.877     -47.925        -924.863     -47.922             113             113
   89        2202.644    1157.308        2202.664    1157.294              89              89
   54        1156.668     -53.317        1156.688     -53.326              54              54
    0          12.100    1068.725          12.129    1068.723               0              -0
  146         -59.403     292.481         -59.382     292.480             146             146
   57        -429.659     903.891        -429.638     903.894              57              57
  204         645.444     332.218         645.459     332.211             204             204
   25         861.560    1242.055         861.589    1242.049              25              25
  214         621.810    -630.175         621.824    -630.179             214             214
  186          99.897    -343.980          99.915    -343.986             186             186
   20        -338.460     168.420        -338.439     168.411              20              20
   90        -818.081    2318.257        -818.043    2318.263              90              90
   22        1663.653      -4.442        1663.663      -4.464              22              22
   84        1489.348    2913.615        1489.413    2913.603              84              84
  237        -782.168    -157.469        -782.146    -157.437             237             237
  239         699.805    -979.205         699.807    -979.208             239             239
  174        1053.447    -280.691        1053.471    -280.711             174             174
  132        -777.362     935.494        -777.321     935.506             132             132
   31         746.989    -537.074         746.999    -537.086              31              31
   35         758.479     284.531         758.515     284.508              35              35
   19         -53.963    1915.174         -53.897    1915.177              19              19
   15         818.225     146.065         818.269     146.064              15              15
  122       -1834.448    -501.983       -1834.421    -501.948             122             122
  253         -31.231    1465.306         -31.174    1465.309             253             253
   65        -892.564     338.719        -892.527     338.754              65              65
  202        -865.114     419.757        -865.084     419.797             202             202
  156        -181.190   -1628.077        -181.205   -1628.063             156             156
   87        -626.078     -75.643        -626.059     -75.635              87              87
   74          23.850    -799.637          23.854    -799.654              74              74
   52        -108.156    1717.347        -108.084    1717.334              52              52
   68       -1391.675    1439.790       -1391.616    1439.838              68              68
  181         184.611    -124.481         184.633    -124.467             181             181
  170       -1963.742     363.014       -1963.710     363.078             170             170
  150       -1310.697     -20.025       -1310.705     -19.975             150             150
  144         672.818      46.850         672.815      46.849             144             144
  102        -229.284   -1253.927        -229.315   -1253.919             102             102
  143        1669.706    1217.208        1669.762    1217.163             143             143
  199         -41.772    -630.035         -41.745    -630.021             199             199
  213       -1067.306    -145.501       -1067.278    -145.468             213             213
   16        -228.963     274.634        -228.936     274.649              16              16
   66         748.372    -570.779         748.393    -570.795              66              66
  156        -921.817    -211.322        -921.769    -211.293             156             156
  194       -1654.748    -224.776       -1654.714    -224.721             194             194
  192       -2364.168   -1090.739       -2364.195   -1090.678             192             192
   56        -295.693     775.464        -295.667     775.450              56              56
   15       -1762.576     605.544       -1762.559     605.599              15              15
   40         283.369      10.695         283.374      10.681              40              40
  254       -3041.016     267.356       -3041.019     267.452             254             254
  140        -634.899    1046.761        -634.919    1046.784             140             140
   59          89.963    -362.006          89.892    -362.015              59              59
  213        1192.226    1392.528        1192.226    1392.474             213             213
    0        2280.925    1010.461        2280.945    1010.389               0              -0
  154        2340.598     844.087        2340.665     844.020             154             154
  198         112.717     275.559         112.780     275.573             198             198
   87        -123.335    1774.472        -123.236    1774.516              87              87
  251         658.172     105.575         658.200     105.615             251             251
   34        1168.145    -617.789        1168.171    -617.782              34              34
  195        -479.109    -713.723        -479.074    -713.656             195             195
  108        -917.412   -1973.040        -917.456   -1972.986             108             108
  184        -349.518    -321.348        -349.504    -321.342             184             184
   65        -556.289     213.974        -556.255     214.017              65              65
  247         -20.510   -2399.293         -20.586   -2399.307             247             247
  116       -1287.771    1330.263       -1287.694    1330.298             116             116
   69         740.294    -804.507         740.277    -804.535              69              69
  151        -486.915    -611.815        -486.895    -611.818             151             151
   83       -1517.396     894.035       -1517.332     894.094              83              83
  119        -224.962    -612.557        -224.985    -612.550             119             119
  116        -599.180    -465.829        -599.191    -465.843             116             116
   65        -349.454    1945.442        -349.348    1945.432              65              65
   56        -689.925     932.245        -689.874     932.300              56              56
  141         464.696    1101.227         464.775    1101.248             141             141
   52       -2084.862    -395.475       -2084.879    -395.313              52              52
   48          95.872    -590.760          95.805    -590.731              48              48
   36         737.674   -1667.250         737.580   -1667.302              36              36
   86         776.701     303.268         776.750     303.176              86              86
   49        -107.088    1991.950        -106.924    1991.962              49              49
  133        -413.106    -469.659        -413.061    -469.611             133             133
  203       -2770.581    1408.373       -2770.471    1408.555             203             203
  103       -2590.576     177.845       -2590.645     178.061             103             103
  134        1537.290   -1244.685        1537.139   -1244.725             134             134
   27         796.800    -423.629         796.762    -423.658              27              27
  205        1556.953    -186.572        1556.983    -186.639             205             205
  188        -616.356    -145.945        -616.296    -145.867             188             188
   81        -975.714   -1489.518        -975.762   -1489.420              81              81
  244       -1383.735   -2895.643       -1383.903   -2895.610             244             244
  180        -545.178     512.882        -545.165     512.826             180             180
  114        -167.139    1159.964        -167.069    1159.967             114             114
  197       -1647.104   -3001.753       -1647.324   -3001.727             197             197
  128         587.722    3844.557         587.914    3844.447             128             128
   33          95.768     474.449          95.775     474.486              33              33
   29        1412.690    -216.849        1412.709    -216.931              29              29
  206       -2657.389    1277.085       -2657.308    1277.275             206             206
   78        1088.700     465.090        1088.677     465.089              78              78
   84         842.140   -1728.931         842.052   -1728.957              84              84
  238        -740.984      35.896        -740.940      35.930             238             238
  191       -1472.310    -264.102       -1472.337    -264.006             191             191
  172        -504.025    -727.791        -504.114    -727.793             172             172
  103        -828.074    1502.185        -828.023    1502.232             103             103
   70       -1275.603    -880.165       -1275.783    -880.077              70              70
    7        1898.821    1290.442        1898.790    1290.314               7               7
  174        1929.560    -461.804        1929.498    -461.908             174             174
  172         622.720    -551.119         622.674    -551.173             172             172
   53        1041.459     -73.271        1041.435     -73.386              53              53
   90        1710.824    1444.245        1710.937    1444.116              90              90
  170        2045.494     251.570        2045.600     251.468             170             170
  164       -1238.196    -995.884       -1238.199    -995.783             164             164
   99         271.592    -468.905         271.551    -468.979              99              99
  129        1594.976     911.979        1595.077     911.793             129             129
  149         700.880    2357.056         701.140    2357.015             149             149
  224         307.285     797.237         307.445     797.303             224             224
  177        -726.848   -1082.257        -726.845   -1082.164             177             177
   42       -1025.517    1057.043       -1025.415    1057.139              42              42
  223        1311.762    -589.672        1311.762    -589.770             223             223
  247        -397.464    2914.059        -397.128    2914.162             247             247
    5       -1439.071   -1775.878       -1439.145   -1775.661               5               5
  178       -1233.427     129.803       -1233.409     129.925             178             178
  238        -447.546     170.560        -447.544     170.643             238             238
   45        -177.579    -507.193        -177.610    -507.146              45              45
  234       -1156.458     371.240       -1156.436     371.356             234             234
  185         144.931    1009.927         145.000    1010.000             185             185
   35       -1104.834   -1217.516       -1104.961   -1217.338              35              35
  126         -45.802      11.491         -45.864      11.547             126             126
  162         844.695      83.119         844.677      83.159             162             162
  152         503.337   -2756.036         503.139   -2756.021             152             152
   80       -2112.061    -452.430       -2112.137    -452.244              80              80
  176        1262.394   -2928.977        1262.055   -2929.153             176             176
  180         686.701    1100.393         686.780    1100.241             180             180
  223         462.070    -646.671         461.992    -646.740             223             223
  126        1567.859   -1274.241        1567.757   -1274.507             126             126
   21        1646.739    2931.675        1647.115    2931.448              21              21
  104       -1169.241     652.524       -1169.068     652.662             104             104
  222        -420.608    1342.749        -420.435    1342.860             222             222
  119        -960.232   -1150.748        -960.311   -1150.610             119             119
  209       -1355.145     720.837       -1355.144     720.972             209             209
  103        1523.757     121.617        1523.711     121.515             103             103
  106        1074.706     533.556        1074.806     533.509             106             106
  152        -152.591      -2.533        -152.510      -2.438             152             152
  233       -1890.014   -1245.759       -1890.168   -1245.564             233             233
   28        2206.696    1259.647        2206.774    1259.455              28              28
   98        1098.587     427.979        1098.726     427.989              98              98
   54        -404.263   -1371.590        -404.286   -1371.457              54              54
  160       -1043.065   -1383.122       -1043.165   -1383.023             160             160
  220         917.889    -334.797         917.905    -334.948             220             220
  218       -1284.552    1776.703       -1284.327    1776.843             218             218
   10         681.231     469.057         681.321     469.113              10              10
   57       -1347.940    -469.309       -1347.939    -469.037              57              57
  117        -139.182   -1617.386        -139.343   -1617.288             117             117
  217          26.582    -847.982          26.537    -847.951             217             217
  233       -1172.142   -1081.574       -1172.222   -1081.443             233             233
   56       -1032.570    -533.104       -1032.666    -533.005              56              56
   47         268.488     529.792         268.505     529.841              47              47
  110        -866.365   -3051.477        -866.725   -3051.365             110             110
   38         490.776     131.230         490.732     131.137              38              38
   87          93.879   -2378.480          93.603   -2378.577              87              87
  114        -313.470    1838.846        -313.344    1838.807             114             114
   68        1419.991    -342.306        1419.896    -342.394              68              68
   19        1773.215   -1848.926        1773.077   -1849.131              19              19
   52         -90.871    -716.362         -90.847    -716.463              52              52
   86        -529.576     596.080        -529.491     596.048              86              86
  235        1707.866     466.218        1707.983     465.993             235             235
  130         209.102    1480.015         209.450    1480.065             130             130
   88       -2106.996   -2416.491       -2107.125   -2416.229              88              88
  244       -2810.083     368.797       -2810.089     369.033             244             244
   78       -1280.916     866.920       -1281.025     867.096              78              78
   65        1156.911   -1292.597        1156.564   -1292.690              65              65
   38        1857.003    -894.540        1856.806    -894.814              38              38
    8        1624.857     602.050        1624.897     601.808               8               8
  162        2826.926     389.802        2827.059     389.487             162             162
  193        1489.901     -92.216        1490.136     -92.352             193             193
  209       -1972.623   -1013.309       -1972.581   -1013.099             209             209
   69         283.835     297.993         283.912     297.903              69              69
  137         335.773    1418.142         336.030    1418.163             137             137
   20        -564.342   -1265.852        -564.417   -1265.695              20              20
  152         589.047    -616.651         589.044    -616.696             152             152
   95          91.838    -979.187          91.839    -979.188              95              95
  218        -492.302   -1523.922        -492.382   -1523.923             218             218
    2        -341.594    -918.193        -341.655    -918.296               2               2
   87        2262.646     431.888        2262.910     431.472              87              87
  227       -3279.617     315.807       -3279.363     316.080             227             227
  247       -1092.073    1901.892       -1091.799    1901.980             247             247
   20       -1424.601     825.494       -1424.477     825.732              20              20
  255        -842.536     -84.193        -842.552     -84.040             255             255
  118        -915.891     752.589        -915.815     752.765             118             118
  243        -456.160    -142.552        -456.200    -142.385             243             243
  218        -685.491   -1132.490        -685.667   -1132.352             218             218
  188         581.055    -378.825         581.029    -378.899             188             188
  110       -1114.009    -296.777       -1113.976    -296.641             110             110
  120       -2503.307     472.889       -2503.337     473.262             120             120
   99          88.350   -1398.209          87.977   -1398.170              99              99
   63        1449.381    -551.526        1449.235    -551.720              63              63
  251         -59.599    -829.409         -59.714    -829.415             251             251
  166         408.436   -1084.846         408.271   -1084.965             166             166
  175          21.147      10.289          21.104      10.220             175             175
    6        1772.349   -1183.915        1772.210   -1184.244               6               6
  246         461.671     548.544         461.859     548.365             246             246
  204        -258.910     231.281        -258.803     231.258             204             204
  174         922.317    -349.302         922.375    -349.524             174             174
  213        -508.388    2071.707        -507.968    2071.754             213             213
  154        -922.592    -182.320        -922.542    -182.129             154             154
  224        -780.800     504.823        -780.756     504.990             224             224
   83        1825.429    -180.290        1825.466    -180.429              83              83
   62        -235.349    -984.590        -235.294    -984.461              62              62
  133        -488.095   -2040.515        -488.191   -2040.456             133             133
  191       -1962.909   -1644.512       -1963.035   -1644.405             191             191
  105        -361.779     439.875        -361.667     439.750             105             105
  115       -1548.139     499.113       -1548.028     499.256             115             115
  111       -1313.562    -600.686       -1313.721    -600.580             111             111
  128        1668.401     336.932        1668.487     336.590             128             128
    5       -1760.746     600.973       -1760.551     601.171               5               5
  163        -709.431    -190.442        -709.457    -190.381             163             163
   26         332.774     171.039         332.891     170.934              26              26
   73       -1953.777      85.820       -1953.658      86.041              73              73
  178       -1679.822     742.824       -1679.718     743.074             178             178
  218       -2144.197   -2308.479       -2144.655   -2308.288             218             218
  146         434.771    1131.951         434.818    1131.623             146             146
   11       -1199.137    3019.537       -1198.776    3019.672              11              11
  149         636.214     700.480         636.273     700.503             149             149
  249       -1577.025     674.934       -1576.964     675.313             249             249
   61          -2.605   -1668.022          -2.940   -1667.966              61              61
   89        -383.085     181.940        -383.093     181.949              89              89
   42        -885.386     -67.682        -885.451     -67.567              42              42
   87       -1068.711    -474.448       -1068.914    -474.359              87              87
   76         -94.987    1069.958         -94.994    1069.928              76              76
  115          43.070    -185.641          42.887    -185.652             115             115
  105         492.346     259.777         492.237     259.661             105             105
  143        1541.944     713.500        1542.005     713.276             143             143
   60         337.929   -1175.629         337.792   -1175.760              60              60
   54         263.773    1791.852         264.100    1791.697              54              54
  157        -485.560    1443.814        -485.292    1443.931             157             157
  159       -1222.625     808.710       -1222.580     808.992             159             159
   29        1138.113    1326.146        1138.236    1326.139              29              29
  134         684.147    -319.104         684.178    -319.013             134             134
  207       -1856.526     522.068       -1856.461     522.593             207             207
  165        1057.734   -2243.063        1057.323   -2243.031             165             165
   81       -1009.448   -2150.904       -1009.820   -2150.775              81              81
  152         414.834    -865.331         414.591    -865.553             152             152
  132        1555.992    1110.024        1556.226    1109.730             132             132
   40       -1869.243   -1188.670       -1869.414   -1188.381              40              40
  132         754.656     175.518         754.598     175.337             132             132
  238          33.749    -353.257          33.659    -353.303             238             238
   41        1164.392     -35.564        1164.415     -35.810              41              41
  250          45.260     201.842          45.423     201.803             250             250
  254       -1473.678    -115.959       -1473.672    -115.731             254             254
  136        -289.381    -777.949        -289.612    -777.995             136             136
  167        1245.908    1263.276        1246.115    1263.009             167             167
  130        -780.599    -478.260        -780.627    -478.171             130             130
  111        -576.715    1816.667        -576.494    1816.781             111             111
   55        1449.000       0.072        1449.000       0.000              55              55
  131        -576.266   -1816.900        -576.491   -1816.784             131             131
  134        -780.659     478.080        -780.629     478.171             134             134
  186        1246.332   -1262.730        1246.118   -1263.006             186             186
  110        -289.854     778.043        -289.614     777.995             110             110
   61       -1473.667     115.490       -1473.673     115.728              61              61
   16          45.592    -201.760          45.423    -201.801              16              16
   97        1164.442      36.074        1164.416      35.813              97              97
  131          33.561     353.352          33.658     353.303             131             131
   22         754.536    -175.138         754.598    -175.334              22              22
   10       -1869.604    1188.061       -1869.417    1188.377              10              10
  148        1556.484   -1109.405        1556.228   -1109.726             148             148
  120         414.323     865.796         414.590     865.553             120             120
  214       -1010.239    2150.628       -1009.826    2150.772             214             214
   44        1056.860    2243.000        1057.319    2243.035              44              44
  138       -1856.385    -523.191       -1856.459    -522.600             138             138
  191         684.214     318.910         684.178     319.013             191             191
  185        1138.382   -1326.128        1138.239   -1326.137             185             185
    7       -1222.525    -809.318       -1222.578    -808.993               7               7
  144        -484.977   -1444.067        -485.288   -1443.931             144             144
    9         264.488   -1791.516         264.103   -1791.697               9               9
   43         337.626    1175.916         337.789    1175.761              43              43
  159        1542.082    -713.004        1542.008    -713.271             159             159
  161         492.107    -259.519         492.238    -259.659             161             161
  196          42.666     185.665          42.887     185.652             196             196
    5         -95.000   -1069.893         -94.993   -1069.928               5               5
   37       -1069.164     474.249       -1068.915     474.358              37              37
   47        -885.532      67.425        -885.451      67.567              47              47
  247        -383.105    -181.959        -383.094    -181.949             247             247
  138          -3.364    1667.897          -2.943    1667.966             138             138
   20       -1576.884    -675.794       -1576.962    -675.314              20              20
    5         636.349    -700.533         636.275    -700.503               5               5
   54       -1198.307   -3019.844       -1198.773   -3019.671              54              54
  178         434.881   -1131.196         434.819   -1131.622             178             178
   17       -2145.261    2308.032       -2144.660    2308.284              17              17
   53       -1679.579    -743.407       -1679.717    -743.076              53              53
  213       -1953.502     -86.341       -1953.659     -86.044             213             213
   10         333.044    -170.790         332.890    -170.932              10              10
  149        -709.490     190.297        -709.456     190.380             149             149
  164       -1760.282    -601.445       -1760.548    -601.175             164             164
  157        1668.605    -336.118        1668.487    -336.588             157             157
   81       -1313.945     600.433       -1313.724     600.579              81              81
  115       -1547.870    -499.459       -1548.026    -499.259             115             115
  174        -361.507    -439.574        -361.664    -439.749             174             174
   95       -1963.219    1644.247       -1963.039    1644.400              95              95
  120        -488.333    2040.368        -488.195    2040.453             120             120
   74        -235.218     984.276        -235.295     984.462              74              74
  172        1825.522     180.634        1825.467     180.434             172             172
    8        -780.690    -505.237        -780.755    -504.992               8               8
  219        -922.471     181.843        -922.543     182.125             219             219
   94        -507.334   -2071.822        -507.962   -2071.753              94              94
  184         922.462     349.863         922.374     349.529             184             184
  198        -258.640    -231.223        -258.803    -231.259             198             198
  151         462.144    -548.090         461.859    -548.364             151             151
  195        1771.995    1184.755        1772.208    1184.250             195             195
  125          21.037     -10.112          21.104     -10.218             125             125
   17         408.011    1085.154         408.269    1084.967              17              17
   30         -59.900     829.424         -59.718     829.415              30              30
  125        1449.004     552.035        1449.235     551.725             125             125
  235          87.376    1398.109          87.974    1398.172             235             235
   34       -2503.383    -473.871       -2503.335    -473.268              34              34
  249       -1113.923     296.414       -1113.977     296.636             249             249
  166         580.986     379.023         581.028     378.902             166             166
   89        -685.958    1132.120        -685.669    1132.349              89              89
  110        -456.267     142.107        -456.200     142.385             110             110
  247        -915.686    -753.067        -915.815    -752.768             247             247
  217        -842.579      83.778        -842.552      84.039             217             217
  201       -1424.263    -826.140       -1424.475    -825.734             201             201
   62       -1091.316   -1902.133       -1091.794   -1901.982              62              62
  140       -3278.918    -316.566       -3279.361    -316.088             140             140
  235        2263.369    -430.734        2262.908    -431.466             235             235
  194        -341.762     918.478        -341.654     918.296             194             194
   53        -492.531    1523.920        -492.385    1523.921              53              53
   39          91.839     979.189          91.837     979.188              39              39
  217         589.038     616.782         589.042     616.699             217             217
   74        -564.560    1265.406        -564.420    1265.694              74              74
  229         336.511   -1418.202         336.034   -1418.162             229             229
   45         284.060    -297.737         283.915    -297.904              45              45
   11       -1972.503    1012.701       -1972.583    1013.097              11              11
   90        1490.582      92.613        1490.138      92.355              90              90
  118        2827.315    -388.880        2827.060    -389.484             118             118
  164        1624.976    -601.333        1624.898    -601.804             164             164
  242        1856.417     895.356        1856.802     894.820             242             242
   35        1155.880    1292.878        1156.560    1292.693              35              35
    6       -1281.233    -867.446       -1281.021    -867.097               6               6
  169       -2810.101    -369.515       -2810.088    -369.041             169             169
   87       -2107.393    2415.697       -2107.131    2416.225              87              87
  136         210.163   -1480.165         209.455   -1480.063             136             136
  229        1708.220    -465.531        1707.982    -465.992             229             229
  127        -529.313    -595.985        -529.490    -596.050             127             127
  158         -90.800     716.673         -90.848     716.463             158             158
  171        1772.782    1849.569        1773.073    1849.136             171             171
  228        1419.693     342.586        1419.896     342.398             228             228
  125        -313.066   -1838.724        -313.337   -1838.807             125             125
   56          93.001    2378.788          93.597    2378.578              56              56
  162         490.638    -130.931         490.733    -131.135             162             162
  199        -867.525    3051.120        -866.729    3051.365             199             199
   85         268.547    -529.946         268.507    -529.840              85              85
   15       -1032.884     532.779       -1032.667     533.002              15              15
  103       -1172.408    1081.141       -1172.226    1081.441             103             103
  151          26.435     847.884          26.537     847.953             151             151
   46        -139.719    1617.062        -139.346    1617.288              46              46
   85       -1347.941     468.396       -1347.941     469.032              85              85
   22         681.537    -469.240         681.324    -469.110              22              22
  171       -1283.789   -1777.179       -1284.324   -1776.845             171             171
    4         917.943     335.314         917.904     334.951               4               4
  140       -1043.410    1382.779       -1043.168    1383.020             140             140
  231        -404.345    1371.130        -404.289    1371.456             231             231
   94        1099.069    -428.013        1098.727    -427.988              94              94
  143        2206.971   -1258.972        2206.778   -1259.451             143             143
  149       -1890.556    1245.066       -1890.169    1245.557             149             149
  205        -152.306       2.199        -152.510       2.438             205             205
   87        1075.063    -533.387        1074.806    -533.509              87              87
  157        1523.589    -121.244        1523.711    -121.512             157             157
  250       -1355.135    -721.328       -1355.142    -720.975             250             250
   63        -960.523    1150.242        -960.315    1150.607              63              63
  188        -419.972   -1343.157        -420.433   -1342.861             188             188
   33       -1168.602    -653.038       -1169.066    -652.665              33              33
  117        1648.145   -2930.828        1647.123   -2931.445             117             117
  214        1567.473    1275.240        1567.753    1274.512             214             214
   74         461.778     646.932         461.991     646.741              74              74
  139         687.001   -1099.814         686.781   -1100.240             139             139
    1        1261.091    2929.652        1262.049    2929.156               1               1
   86       -2112.354     451.707       -2112.138     452.238              86              86
  179         502.565    2755.981         503.133    2756.023             179             179
   32         844.622     -83.270         844.677     -83.156              32              32
   76         -46.047     -11.713         -45.865     -11.548              76              76
   85       -1105.341    1216.811       -1104.963    1217.335              85              85
  141         145.208   -1010.220         145.000   -1010.000             141             141
  117       -1156.371    -371.717       -1156.436    -371.359             117             117
  245        -177.705     506.997        -177.610     507.144             245             245
   76        -447.530    -170.904        -447.541    -170.644              76              76
  163       -1233.350    -130.313       -1233.409    -129.927             163             163
   39       -1439.387    1774.967       -1439.149    1775.659              39              39
  171        -396.040   -2914.494        -397.123   -2914.163             171             171
   73        1311.758     590.094        1311.762     589.772              73              73
   30       -1025.075   -1057.456       -1025.413   -1057.141              30              30
  168        -726.846    1081.850        -726.849    1082.161             168             168
   75         307.988    -797.524         307.448    -797.303              75              75
    8         702.039   -2356.875         701.148   -2357.014               8               8
   35        1595.426    -911.151        1595.079    -911.791              35              35
  227         271.406     469.239         271.550     468.980             227             227
  146       -1238.208     995.426       -1238.199     995.782             146             146
   46        2045.980    -251.096        2045.602    -251.463              46              46
    8        1711.343   -1443.651        1710.938   -1444.114               8               8
  192        1041.342      73.809        1041.433      73.388             192             192
   98         622.501     551.376         622.672     551.175              98              98
   67        1929.262     462.306        1929.496     461.913              67              67
   72        1898.679   -1289.817        1898.792   -1290.308              72              72
   58       -1276.469     879.733       -1275.785     880.073              58              58
   70        -827.821   -1502.415        -828.020   -1502.233              70              70
  249        -504.468     727.799        -504.118     727.791             249             249
   68       -1472.444     263.621       -1472.337     264.003              68              68
  141        -740.767     -36.074        -740.940     -35.934             141             141
   38         841.689    1729.065         842.048    1728.959              38              38
  183        1088.588    -465.083        1088.678    -465.087             183             183
   23       -2656.975   -1278.068       -2657.307   -1277.280              23              23
  102        1412.788     217.283        1412.709     216.935             102             102
  162          95.805    -474.640          95.777    -474.485             162             162
  179         588.744   -3843.974         587.923   -3844.445             179             179
   68       -1648.285    3001.612       -1647.327    3001.726              68              68
   57        -166.761   -1159.982        -167.068   -1159.966              57              57
  214        -545.107    -512.580        -545.164    -512.827             214             214
  186       -1384.684    2895.450       -1383.910    2895.607             186             186
  171        -975.991    1488.967        -975.765    1489.418             171             171
   62        -616.019     145.496        -616.296     145.864              62              62
    9        1557.119     186.967        1556.982     186.644               9               9
   34         796.577     423.804         796.761     423.661              34              34
  107        1536.404    1244.926        1537.137    1244.728             107             107
   85       -2590.977    -179.139       -2590.644    -178.068              85              85
  154       -2769.922   -1409.478       -2770.469   -1408.561             154             154
  250        -412.836     469.368        -413.061     469.610             250             250
    1        -106.076   -1992.022        -106.920   -1991.962               1               1
   82         777.009    -302.698         776.751    -303.175              82              82
  136         737.079    1667.578         737.576    1667.303             136             136
   90          95.447     590.571          95.803     590.730              90              90
  233       -2084.973     394.432       -2084.880     395.310             233             233
  171         465.216   -1101.367         464.777   -1101.249             171             171
   82        -689.587    -932.605        -689.873    -932.300              82              82
    3        -348.731   -1945.388        -349.343   -1945.435               3               3
  119        -599.255     465.924        -599.192     465.843             119             119
  185        -225.126     612.512        -224.986     612.550             185             185
  183       -1516.947    -894.453       -1517.330    -894.097             183             183
   86        -486.778     611.833        -486.897     611.816              86              86
   35         740.167     804.714         740.275     804.536              35              35
  136       -1287.204   -1330.528       -1287.691   -1330.301             136             136
  118         -21.080    2399.392         -20.591    2399.305             118             118
  207        -556.024    -214.293        -556.252    -214.017             207             207
  224        -349.405     321.307        -349.503     321.343             224             224
  213        -917.755    1972.617        -917.460    1972.983             213             213
   29        -478.839     713.194        -479.076     713.654              29              29
   52        1168.355     617.734        1168.172     617.785              52              52
  131         658.399    -105.894         658.200    -105.615             131             131
   45        -122.508   -1774.833        -123.232   -1774.517              45              45
   55         113.244    -275.676         112.781    -275.573              55              55
  230        2341.180    -843.499        2340.668    -844.014             230             230
   96        2281.111   -1009.810        2280.947   -1010.382              96              96
  151        1192.250   -1392.046        1192.230   -1392.471             151             151
  187          89.322     362.091          89.889     362.015             187             187
  158        -635.074   -1046.967        -634.918   -1046.785             158             158
  251       -3041.040    -268.258       -3041.018    -267.457             251             251
  207         283.419     -10.560         283.374     -10.680             207             207
   37       -1762.398    -606.089       -1762.557    -605.604              37              37
  255        -295.431    -775.328        -295.665    -775.450             255             255
  202       -2364.456    1090.122       -2364.198    1090.675             202             202
   38       -1654.415     224.213       -1654.715     224.717              38              38
  237        -921.327     211.016        -921.768     211.291             237             237
  107         748.589     570.953         748.392     570.797             107             107
   94        -228.676    -274.794        -228.936    -274.649              94              94
   34       -1067.012     145.126       -1067.279     145.464              34              34
  131         -41.475     629.869         -41.746     630.020             131             131
   75        1670.349   -1216.673        1669.764   -1217.159              75              75
  234        -229.663    1253.844        -229.318    1253.921             234             234
  151         672.786     -46.829         672.816     -46.847             151             151
  157       -1310.793      19.399       -1310.704      19.973             157             157
  251       -1963.342    -363.840       -1963.711    -363.082             251             251
   21         184.900     124.306         184.634     124.466              21              21
    0       -1390.870   -1440.444       -1391.611   -1439.841               0               0
  204        -107.148   -1717.185        -108.078   -1717.336             204             204
  143          23.887     799.882          23.852     799.655             143             143
   53        -625.807      75.525        -626.058      75.633              53              53
  212        -181.434    1627.878        -181.209    1628.063             212             212
  109        -864.658    -420.368        -865.082    -419.799             109             109
  204        -891.993    -339.262        -892.526    -338.755             204             204
   39         -30.314   -1465.365         -31.171   -1465.310              39              39
  217       -1834.001     501.360       -1834.421     501.944             217             217
    1         818.993    -146.031         818.271    -146.062               1               1
    6         -52.735   -1915.232         -53.890   -1915.177               6               6
  167         759.137    -284.089         758.515    -284.506             167             167
  155         747.196     537.325         747.000     537.088             155             155
  185        -776.543    -935.754        -777.318    -935.508             185             185
  109        1053.930     281.135        1053.470     280.715             109             109
   21         699.850     979.281         699.806     979.209              21              21
  211        -781.672     156.742        -782.146     157.435             211             211
  216        1490.940   -2913.289        1489.421   -2913.598             216             216
   36        1663.887       5.025        1663.663       4.469              36              36
  114        -817.069   -2318.417        -818.037   -2318.264             114             114
  135        -337.881    -168.195        -338.437    -168.413             135             135
  243         100.407     344.182          99.916     343.987             243             243
   71         622.222     630.294         621.823     630.180              71              71
   19         862.511   -1241.852         861.592   -1242.048              19              19
  249         645.989    -331.971         645.461    -332.210             249             249
  131        -428.829    -903.982        -429.637    -903.893             131             131
   42         -58.583    -292.435         -59.383    -292.479              42              42
  116          13.340   -1068.605          12.130   -1068.722             116             116
   72        1157.593      53.809        1156.689      53.329              72              72
  184        2203.691   -1156.450        2202.666   -1157.286             184             184
  213        -924.060      47.758        -924.863      47.920             213             213
  184        3239.429    -876.086        3238.348    -877.238             184             184
  120        -277.317   -1223.083        -278.307   -1223.288             120             120
  243        -646.225     265.006        -647.203     264.858             243             243
  228         624.859    1349.071         623.971    1348.892             228             228
  231        -933.511   -2017.379        -935.975   -2017.025             231             231
  240        1538.060   -1262.246        1535.270   -1263.101             240             240
  202         236.867    -647.609         233.323    -648.200             202             202
  141         574.074    1047.572         567.690    1047.008             141             141
