SINAL     NFT                         FFT                         NFT INVERSA     FFT INVERSA
-----     -----------------------     -----------------------     -----------     -----------
  120       60452.000       0.000       60452.000       0.000             120             120
  208        -913.631     673.360        -913.619     673.361             208             208
   36        1703.193    1533.819        1703.207    1533.818              36              36
  154        1710.033    -108.053        1710.048    -108.053             154             154
  239       -3242.853   -1201.449       -3242.841   -1201.441             239             239
   79        -948.086    1345.622        -948.076    1345.625              79              79
  100        2839.679     184.190        2839.689     184.184             100             100
  186        -266.533    -474.323        -266.520    -474.319             186             186
   53         620.679    -679.543         620.687    -679.543              53              53
  209         105.898    -271.679         105.908    -271.677             209             209
  172         306.609    -526.359         306.613    -526.358             172             172
  103        2704.342   -1577.820        2704.347   -1577.837             103             103
  118       -1124.169    -942.831       -1124.157    -942.829             118             118
  190         513.971     979.396         513.988     979.387             190             190
  105         992.572     822.806         992.590     822.801             105             105
   34         474.198    -774.974         474.206    -774.972              34              34
   36         753.773    -948.259         753.778    -948.268              36              36
  237        1234.144    -462.541        1234.161    -462.561             237             237
   28       -1624.443     255.686       -1624.424     255.697              28              28
   27         767.350     698.067         767.364     698.058              27              27
   40         335.582    -189.062         335.588    -189.064              40              40
  193        2252.161    -149.418        2252.176    -149.447             193             193
  203         491.373   -1522.885         491.378   -1522.902             203             203
  246         784.074     806.169         784.112     806.138             246             246
   51         -53.376    2419.595         -53.311    2419.594              51              51
   85        -216.502     -51.874        -216.478     -51.865              85              85
  163        -445.973    1465.618        -445.929    1465.633             163             163
   32        1049.410    -582.314        1049.427    -582.320              32              32
   21        -913.236     872.014        -913.185     872.040              21              21
    6       -1212.922    -466.960       -1212.907    -466.922               6               6
   91       -1101.595   -1209.534       -1101.607   -1209.510              91              91
  234        -507.199    -270.626        -507.203    -270.621             234             234
   54         861.841    -684.099         861.835    -684.129              54              54
  237         603.543    1098.733         603.589    1098.713             237             237
  121        -466.099    -524.148        -466.083    -524.143             121             121
   14       -1025.456     885.000       -1025.422     885.014              14              14
   91        -129.440    1080.479        -129.409    1080.488              91              91
  177         592.299      15.089         592.316      15.087             177             177
    0        -430.197    -396.867        -430.181    -396.856               0               0
   63        -905.413     558.624        -905.382     558.644              63              63
  202       -1217.568     452.419       -1217.554     452.453             202             202
   79       -1302.071     408.692       -1302.086     408.733              79              79
  142        2210.436     176.084        2210.428     176.032             142             142
   58        -592.357      81.462        -592.357      81.483              58              58
  171        1774.321     402.356        1774.323     402.311             171             171
  226        2455.547     140.597        2455.585     140.531             226             226
   74        -398.246     716.898        -398.179     716.908              74              74
   50        -783.226    2255.357        -783.148    2255.404              50              50
   31        1989.682     802.936        1989.732     802.935              31              31
  107        -597.372    -709.558        -597.353    -709.479             107             107
  175         810.303   -1245.362         810.302   -1245.336             175             175
  150        -469.774   -3275.183        -469.826   -3275.159             150             150
   37       -2059.477    -815.027       -2059.482    -814.989              37              37
  187         620.241      22.484         620.255      22.443             187             187
  165       -1531.131     518.612       -1531.100     518.668             165             165
   17         720.413   -1360.925         720.376   -1360.950              17              17
  117       -1248.748    -186.406       -1248.741    -186.379             117             117
  232        -957.585    -525.567        -957.629    -525.549             232             232
  101        2219.519    -979.506        2219.480    -979.634             101             101
  176        -340.899    2068.069        -340.794    2068.052             176             176
   40        -596.891    -781.506        -596.929    -781.513              40              40
  126        3313.861    3040.805        3314.012    3040.651             126             126
  163       -1173.516    2096.816       -1173.360    2096.899             163             163
   22        -814.445     888.976        -814.374     889.065              22              22
  255        -351.979     722.260        -351.915     722.345             255             255
   52       -1559.572    -861.610       -1559.588    -861.476              52              52
  182       -1034.360   -1507.501       -1034.440   -1507.423             182             182
  116         699.433   -1150.566         699.379   -1150.601             116             116
   66        -761.622     750.606        -761.583     750.643              66              66
   47        -304.957      97.743        -304.973      97.793              47              47
  137        1383.098    -780.837        1383.064    -780.859             137             137
  142         625.254   -2052.084         625.209   -2052.114             142             142
  253       -1687.131     360.922       -1687.097     360.988             253             253
  173        1804.409   -1097.365        1804.388   -1097.457             173             173
  190       -2323.229     225.299       -2323.182     225.398             190             190
  135        -242.013   -1088.619        -242.076   -1088.627             135             135
   55        -319.365     640.159        -319.332     640.145              55              55
   89        -753.199     401.333        -753.191     401.365              89              89
  210         -39.510    -368.660         -39.550    -368.679             210             210
   10        -122.466    2471.950        -122.376    2471.983              10              10
   99        2396.587   -1849.196        2396.503   -1849.282              99              99
  103         110.655     -57.597         110.724     -57.623             103             103
   96        -978.465     916.636        -978.360     916.695              96              96
  251       -1899.495    -433.590       -1899.513    -433.475             251             251
   50        -379.470     724.596        -379.455     724.637              50              50
  135        -912.972    -525.208        -913.043    -525.125             135             135
   41        1666.202   -1074.792        1666.130   -1074.886              41              41
   28        -444.960    -528.857        -444.957    -528.881              28              28
   12       -1399.026    2488.608       -1398.897    2488.687              12              12
   41         104.958    -303.694         104.905    -303.651              41              41
   61        -151.212     393.078        -151.216     393.124              61              61
  124         -55.770    -466.941         -55.833    -466.903             124             124
   29         636.327     665.478         636.339     665.489              29              29
  123         637.929    -499.082         637.904    -499.036             123             123
  139       -1488.379   -2817.330       -1488.582   -2817.218             139             139
  219        1062.868    -579.353        1062.759    -579.451             219             219
  237        2229.537    -707.318        2229.495    -707.490             237             237
   90         -45.083     -29.603         -45.045     -29.637              90              90
  140        -528.695    1032.084        -528.639    1032.124             140             140
  122        1288.735     -16.555        1288.729     -16.575             122             122
   59         127.309   -2230.172         127.198   -2230.162              59              59
   46       -1492.300    -545.736       -1492.369    -545.661              46              46
  192        2036.587   -2076.044        2036.416   -2076.242             192             192
  206          12.612    1120.750          12.693    1120.686             206             206
   56        1281.102    -917.288        1281.062    -917.405              56              56
  167       -1070.840    -432.767       -1070.865    -432.764             167             167
   67        1410.210      87.112        1410.212      86.937              67              67
   10        -592.509     626.902        -592.460     626.878              10              10
   92         819.211    -106.110         819.194    -106.247              92              92
  210         503.876    1868.009         504.036    1867.901             210             210
    3        -807.826    2073.994        -807.659    2074.060               3               3
   57       -2064.314     231.898       -2064.391     232.065              57              57
   64        2057.981    1462.095        2057.964    1461.976              64              64
   34        1714.849    -298.981        1714.791    -299.079              34              34
  178        1308.338    1623.633        1308.445    1623.578             178             178
   17        1604.140    -336.560        1604.124    -336.603              17              17
   65        1163.781    -949.251        1163.738    -949.328              65              65
   35         955.525     795.695         955.597     795.621              35              35
   32        3186.261     -10.425        3186.356     -10.648              32              32
    8        -432.463     918.953        -432.240     919.030               8               8
    3       -1387.806   -1128.984       -1387.846   -1128.851               3               3
   62         447.681     729.665         447.736     729.632              62              62
   50         408.382     436.150         408.435     436.168              50              50
  135         -18.601    -457.539         -18.635    -457.485             135             135
   55         523.244     387.968         523.247     388.008              55              55
  149        2033.419   -2718.551        2033.211   -2718.683             149             149
   91        1648.170    -424.140        1648.229    -424.318              91              91
  131          72.843    -604.906          72.894    -604.929             131             131
   45         838.105   -2483.811         838.001   -2484.000              45              45
   26       -1421.627    2099.608       -1421.404    2099.606              26              26
   55        2371.269    -395.120        2371.309    -395.389              55              55
   44       -1277.232    2019.362       -1276.937    2019.427              44              44
   19        -814.490    -438.394        -814.495    -438.351              19              19
  122         107.667    1676.860         107.838    1676.815             122             122
  162       -1120.749    1131.319       -1120.663    1131.459             162             162
   58         598.032    -727.176         597.911    -727.217              58              58
   19        2084.997     540.626        2085.068     540.398              19              19
   35         823.651    1149.252         823.859    1149.161              35              35
  229        -483.307    1061.713        -483.137    1061.775             229             229
   27        1342.753     561.386        1342.906     561.288              27              27
  249       -1829.798    1662.530       -1829.559    1662.762             249             249
   23        -294.441     122.553        -294.431     122.693              23              23
  189         204.364    -951.968         204.290    -951.927             189             189
   42        -542.454    -573.495        -542.517    -573.457              42              42
  183        1050.994     -13.425        1050.974     -13.577             183             183
   93        1458.602    1821.683        1458.837    1821.555              93              93
   91         737.056    -433.072         737.166    -433.101              91              91
   99       -2547.072    -134.895       -2547.029    -134.696              99              99
  178         736.089    1798.361         736.237    1798.268             178             178
  205         -54.655     937.985         -54.547     938.013             205             205
  177          78.958    2110.933          79.153    2110.990             177             177
  108        1631.368    1708.280        1631.589    1708.282             108             108
  183        -826.887     965.318        -826.712     965.638             183             183
   69        -926.946   -1818.453        -927.176   -1818.173              69              69
  160        2644.676    -916.699        2644.584    -916.884             160             160
  220         623.271     -86.636         623.379     -86.618             220             220
  111          24.731    -471.563          24.778    -471.452             111             111
   38         690.439   -2214.320         690.323   -2214.365              38              38
   10        -577.598     790.706        -577.400     790.768              10              10
  180       -1098.238    -480.105       -1098.250    -479.922             180             180
  215         339.300    -462.207         339.255    -462.178             215             215
  233         605.780   -1201.871         605.706   -1201.897             233             233
  117          91.745   -1170.609          91.697   -1170.658             117             117
   29          75.383     579.592          75.521     579.547              29              29
   32        -801.702     436.075        -801.631     436.200              32              32
   86        1589.821    -355.041        1589.842    -355.155              86              86
  205        -278.928     -59.739        -278.798     -59.646             205             205
   38       -1125.443    -914.635       -1125.470    -914.449              38              38
  205       -1047.280   -1780.188       -1047.518   -1780.104             205             205
  152        2261.057     219.862        2261.102     219.539             152             152
  247        -254.264     816.044        -254.060     816.083             247             247
    9         463.319    -290.880         463.396    -290.866               9               9
  225        -796.677    -893.061        -796.674    -892.937             225             225
  175        -437.235   -1008.650        -437.291   -1008.620             175             175
  212        -810.299    -439.444        -810.344    -439.403             212             212
    8        1550.527    -333.327        1550.558    -333.556               8               8
  216       -1441.288      -1.180       -1441.195      -1.066             216             216
  131        -312.250    -471.776        -312.308    -471.814             131             131
  111         190.489     325.940         190.518     325.802             111             111
   67        1213.237    2234.596        1213.550    2234.445              67              67
  101         192.597      34.267         192.716      34.302             101             101
  226        -235.084     926.770        -234.889     926.849             226             226
  215         781.056     244.372         781.206     244.360             215             215
  238        -975.305    1232.133        -975.042    1232.408             238             238
  168         366.195   -1331.367         366.139   -1331.208             168             168
  170        -936.018   -2192.521        -936.190   -2192.315             170             170
  248        1308.002   -3241.912        1307.765   -3242.186             248             248
  131       -1685.850     628.477       -1685.570     628.506             131             131
   99       -1788.177    -455.432       -1788.147    -455.328              99              99
   93       -1405.863     881.864       -1405.753     881.941              93              93
  154        -519.700       4.204        -519.715       4.192             154             154
  203        -274.204    1974.682        -273.943    1974.722             203             203
  244        -926.045    -255.866        -926.085    -255.655             244             244
  254         833.394   -1283.134         833.261   -1283.248             254             254
  178        -380.125    -461.258        -380.074    -461.330             178             178
   74        -944.614     927.324        -944.410     927.318              74              74
  220       -1209.308    1786.890       -1209.037    1787.017             220             220
  226       -1596.078    1659.875       -1595.917    1660.188             226             226
   61         475.188      76.688         475.151      76.798              61              61
   35        -421.783   -1205.491        -421.922   -1205.345              35              35
   86        -252.697    -517.883        -252.743    -517.841              86              86
   48       -1063.063     -77.477       -1063.093     -77.317              48              48
  124         242.448   -1417.658         242.232   -1417.732             124             124
   25        -522.900     633.771        -522.836     633.764              25              25
  208         804.863     -20.492         804.892     -20.621             208             208
   40       -1591.253     171.053       -1591.219     171.244              40              40
  228          60.428    -236.618          60.320    -236.654             228             228
   46         460.794    -340.337         460.728    -340.489              46              46
   49        -545.629    1594.529        -545.479    1594.578              49              49
  155        2856.508    -961.076        2856.444    -961.476             155             155
   50       -1693.248     573.326       -1693.059     573.471              50              50
  212        1562.324     250.345        1562.447     250.048             212             212
   36       -1685.971    1199.174       -1685.699    1199.338              36              36
  242         499.123     412.617         499.241     412.464             242             242
  195       -1438.713    2994.813       -1438.232    2995.011             195             195
   27       -1742.234    1688.119       -1742.146    1688.554              27              27
   78        3347.747    -481.740        3347.643    -482.052              78              78
  125         249.317     101.879         249.522     101.872             125             125
  204         540.975    2207.052         541.523    2207.095             204             204
   29       -2087.507     328.369       -2087.270     328.904              29              29
   51       -1184.695     103.993       -1184.613     104.428              51              51
  117       -1734.089   -2538.361       -1734.465   -2537.970             117             117
   24        -466.065    -947.347        -466.274    -947.331              24              24
  132         314.332    1277.742         314.510    1277.759             132             132
   57        -790.206   -2538.947        -790.583   -2538.817              57              57
  221        1177.900     540.784        1178.027     540.489             221             221
  176          20.898    1101.887          21.273    1101.900             176             176
   13       -3106.816    -917.418       -3106.876    -916.977              13              13
   75        -542.128    1733.670        -541.946    1733.739              75              75
   19       -1174.146     440.094       -1174.178     440.372              19              19
   35        1292.708      -2.455        1292.693      -2.581              35              35
  244       -1056.688    1116.367       -1056.436    1116.640             244             244
  247       -1675.851    -468.404       -1675.981    -468.005             247             247
  222        -265.587     -24.847        -265.743     -24.701             222             222
   21        1373.711    -364.417        1373.620    -364.526              21              21
   36         301.040     109.216         301.175     109.311              36              36
  141       -1196.705   -2781.752       -1197.036   -2781.601             141             141
  147       -1490.392    2465.538       -1490.051    2465.751             147             147
  109        -150.334   -1136.731        -150.580   -1136.575             109             109
   38        -684.278    -553.004        -684.411    -552.889              38              38
  116       -1774.018    -128.652       -1774.283    -128.397             116             116
   81        4131.517    1190.607        4131.624    1190.045              81              81
  226        -607.734    -898.536        -607.708    -898.301             226             226
  207        -247.228   -1240.556        -247.377   -1240.517             207             207
   71         372.717     259.663         372.838     259.565              71              71
  187       -1105.481     671.046       -1105.321     671.293             187             187
  227         -34.691   -1293.477         -34.901   -1293.445             227             227
   19         -87.776    1347.503         -87.529    1347.561              19              19
  198        -392.150    -394.721        -392.195    -394.488             198             198
   70         488.696    -946.835         488.604    -946.788              70              70
   27        -368.008   -1292.664        -368.085   -1292.543              27              27
  156       -1472.442   -1912.336       -1472.692   -1912.185             156             156
  176        -823.989     866.128        -823.881     866.204             176             176
   64        -188.811    -992.444        -188.985    -992.359              64              64
   82       -1105.492   -2617.651       -1105.957   -2617.634              82              82
   63        -392.589     983.066        -392.542     982.902              63              63
  127        1308.000       0.318        1308.000       0.000             127             127
  134        -392.492    -982.738        -392.541    -982.903             134             134
   26       -1106.439    2617.614       -1105.962    2617.633              26              26
   79        -189.166     992.270        -188.987     992.358              79              79
  129        -823.767    -866.283        -823.880    -866.204             129             129
  205       -1472.958    1912.021       -1472.696    1912.181             205             205
   81        -368.169    1292.413        -368.087    1292.541              81              81
   88         488.504     946.740         488.603     946.789              88              88
    4        -392.244     394.241        -392.196     394.489               4               4
  216         -87.260   -1347.627         -87.527   -1347.563             216             216
   80         -35.131    1293.409         -34.903    1293.444              80              80
  241       -1105.145    -671.570       -1105.319    -671.298             241             241
  162         372.972    -259.455         372.839    -259.564             162             162
  184        -247.544    1240.471        -247.378    1240.515             184             184
  201        -607.681     898.037        -607.710     898.299             201             201
   14        4131.748   -1189.403        4131.628   -1190.036              14              14
  222       -1774.585     128.103       -1774.283     128.393             222             222
  113        -684.571     552.751        -684.416     552.885             113             113
  140        -150.868    1136.394        -150.582    1136.574             140             140
  100       -1489.647   -2466.004       -1490.046   -2465.755             100             100
  239       -1197.429    2781.419       -1197.041    2781.598             239             239
  103         301.333    -109.424         301.175    -109.312             103             103
   74        1373.512     364.655        1373.620     364.526              74              74
   99        -265.928      24.524        -265.743      24.700              99              99
   70       -1676.136     467.521       -1675.980     468.003              70              70
  137       -1056.128   -1116.976       -1056.435   -1116.642             137             137
  154        1292.676       2.736        1292.693       2.581             154             154
   30       -1174.216    -440.718       -1174.177    -440.374              30              30
  225        -541.715   -1733.826        -541.943   -1733.740             225             225
   67       -3106.954     916.415       -3106.878     916.969              67              67
    0          21.749   -1101.914          21.275   -1101.899              -0               0
  225        1178.190    -540.111        1178.029    -540.486             225             225
   57        -791.073    2538.648        -790.586    2538.816              57              57
  240         314.745   -1277.779         314.512   -1277.758             240             240
   15        -466.551     947.308        -466.276     947.329              15              15
  242       -1734.967    2537.450       -1734.470    2537.967             242             242
  245       -1184.502    -105.010       -1184.612    -104.431             245             245
   55       -2086.951    -329.631       -2087.268    -328.911              55              55
  103         542.269   -2207.151         541.528   -2207.094             103             103
  107         249.801    -101.862         249.523    -101.871             107             107
  211        3347.499     482.490        3347.642     482.059             211             211
   14       -1742.017   -1689.161       -1742.141   -1688.558              14              14
    4       -1437.550   -2995.293       -1438.224   -2995.016               4               4
    7         499.409    -412.247         499.244    -412.462               7               7
  190       -1685.311   -1199.575       -1685.696   -1199.341             190             190
  145        1562.626    -249.620        1562.450    -250.045             145             145
  103       -1692.784    -573.682       -1693.057    -573.473             103             103
   99        2856.349     962.064        2856.441     961.484              99              99
  131        -545.254   -1594.652        -545.475   -1594.580             131             131
   53         460.625     340.715         460.724     340.489              53              53
   62          60.160     236.708          60.320     236.655              62              62
   47       -1591.170    -171.536       -1591.221    -171.249              47              47
  239         804.936      20.820         804.892      20.623             239             239
  197        -522.736    -633.757        -522.834    -633.767             197             197
  163         241.897    1417.850         242.229    1417.734             163             163
  119       -1063.139      77.067       -1063.092      77.314             119             119
  109        -252.819     517.777        -252.745     517.842             109             109
   63        -422.146    1205.115        -421.925    1205.345              63              63
   24         475.092     -76.973         475.151     -76.798              24              24
   43       -1595.652   -1660.694       -1595.911   -1660.192              43              43
  219       -1208.596   -1787.222       -1209.033   -1787.017             219             219
  239        -944.072    -927.312        -944.405    -927.322             239             239
  101        -379.990     461.450        -380.074     461.331             101             101
  203         833.041    1283.438         833.258    1283.250             203             203
   99        -926.152     255.303        -926.085     255.655              99              99
  216        -273.496   -1974.788        -273.939   -1974.722             216             216
    6        -519.737      -4.174        -519.714      -4.193               6               6
  245       -1405.555    -882.080       -1405.748    -881.945             245             245
   29       -1788.096     455.144       -1788.147     455.326              29              29
  159       -1685.077    -628.563       -1685.566    -628.510             159             159
   56        1307.339    3242.670        1307.759    3242.188              56              56
  249        -936.501    2191.948        -936.195    2192.313             249             249
  253         366.033    1330.927         366.135    1331.210             253             253
  230        -974.561   -1232.907        -975.037   -1232.411             230             230
  183         781.480    -244.335         781.207    -244.359             183             183
   15        -234.525    -926.996        -234.884    -926.850              15              15
   85         192.937     -34.365         192.717     -34.300              85              85
   71        1214.144   -2234.156        1213.558   -2234.440              71              71
  123         190.575    -325.545         190.520    -325.803             123             123
  223        -312.416     471.885        -312.308     471.814             223             223
  207       -1441.018       0.843       -1441.194       1.063             207             207
  149        1550.614     334.008        1550.556     333.561             149             149
   31        -810.433     439.320        -810.345     439.401              31              31
  244        -437.399    1008.563        -437.291    1008.620             244             244
    3        -796.667     892.690        -796.674     892.935               3               3
   20         463.549     290.841         463.396     290.868              20              20
  241        -253.646    -816.168        -254.057    -816.087             241             241
  191        2261.195    -218.877        2261.104    -219.533             191             191
   67       -1048.010    1779.930       -1047.521    1780.102              67              67
   72       -1125.530     914.061       -1125.472     914.447              72              72
  219        -278.525      59.453        -278.797      59.645             219             219
   13        1589.886     355.402        1589.842     355.160              13              13
   78        -801.478    -436.465        -801.629    -436.200              78              78
    8          75.818    -579.451          75.522    -579.546               8               8
   82          91.588    1170.765          91.694    1170.659              82              82
  150         605.540    1201.956         605.702    1201.898             150             150
  213         339.157     462.113         339.256     462.178             213             213
  238       -1098.280     479.512       -1098.252     479.920             238             238
  119        -576.951    -790.910        -577.397    -790.769             119             119
   47         690.054    2214.468         690.319    2214.366              47              47
  110          24.884     471.197          24.778     471.451             110             110
  142         623.631      86.578         623.380      86.619             142             142
   98        2644.367     917.320        2644.581     916.888              98              98
   74        -927.718    1817.509        -927.179    1818.168              74              74
  114        -826.298    -966.400        -826.712    -965.640             114             114
  206        1632.127   -1708.277        1631.594   -1708.277             206             206
   96          79.636   -2111.129          79.159   -2110.990              96              96
  191         -54.280    -938.082         -54.544    -938.014             191             191
    9         736.606   -1798.037         736.240   -1798.265               9               9
  103       -2546.922     134.192       -2547.029     134.689             103             103
  196         737.441     433.178         737.165     433.103             196             196
   83        1459.439   -1821.226        1458.843   -1821.552              83              83
   36        1050.927      13.964        1050.977      13.578              36              36
  178        -542.684     573.354        -542.520     573.454             178             178
   27         204.095     951.821         204.289     951.927              27              27
   36        -294.402    -123.065        -294.430    -122.695              36              36
  123       -1828.917   -1663.383       -1829.556   -1662.766             123             123
  142        1343.321    -561.021        1342.910    -561.285             142             142
   14        -482.675   -1061.950        -483.135   -1061.778              14              14
   59         824.432   -1148.910         823.863   -1149.159              59              59
  171        2085.262    -539.762        2085.068    -540.394             171             171
  142         597.569     727.335         597.909     727.219             142             142
  143       -1120.413   -1131.855       -1120.658   -1131.461             143             143
   32         108.330   -1676.685         107.842   -1676.814              32              32
  173        -814.507     438.226        -814.495     438.352             173             173
   50       -1276.074   -2019.618       -1276.931   -2019.429              50              50
  150        2371.426     396.183        2371.308     395.394             150             150
  117       -1420.736   -2099.601       -1421.398   -2099.609             117             117
   11         837.685    2484.566         837.999    2484.000              11              11
  226          73.045     605.008          72.893     604.932             226             226
   91        1648.411     424.875        1648.229     424.321              91              91
   30        2032.556    2719.105        2033.207    2718.688              30              30
  117         523.261    -388.122         523.249    -388.005             117             117
  179         -18.742     457.318         -18.635     457.486             179             179
   43         408.608    -436.230         408.437    -436.169              43              43
  114         447.918    -729.527         447.738    -729.632             114             114
   41       -1387.984    1128.405       -1387.849    1128.848              41              41
   21        -431.498    -919.284        -432.237    -919.031              21              21
  254        3186.672      11.414        3186.356      10.656             254             254
   32         955.847    -795.368         955.600    -795.619              32              32
  125        1163.583     949.600        1163.736     949.332             125             125
   75        1604.066     336.769        1604.124     336.610              75              75
  141        1308.828   -1623.378        1308.448   -1623.575             141             141
  236        1714.580     299.432        1714.788     299.083             236             236
   35        2057.914   -1461.544        2057.968   -1461.974              35              35
   72       -2064.668    -232.693       -2064.391    -232.073              72              72
   75        -807.037   -2074.302        -807.655   -2074.061              75              75
  160         504.642   -1867.496         504.041   -1867.899             160             160
  100         819.135     106.766         819.195     106.249             100             100
   84        -592.265    -626.792        -592.457    -626.879              84              84
  169        1410.220     -86.261        1410.212     -86.934             169             169
   24       -1070.964     432.746       -1070.866     432.762              24              24
    4        1280.905     917.869        1281.061     917.407               4               4
   27          13.026   -1120.429          12.696   -1120.684              27              27
   87        2035.717    2077.052        2036.411    2076.247              87              87
  103       -1492.655     545.351       -1492.371     545.658             103             103
  215         126.731    2230.121         127.193    2230.163             215             215
  119        1288.707      16.673        1288.729      16.581             119             119
   25        -528.405   -1032.292        -528.640   -1032.124              25              25
  103         -44.884      29.786         -45.045      29.638             103             103
  240        2229.313     708.236        2229.495     707.491             240             240
  150        1062.275     579.893        1062.757     579.454             150             150
  212       -1489.510    2816.708       -1488.589    2817.215             212             212
   79         637.792     498.829         637.904     499.037              79              79
  166         636.395    -665.534         636.340    -665.488             166             166
  149         -56.130     466.730         -55.834     466.903             149             149
  208        -151.235    -393.341        -151.217    -393.125             208             208
  156         104.648     303.450         104.903     303.652             156             156
   36       -1398.270   -2489.077       -1398.895   -2488.690              36              36
   86        -444.947     528.998        -444.959     528.880              86              86
   90        1665.763    1075.363        1666.127    1074.890              90              90
  247        -913.405     524.699        -913.044     525.122             247             247
   31        -379.381    -724.844        -379.455    -724.637              31              31
  117       -1899.611     432.865       -1899.514     433.470             117             117
  205        -977.806    -917.006        -978.359    -916.696             205             205
   51         111.089      57.761         110.724      57.623              51              51
  114        2396.046    1849.756        2396.502    1849.286             114             114
  180        -121.857   -2472.159        -122.369   -2471.983             180             180
  176         -39.780     368.780         -39.551     368.678             176             176
   52        -753.137    -401.556        -753.188    -401.368              52              52
  225        -319.143    -640.064        -319.332    -640.145             225             225
  124        -242.444    1088.681        -242.076    1088.628             124             124
   55       -2322.899    -225.996       -2323.181    -225.403              55              55
   10        1804.257    1098.020        1804.386    1097.462              10              10
   58       -1686.891    -361.394       -1687.098    -360.990              58              58
  197         624.909    2052.304         625.203    2052.116             197             197
  130        1382.848     781.002        1383.062     780.860             130             130
  213        -305.067     -98.117        -304.971     -97.793             213             213
  195        -761.326    -750.883        -761.583    -750.643             195             195
   65         699.018    1150.835         699.377    1150.603              65              65
  228       -1034.986    1506.889       -1034.443    1507.420             228             228
    3       -1559.705     860.543       -1559.590     861.471               3               3
  164        -351.463    -722.943        -351.914    -722.345             164             164
  129        -813.853    -889.718        -814.372    -889.068             129             129
    3       -1172.193   -2097.517       -1173.355   -2096.902               3               3
  129        3315.177   -3039.474        3314.021   -3040.643             129             129
  222        -597.228     781.570        -596.931     781.514             222             222
  196        -339.953   -2067.909        -340.788   -2068.050             196             196
  123        2219.177     980.655        2219.480     979.637             123             123
  160        -957.988     525.399        -957.631     525.547             160             160
   18       -1248.678     186.144       -1248.741     186.377              18              18
   19         720.051    1361.169         720.373    1360.952              19              19
   31       -1530.839    -519.160       -1531.101    -518.672              31              31
  188         620.380     -22.077         620.256     -22.440             188             188
  218       -2059.543     814.634       -2059.484     814.985             218             218
   10        -470.331    3274.940        -469.834    3275.158              10              10
  102         810.286    1245.106         810.299    1245.338             102             102
  190        -597.186     708.718        -597.354     709.476             190             190
  230        1990.223    -802.909        1989.734    -802.933             230             230
   71        -782.323   -2255.888        -783.141   -2255.408              71              71
  200        -397.479    -717.004        -398.176    -716.908             200             200
  226        2455.980    -139.795        2455.585    -140.524             226             226
  243        1774.356    -401.808        1774.325    -402.306             243             243
  215        -592.351     -81.712        -592.356     -81.484             215             215
   90        2210.338    -175.440        2210.429    -176.028              90              90
   66       -1302.249    -409.217       -1302.084    -408.737              66              66
   66       -1217.380    -452.873       -1217.552    -452.456              66              66
   38        -904.996    -558.889        -905.381    -558.646              38              38
   98        -429.993     396.716        -430.181     396.855              98              98
   67         592.538     -15.054         592.316     -15.085              67              67
  194        -128.990   -1080.608        -129.407   -1080.487             194             194
  200       -1024.943    -885.206       -1025.419    -885.016             200             200
  187        -465.863     524.066        -466.086     524.141             187             187
    0         604.279   -1098.417         603.593   -1098.712               0               0
  210         861.733     684.577         861.833     684.129             210             210
    9        -507.265     270.540        -507.203     270.621               9               9
   68       -1101.817    1209.105       -1101.609    1209.507              68              68
  137       -1212.680     466.272       -1212.908     466.920             137             137
  153        -912.315    -872.497        -913.185    -872.041             153             153
  234        1049.741     582.468        1049.428     582.324             234             234
  146        -445.082   -1465.937        -445.926   -1465.637             146             146
  176        -215.982      51.681        -216.475      51.865             176             176
  149         -51.935   -2419.564         -53.306   -2419.592             149             149
   38         784.963    -805.449         784.115    -806.136              38              38
   94         491.482    1523.301         491.376    1522.902              94              94
   66        2252.519     150.157        2252.176     149.452              66              66
  183         335.737     189.136         335.586     189.067             183             183
  124         767.786    -697.776         767.370    -698.054             124             124
   62       -1623.886    -256.035       -1624.422    -255.701              62              62
   59        1234.659     463.153        1234.159     462.565              59              59
   18         753.936     948.563         753.777     948.269              18              18
  167         474.441     774.973         474.205     774.973             167             167
   59         993.321    -822.593         992.594    -822.799              59              59
   22         514.693    -979.008         513.990    -979.386              22              22
  140       -1123.751     942.750       -1124.161     942.828             140             140
   37        2704.515    1578.734        2704.344    1577.844              37              37
  145         306.863     526.304         306.614     526.358             145             145
  131         106.451     271.601         105.907     271.677             131             131
  173         621.194     679.607         620.686     679.545             173             173
    1        -265.713     473.979        -266.523     474.317               1               1
  103        2840.568    -183.529        2839.690    -184.179             103             103
  223        -946.912   -1345.965        -948.073   -1345.627             223             223
  244       -3241.483    1200.342       -3242.844    1201.436             244             244
  149        1712.556     108.316        1710.048     108.058             149             149
    9        1706.774   -1533.384        1703.210   -1533.814               9               9
  245        -907.155    -673.523        -913.617    -673.362             245             245
