SINAL     NFT                         FFT                         NFT INVERSA     FFT INVERSA
-----     -----------------------     -----------------------     -----------     -----------
  166       64470.000       0.000       64470.000       0.000             166             166
  166          -8.359   -2105.449          -8.346   -2105.449             166             166
   49        1434.983     480.631        1434.997     480.630              49              49
  248        -138.972    -521.893        -138.959    -521.892             248             248
  178        3199.102    -180.541        3199.116    -180.549             178             178
   52       -1257.453    -175.157       -1257.438    -175.154              52              52
  245        1722.564    -178.754        1722.577    -178.761             245             245
   39         663.947    1921.632         663.973    1921.631              39              39
  252        -948.721     379.767        -948.702     379.780             252             252
  242        -272.852    -959.948        -272.844    -959.939             242             242
  166       -1034.572    -842.047       -1034.569    -842.036             166             166
  210        1646.158    -560.915        1646.161    -560.921             210             210
  150        2510.524    -761.933        2510.535    -761.946             150             150
  213         334.560   -1917.207         334.571   -1917.206             213             213
  126        -998.542   -1954.162        -998.540   -1954.159             126             126
  206         166.489    -180.772         166.498    -180.783             206             206
  171        2085.703    -424.017        2085.718    -424.046             171             171
   16       -1457.092     -85.108       -1457.074     -85.102              16              16
   16        1782.645    1348.101        1782.676    1348.076              16              16
  102         671.908    1418.678         671.951    1418.681             102             102
  104         529.282   -1826.943         529.291   -1826.941             104             104
   59        -947.698    -200.199        -947.668    -200.189              59              59
  186       -1494.369    -329.023       -1494.351    -329.005             186             186
   24          46.872     356.305          46.897     356.304              24              24
  168       -1206.816      -3.280       -1206.793      -3.254             168             168
  173       -1860.320   -1080.907       -1860.327   -1080.875             173             173
  109          86.525    -528.009          86.522    -528.013             109             109
  220        -802.436   -1086.918        -802.444   -1086.912             220             220
  153       -1337.088    -744.223       -1337.106    -744.218             153             153
  191         792.892    1638.749         792.909    1638.730             191             191
   49        3057.867   -1966.235        3057.855   -1966.298              49              49
    4       -1745.096     915.231       -1745.041     915.244               4               4
  140       -2007.040    -236.588       -2007.042    -236.559             140             140
  144        -458.530     -61.563        -458.548     -61.576             144             144
   28         970.093    1973.581         970.124    1973.546              28              28
  193         667.284     415.182         667.293     415.167             193             193
   21         392.552    1065.414         392.574    1065.405              21              21
  191         961.047     784.188         961.058     784.175             191             191
  246        2729.776    -617.180        2729.774    -617.246             246             246
   67         976.547     919.191         976.606     919.151              67              67
   71         909.224    2584.589         909.332    2584.580              71              71
  203        -274.587     -36.493        -274.546     -36.456             203             203
  166       -1389.435     739.027       -1389.401     739.090             166             166
   66         807.607    -128.572         807.606    -128.562              66              66
  197         842.452    -591.133         842.454    -591.129             197             197
   18        1116.413    -912.176        1116.423    -912.189              18              18
   74        -847.146   -1704.013        -847.164   -1703.993              74              74
  184         842.544    -105.947         842.569    -105.991             184             184
  164        -373.307      40.820        -373.267      40.818             164             164
  226       -1125.645    -199.542       -1125.631    -199.523             226             226
  249        -645.517     723.606        -645.497     723.611             249             249
   23          38.926     383.457          38.920     383.442              23              23
  211        2921.683    2038.150        2921.771    2038.065             211             211
    6        -386.064    -146.349        -386.015    -146.309               6               6
  202        -560.780    1201.283        -560.712    1201.344             202             202
  167          -0.971   -2731.935          -1.049   -2731.914             167             167
  139         280.781      -7.826         280.798      -7.856             139             139
  232        1432.488    -208.481        1432.534    -208.549             232             232
  193       -2782.352     700.874       -2782.290     700.965             193             193
  203        -830.214    -102.838        -830.251    -102.819             203             203
   20        2061.586    2241.408        2061.662    2241.344              20              20
  114         474.610    -731.579         474.605    -731.560             114             114
   33        1997.024    -724.794        1997.052    -724.870              33              33
   38       -1525.076      41.339       -1525.012      41.382              38              38
   33        -899.234    1307.645        -899.170    1307.685              33              33
   92         977.415     254.649         977.441     254.635              92              92
   54         756.593    -622.739         756.625    -622.761              54              54
  111       -1461.981      98.285       -1461.921      98.342             111             111
  209       -1833.549     -91.341       -1833.558     -91.281             209             209
  190        1007.721    2415.765        1007.818    2415.736             190             190
   54         567.940    -799.340         567.943    -799.339              54              54
  136       -1585.827    2289.098       -1585.705    2289.211             136             136
   66         537.941   -1359.760         537.877   -1359.728              66              66
  119        -496.320     141.091        -496.313     141.136             119             119
   47        1449.544     319.373        1449.573     319.351              47              47
  204         522.909   -1608.875         522.886   -1608.873             204             204
    4          90.423    -232.921          90.482    -232.934               4               4
  135       -1362.382    1029.465       -1362.273    1029.558             135             135
  211       -1565.962    -842.644       -1565.990    -842.517             211             211
  115        -786.250   -1391.440        -786.336   -1391.390             115             115
  122         948.655    -477.036         948.647    -477.099             122             122
   75       -1914.847     328.758       -1914.817     328.865              75              75
  177        -115.325   -1042.709        -115.411   -1042.695             177             177
  244         866.061    -372.166         866.047    -372.222             244             244
   72        -963.834    -332.752        -963.850    -332.702              72              72
  255        1141.605   -1604.748        1141.524   -1604.849             255             255
  168        -166.270     974.107        -166.175     974.071             168             168
  237        -300.197     -80.477        -300.157     -80.477             237             237
   42       -2043.908     245.756       -2043.892     245.852              42              42
  176        -459.712    -264.676        -459.779    -264.685             176             176
   79        1427.432    1518.907        1427.519    1518.808              79              79
  155       -1904.000    -173.148       -1904.019    -173.031             155             155
  157         888.056     435.404         888.037     435.345             157             157
    7         487.254    -348.846         487.231    -348.904               7               7
  224        -192.650    1733.788        -192.560    1733.779             224             224
   18        1093.430    1403.085        1093.513    1403.064              18              18
  105         339.520    -267.702         339.533    -267.671             105             105
   21        -483.063     -20.422        -483.054     -20.357              21              21
  183          36.642   -1027.323          36.552   -1027.324             183             183
    1        2256.865     -20.742        2256.895     -20.921               1               1
   54        -428.782     918.636        -428.639     918.645              54              54
  236        -925.130     365.268        -925.064     365.324             236             236
  254        -900.465    1210.316        -900.381    1210.395             254             254
   48        -977.810    -802.862        -977.906    -802.804              48              48
  252        1590.773    2472.400        1590.929    2472.303             252             252
   42       -1367.200     794.042       -1367.153     794.227              42              42
   98        1314.941    -446.282        1314.890    -446.284              98              98
  135        -576.927   -1455.942        -577.036   -1455.877             135             135
  131         980.043     149.117         980.019     149.041             131             131
  147        1883.556    -761.155        1883.535    -761.316             147             147
  181         633.632    1390.686         633.822    1390.605             181             181
   89       -1347.715    2253.444       -1347.518    2253.611              89              89
   67        1749.750   -1407.584        1749.695   -1407.638              67              67
    2        -419.508     690.977        -419.341     691.039               2               2
   22       -2110.231    -485.474       -2110.220    -485.279              22              22
   71        -225.865     112.043        -225.850     112.087              71              71
   89        -949.579    -264.065        -949.579    -263.967              89              89
  221       -2023.997      27.963       -2024.048      28.140             221             221
  196        1214.458    -657.155        1214.359    -657.241             196             196
  233        -946.929    -205.569        -946.959    -205.536             233             233
  120         -12.005    1913.585         -11.914    1913.593             120             120
   55        1790.582     370.282        1790.647     370.211              55              55
   16       -3338.891     418.657       -3338.869     418.987              16              16
  228         241.663      62.421         241.533      62.487             228             228
  119        1405.973    -836.389        1405.829    -836.446             119             119
  224        1519.393     720.686        1519.464     720.637             224             224
  117        -979.509   -1177.978        -979.606   -1177.798             117             117
  224         677.866   -2473.858         677.618   -2473.915             224             224
  213         682.006     164.097         682.000     164.000             213             213
    8         190.610    -956.853         190.502    -956.905               8               8
  188        1114.572     793.462        1114.610     793.339             188             188
  213        1529.285     157.907        1529.328     157.806             213             213
   41         134.004   -1530.440         133.923   -1530.485              41              41
  254         283.932    1502.931         284.088    1502.867             254             254
  194         266.726     158.400         266.761     158.406             194             194
  208         352.880    -692.430         352.840    -692.496             208             208
  151         666.994    3366.929         667.341    3366.938             151             151
  253       -1100.335   -1647.100       -1100.471   -1646.849             253             253
  243        1388.682   -1976.568        1388.522   -1976.693             243             243
   41       -1023.345     588.072       -1023.258     588.145              41              41
  218        -467.070    -712.683        -467.174    -712.630             218             218
  224        -457.716      65.180        -457.818      65.227             224             224
   67        2881.495    -647.872        2881.385    -648.112              67              67
   14        1324.396   -2006.388        1324.297   -2006.573              14              14
  121       -1134.867      91.400       -1134.847      91.368             121             121
   39        2667.239    1523.345        2667.403    1523.035              39              39
   10         330.364    -751.282         330.412    -751.380              10              10
   14        -163.931    2038.043        -163.644    2037.991              14              14
  160       -1432.530    1077.648       -1432.438    1077.803             160             160
   84        2633.285    1123.718        2633.424    1123.521              84              84
  103        -928.301    -294.831        -928.231    -294.697             103             103
  226         322.246     433.429         322.337     433.408             226             226
  124        -145.784     983.732        -145.621     983.806             124             124
   36        -277.590   -1010.524        -277.623   -1010.444              36              36
  237       -1360.612   -1132.204       -1360.701   -1132.140             237             237
   74       -1167.044     892.658       -1167.036     892.647              74              74
  255        1036.935    3315.592        1037.192    3315.510             255             255
  126         200.361      14.376         200.326      14.473             126             126
  132        1263.827    -266.705        1263.804    -266.798             132             132
   76       -1251.139     614.479       -1251.131     614.616              76              76
  217        2726.184     347.403        2726.170     347.124             217             217
  181         588.866    1081.016         589.015    1080.957             181             181
  181        2127.905    1847.580        2128.180    1847.429             181             181
   18         -40.941     904.095         -40.734     904.242              18              18
  177        1330.582     -15.282        1330.710     -15.296             177             177
  229       -1295.914     415.002       -1295.763     415.258             229             229
  156          91.787     -51.550          91.797     -51.421             156             156
   30        1105.228   -1398.085        1105.145   -1398.135              30              30
   70         226.192     212.544         226.340     212.541              70              70
  171        -406.838    -627.250        -406.792    -627.199             171             171
  196        -813.326     234.990        -813.234     235.020             196             196
   85        -135.921    2949.255        -135.550    2949.328              85              85
  168        -950.331     415.125        -950.286     415.402             168             168
  222        1781.557     889.169        1781.729     889.157             222             222
   36       -2094.836    -727.478       -2094.832    -727.057              36              36
  146        -483.546      42.718        -483.583      42.947             146             146
  116         120.041   -1561.455         119.823   -1561.323             116             116
  209         552.208    -294.308         552.162    -294.244             209             209
  125         775.978   -2564.228         775.723   -2564.248             125             125
  245         216.654   -1055.867         216.602   -1055.945             245             245
   76         603.154     168.161         603.295     168.071              76              76
    6       -1953.041   -1021.226       -1953.095   -1021.019               6               6
   48        -224.456    -220.163        -224.515    -220.227              48              48
  138        -272.358    1816.780        -272.173    1816.802             138             138
   54          60.710     200.010          60.697     200.074              54              54
   12        -425.269     352.907        -425.325     353.009              12              12
   73        2894.330    1063.795        2894.455    1063.541              73              73
  242         243.335     655.318         243.542     655.457             242             242
  213        -396.262     200.747        -396.190     201.035             213             213
    6         719.872   -2903.282         719.535   -2903.253               6               6
  212        1180.206     618.177        1180.371     618.089             212             212
  181        -295.386   -1596.296        -295.498   -1596.175             181             181
  177        1403.099    -176.187        1403.170    -176.314             177             177
  177        1366.815   -1273.954        1366.909   -1274.090             177             177
   83       -1927.789     -81.488       -1927.552     -81.237              83              83
  234       -2426.855    -246.771       -2426.861    -246.429             234             234
    1         310.159    1174.625         310.260    1174.755               1               1
   84         785.983   -3571.317         785.584   -3571.307              84              84
  104         368.757   -1031.810         368.774   -1031.946             104             104
  217       -1567.105    -295.983       -1567.060    -295.853             217             217
   98        1530.023    -123.111        1530.133    -123.360              98              98
   42       -1505.095     130.942       -1504.866     131.100              42              42
   36       -1478.335    1041.562       -1478.072    1041.795              36              36
   45       -2415.342    -217.540       -2415.347    -217.132              45              45
  164       -1655.963     197.913       -1656.057     198.234             164             164
  168         856.417    -889.385         856.236    -889.407             168             168
  198       -1189.245     -46.709       -1189.280     -46.474             198             198
  233        1115.977     -10.472        1115.986     -10.471             233             233
  119       -1138.776   -1294.221       -1138.886   -1293.895             119             119
   48        -389.060   -2283.077        -389.339   -2282.957              48              48
   14       -1875.548    -785.552       -1875.701    -785.253              14              14
   41         157.149   -2800.884         156.664   -2800.914              41              41
  167         158.733   -1199.448         158.530   -1199.561             167             167
  124         512.893   -2515.103         512.586   -2515.347             124             124
   50        -912.196    -455.291        -912.185    -455.442              50              50
  178       -2305.882    1516.322       -2305.763    1516.503             178             178
  224         189.250      63.972         189.061      63.952             224             224
   95         665.842   -1292.374         665.508   -1292.511              95              95
   90        2635.557    -842.693        2635.462    -843.211              90              90
   31         333.223     104.310         333.429     104.111              31              31
  102        -852.312     150.747        -852.134     150.765             102             102
  155       -1560.486   -1129.802       -1560.591   -1129.763             155             155
  155       -1745.246    1334.047       -1745.155    1334.074             155             155
  152         510.809    2199.929         511.002    2199.834             152             152
   78         117.473    -613.764         117.341    -613.764              78              78
  222         -29.223     285.830         -29.222     285.768             222             222
  197         488.697    -125.031         488.673    -125.207             197             197
  179        -666.205     907.661        -666.103     907.640             179             179
  234         806.920     889.734         807.007     889.523             234             234
   70         746.375    1801.862         746.700    1801.732              70              70
  254        -192.686     783.892        -192.480     783.949             254             254
   68        -372.609    1655.827        -372.295    1655.964              68              68
   28        -795.329     -73.799        -795.314     -73.607              28              28
   85        -912.292    1661.493        -912.104    1661.701              85              85
  250         976.298    1365.474         976.490    1365.540             250             250
    2        -803.599      14.398        -803.560      14.787               2               2
  255        -587.164    -511.474        -587.301    -511.121             255             255
  235        1146.049   -2788.179        1145.647   -2788.259             235             235
  120       -1224.812    -595.920       -1224.835    -595.796             120             120
   33       -1021.975    -407.091       -1022.099    -406.989              33              33
  214         295.110     352.535         295.118     352.473             214             214
   33       -1055.127     -83.784       -1055.184     -83.572              33              33
  227        -560.572   -1465.608        -560.938   -1465.571             227             227
  209         519.385     525.357         519.362     525.162             209             209
  125       -1154.203    -154.041       -1154.418    -153.990             125             125
  178        2549.902    3306.588        2550.264    3306.237             178             178
   80        1521.659    -576.908        1521.626    -576.926              80              80
   80        1924.354    -870.034        1924.491    -870.264              80              80
  132       -3720.338    -433.311       -3720.283    -432.730             132             132
   26         105.670     875.637         105.677     875.666              26              26
  227         -57.115   -1071.486         -57.349   -1071.439             227             227
  136        -580.326     741.517        -580.327     741.635             136             136
   74        1382.257    -850.563        1382.024    -850.754              74              74
  203         873.617     211.660         873.700     211.511             203             203
  130        -279.162      -7.701        -279.107      -7.618             130             130
  238        -627.904    -666.419        -628.075    -666.319             238             238
  218        1606.000       0.325        1606.000       0.000             218             218
  154        -628.251     666.216        -628.077     666.318             154             154
  130        -279.051       7.531        -279.107       7.617             130             130
  150         873.789    -211.356         873.702    -211.509             150             150
  126        1381.781     850.951        1382.022     850.755             126             126
  227        -580.327    -741.760        -580.326    -741.637             227             227
  117         -57.598    1071.388         -57.351    1071.439             117             117
  246         105.690    -875.698         105.681    -875.667             246             246
  111       -3720.225     432.099       -3720.283     432.723             111             111
  249        1924.634     870.518        1924.489     870.268             249             249
  164        1521.587     576.951        1521.624     576.930             164             164
   61        2550.669   -3305.845        2550.273   -3306.230              61              61
   11       -1154.655     153.930       -1154.419     153.987              11              11
   91         519.334    -524.942         519.360    -525.159              91              91
  104        -561.354    1465.531        -560.943    1465.571             104             104
  237       -1055.250      83.331       -1055.186      83.571             237             237
  231         295.128    -352.401         295.118    -352.472             231             231
   20       -1022.245     406.868       -1022.101     406.987              20              20
  171       -1224.863     595.648       -1224.836     595.793             171             171
  247        1145.171    2788.356        1145.640    2788.262             247             247
    6        -587.463     510.705        -587.302     511.119               6               6
   42        -803.516     -15.250        -803.562     -14.790              42              42
  178         976.723   -1365.616         976.493   -1365.538             178             178
  248        -911.874   -1661.954        -912.100   -1661.704             248             248
   92        -795.294      73.371        -795.312      73.604              92              92
  119        -371.908   -1656.130        -372.292   -1655.964             119             119
  247        -192.226    -784.021        -192.479    -783.950             247             247
   17         747.106   -1801.567         746.704   -1801.728              17              17
  236         807.118    -889.260         807.009    -889.523             236             236
  160        -665.971    -907.617        -666.101    -907.641             160             160
   92         488.641     125.427         488.672     125.206              92              92
   73         -29.220    -285.687         -29.220    -285.765              73              73
  164         117.168     613.764         117.340     613.764             164             164
  237         511.262   -2199.707         511.007   -2199.832             237             237
  216       -1745.029   -1334.118       -1745.151   -1334.079             216             216
   10       -1560.733    1129.707       -1560.594    1129.761              10              10
  171        -851.897    -150.794        -852.134    -150.768             171             171
   31         333.704    -103.842         333.429    -104.109              31              31
  202        2635.329     843.917        2635.459     843.217             202             202
  211         665.051    1292.701         665.505    1292.515             211             211
  185         188.806     -63.926         189.063     -63.953             185             185
   65       -2305.593   -1516.759       -2305.760   -1516.507              65              65
    8        -912.173     455.652        -912.187     455.441               8               8
  116         512.149    2515.693         512.581    2515.351             116             116
   43         158.240    1199.720         158.528    1199.561              43              43
   89         155.962    2800.958         156.655    2800.915              89              89
    5       -1875.922     784.819       -1875.703     785.249               5               5
   30        -389.750    2282.781        -389.344    2282.955              30              30
   88       -1139.049    1293.417       -1138.887    1293.894              88              88
   97        1115.998      10.478        1115.985      10.476              97              97
   18       -1189.330      46.124       -1189.279      46.473              18              18
  198         855.962     889.442         856.233     889.409             198             198
   87       -1656.196    -198.726       -1656.055    -198.239              87              87
   73       -2415.357     216.504       -2415.350     217.125              73              73
   38       -1477.664   -1042.156       -1478.069   -1041.798              38              38
  144       -1504.512    -131.348       -1504.866    -131.103             144             144
  135        1530.305     123.749        1530.134     123.361             135             135
  151       -1566.991     295.644       -1567.061     295.850             151             151
  101         368.801    1032.163         368.773    1031.947             101             101
  218         784.936    3571.293         785.575    3571.309             218             218
  143         310.426   -1174.966         310.263   -1174.755             143             143
   24       -2426.872     245.866       -2426.862     246.422              24              24
   16       -1927.163      80.819       -1927.550      81.231              16              16
   55        1367.063    1274.319        1366.907    1274.094              55              55
  133        1403.288     176.526        1403.170     176.315             133             133
    2        -295.694    1595.969        -295.502    1596.174               2               2
   46        1180.658    -617.933        1180.375    -618.086              46              46
  123         718.948    2903.202         719.529    2903.253             123             123
   75        -396.062    -201.537        -396.188    -201.037              75              75
   89         243.904    -655.701         243.544    -655.458              89              89
  199        2894.672   -1063.084        2894.456   -1063.534             199             199
   16        -425.421    -353.189        -425.323    -353.010              16              16
   50          60.677    -200.191          60.698    -200.075              50              50
   36        -271.832   -1816.842        -272.168   -1816.802              36              36
  201        -224.623     220.344        -224.516     220.227             201             201
  190       -1953.200    1020.630       -1953.098    1021.012             190             190
    4         603.556    -167.906         603.296    -168.071               4               4
   28         216.501    1056.090         216.600    1055.944              28              28
  206         775.235    2564.289         775.716    2564.250             206             206
  136         552.076     294.123         552.162     294.244             136             136
    4         119.405    1561.072         119.822    1561.323               4               4
   68        -483.652     -43.390        -483.582     -42.948              68              68
  209       -2094.826     726.230       -2094.833     727.052             209             209
  229        1782.071    -889.132        1781.732    -889.155             229             229
  173        -950.193    -415.955        -950.284    -415.405             173             173
  126        -134.799   -2949.474        -135.543   -2949.329             126             126
   93        -813.050    -235.082        -813.233    -235.021              93              93
  159        -406.701     627.096        -406.793     627.199             159             159
  204         226.644    -212.535         226.340    -212.542             204             204
   15        1104.967    1398.245        1105.141    1398.139              15              15
  184          91.819      51.152          91.798      51.420             184             184
  153       -1295.443    -415.802       -1295.761    -415.264             153             153
   75        1330.980      15.327        1330.710      15.297              75              75
   96         -40.287    -904.556         -40.731    -904.243              96              96
  219        2128.780   -1847.099        2128.186   -1847.425             219             219
   17         589.343   -1080.826         589.019   -1080.956              17              17
  203        2726.139    -346.507        2726.170    -347.121             203             203
   97       -1251.108    -614.926       -1251.129    -614.619              97              97
   12        1263.752     267.015        1263.804     266.802              12              12
   72         200.250     -14.695         200.328     -14.475              72              72
  198        1037.793   -3315.319        1037.199   -3315.508             198             198
  235       -1167.010    -892.625       -1167.033    -892.649             235             235
  244       -1360.915    1131.987       -1360.704    1132.137             244             244
   59        -277.701    1010.257        -277.624    1010.444              59              59
   86        -145.230    -983.985        -145.619    -983.807              86              86
   66         322.558    -433.352         322.340    -433.406              66              66
   54        -928.061     294.368        -928.231     294.694              54              54
  178        2633.770   -1123.029        2633.428   -1123.515             178             178
  254       -1432.209   -1078.186       -1432.436   -1077.805             254             254
   53        -162.923   -2037.863        -163.639   -2037.992              53              53
   76         330.532     751.624         330.412     751.380              76              76
   84        2667.821   -1522.241        2667.406   -1523.026              84              84
  105       -1134.798     -91.289       -1134.847     -91.371             105             105
  145        1324.032    2007.062        1324.291    2006.578             145             145
   19        2881.095     648.751        2881.384     648.120              19              19
  187        -458.088     -65.355        -457.819     -65.229             187             187
  220        -467.451     712.491        -467.173     712.630             220             220
   62       -1023.020    -588.341       -1023.255    -588.146              62              62
  167        1388.079    1977.034        1388.517    1976.696             167             167
  195       -1100.848    1646.161       -1100.475    1646.847             195             195
  190         668.307   -3366.961         667.347   -3366.937             190             190
  122         352.726     692.679         352.838     692.495             122             122
  112         266.861    -158.421         266.761    -158.406             112             112
  118         284.538   -1502.685         284.092   -1502.867             118             118
  217         133.687    1530.615         133.920    1530.484             217             217
   26        1529.456    -157.508        1529.329    -157.801              26              26
  101        1114.723    -792.975        1114.610    -793.337             101             101
  168         190.177     957.058         190.498     956.906             168             168
   85         681.982    -163.708         682.000    -164.000              85              85
  153         676.842    2474.088         677.610    2473.915             153             153
   24        -979.911    1177.234        -979.609    1177.794              24              24
   95        1519.688    -720.478        1519.466    -720.634              95              95
   73        1405.377     836.630        1405.828     836.448              73              73
   54         241.120     -62.691         241.532     -62.485              54              54
  114       -3338.796    -420.068       -3338.868    -418.996             114             114
   56        1790.860    -369.967        1790.647    -370.206              56              56
  191         -11.604   -1913.618         -11.910   -1913.592             191             191
  210        -947.064     205.420        -946.962     205.533             210             210
  192        1214.025     657.531        1214.357     657.242             192             192
   79       -2024.223     -28.752       -2024.049     -28.145              79              79
   91        -949.574     263.625        -949.579     263.964              91              91
  112        -225.801    -112.244        -225.850    -112.088             112             112
   25       -2110.185     484.579       -2110.221     485.272              25              25
    5        -418.752    -691.260        -419.341    -691.040               5               5
   40        1749.493    1407.837        1749.694    1407.640              40              40
    8       -1346.785   -2254.226       -1347.512   -2253.615               8               8
  143         634.527   -1390.308         633.826   -1390.604             143             143
  151        1883.452     761.927        1883.533     761.322             151             151
  242         979.935    -148.753         980.021    -149.039             242             242
   96        -577.463    1455.632        -577.040    1455.877              96              96
   41        1314.691     446.298        1314.889     446.287              41              41
   28       -1366.968    -794.950       -1367.152    -794.230              28              28
  144        1591.550   -2471.914        1590.933   -2472.299             144             144
  244        -978.295     802.562        -977.909     802.800             244             244
  107        -900.035   -1210.718        -900.379   -1210.397             107             107
   75        -924.796    -365.559        -925.063    -365.326              75              75
   49        -428.048    -918.686        -428.637    -918.647              49              49
  234        2257.026      21.682        2256.895      20.927             234             234
  114          36.165    1027.321          36.550    1027.322             114             114
   43        -483.018      20.079        -483.054      20.356              43              43
  119         339.585     267.536         339.532     267.671             119             119
  123        1093.886   -1402.962        1093.516   -1403.061             123             123
  182        -192.137   -1733.739        -192.553   -1733.780             182             182
   90         487.120     349.169         487.230     348.905              90              90
  216         887.958    -435.068         888.038    -435.343             216             216
  155       -1904.109     172.479       -1904.020     173.027             155             155
  232        1427.938   -1518.342        1427.523   -1518.806             232             232
  254        -460.096     264.726        -459.779     264.684             254             254
  157       -2043.813    -246.320       -2043.891    -245.854             157             157
   76        -299.967      80.482        -300.158      80.478              76              76
   89        -165.702    -973.887        -166.173    -974.069              89              89
   95        1141.107    1605.365        1141.520    1604.851              95              95
   90        -963.930     332.441        -963.849     332.700              90              90
  143         865.967     372.516         866.045     372.223             143             143
  231        -115.866    1042.618        -115.413    1042.695             231             231
   49       -1914.659    -329.444       -1914.817    -328.870              49              49
  167         948.603     477.442         948.647     477.100             167             167
  106        -786.826    1391.106        -786.341    1391.387             106             106
   71       -1566.146     841.801       -1565.992     842.515              71              71
  207       -1361.645   -1030.100       -1362.270   -1029.563             207             207
    3          90.824     233.007          90.484     232.934               3               3
  184         522.742    1608.863         522.882    1608.875             184             184
   39        1449.746    -319.210        1449.573    -319.348              39              39
   93        -496.269    -141.413        -496.311    -141.138              93              93
  151         537.482    1359.540         537.875    1359.730             151             151
   47       -1584.929   -2289.927       -1585.699   -2289.216              47              47
  155         567.958     799.339         567.942     799.341             155             155
  172        1008.460   -2415.537        1007.825   -2415.733             172             172
   45       -1833.611      90.879       -1833.555      91.276              45              45
  237       -1461.524     -98.729       -1461.922     -98.346             237             237
   89         756.841     622.909         756.624     622.760              89              89
   95         977.620    -254.536         977.442    -254.631              95              95
   71        -898.718   -1307.969        -899.169   -1307.686              71              71
   55       -1524.554     -41.708       -1525.011     -41.386              55              55
   24        1997.251     725.455        1997.050     724.875              24              24
  178         474.562     731.427         474.604     731.563             178             178
   97        2062.260   -2240.846        2061.668   -2241.341              97              97
    2        -830.529     102.675        -830.251     102.818               2               2
   18       -2781.801    -701.708       -2782.290    -700.972              18              18
  159        1432.897     209.112        1432.533     208.555             159             159
  165         280.937       8.109         280.798       7.857             165             165
  107          -1.733    2731.739          -1.055    2731.915             107             107
  192        -560.117   -1201.871        -560.708   -1201.345             192             192
   46        -385.593     145.953        -386.015     146.308              46              46
  147        2922.575   -2037.285        2921.777   -2038.058             147             147
  172          38.873    -383.322          38.921    -383.444             172             172
   16        -645.297    -723.667        -645.494    -723.613              16              16
   59       -1125.494     199.337       -1125.631     199.520              59              59
   78        -372.876     -40.812        -373.267     -40.819              78              78
   66         842.810     106.442         842.568     105.994              66              66
   84        -847.364    1703.783        -847.167    1703.993              84              84
   16        1116.523     912.334        1116.420     912.191              16              16
    9         842.461     591.101         842.452     591.132               9               9
  218         807.594     128.456         807.605     128.563             218             218
  211       -1389.003    -739.809       -1389.398    -739.093             211             211
   47        -274.072      36.032        -274.545      36.456              47              47
  130         910.616   -2584.461         909.335   -2584.577             130             130
  134         977.328    -918.665         976.608    -919.150             134             134
  155        2729.755     618.115        2729.774     617.252             155             155
   17         961.202    -783.998         961.058    -784.172              17              17
  245         392.869   -1065.275         392.577   -1065.404             245             245
  102         667.412    -414.943         667.293    -415.164             102             102
  170         970.581   -1973.053         970.130   -1973.544             170             170
  131        -458.816      61.776        -458.549      61.576             131             131
  250       -2007.075     236.105       -2007.043     236.556             250             250
  251       -1744.169    -915.507       -1745.039    -915.249             251             251
   79        3057.609    1967.383        3057.850    1966.305              79              79
  218         793.224   -1638.385         792.913   -1638.727             218             218
  252       -1337.426     744.127       -1337.107     744.217             252             252
   86        -802.613    1086.787        -802.446    1086.911              86              86
   92          86.459     528.080          86.521     528.013              92              92
  160       -1860.492    1080.216       -1860.329    1080.871             160             160
  103       -1206.319       2.733       -1206.793       3.255             103             103
  133          47.445    -356.290          46.898    -356.304             133             133
   34       -1493.977     328.584       -1494.352     329.001              34              34
  100        -946.963     199.952        -947.668     200.187             100             100
   16         529.505    1826.908         529.290    1826.943              16              16
  195         673.113   -1418.741         671.954   -1418.680             195             195
   84        1783.542   -1347.358        1782.679   -1348.072              84              84
  125       -1456.542      84.922       -1457.074      85.101             125             125
  246        2086.209     424.953        2085.718     424.048             246             246
   36         166.803     181.131         166.498     180.783              36              36
  211        -998.525    1954.040        -998.545    1954.157             211             211
   12         334.898    1917.188         334.567    1917.207              12              12
  161        2511.028     762.511        2510.535     761.950             161             161
  221        1646.298     561.250        1646.160     560.924             221             221
  164       -1034.399     841.457       -1034.570     842.033             164             164
   66        -272.382     959.442        -272.846     959.938              66              66
   46        -947.500    -380.577        -948.703    -379.778              46              46
  197         665.941   -1921.554         663.978   -1921.630             197             197
   55        1723.720     179.408        1722.576     178.765              55              55
   65       -1255.904     174.709       -1257.439     175.151              65              65
  230        3200.912     181.564        3199.117     180.554             230             230
  134        -136.973     521.728        -138.961     521.891             134             134
  158        1438.507    -480.169        1434.998    -480.628             158             158
  197          -2.344    2105.251          -8.352    2105.448             197             197
