SINAL     NFT                         FFT                         NFT INVERSA     FFT INVERSA
-----     -----------------------     -----------------------     -----------     -----------
  157       64935.000       0.000       64935.000       0.000             157             157
    6         723.904   -1342.613         723.917   -1342.613               6               6
  134        -411.531    -740.208        -411.518    -740.209             134             134
  166         418.441    1191.421         418.457    1191.418             166             166
   49       -1914.416    1503.469       -1914.399    1503.471              49              49
   79         173.933    1282.324         173.948    1282.323              79              79
  152        -943.478    -844.927        -943.469    -844.926             152             152
   62         535.911    2737.095         535.931    2737.090              62              62
   96         433.815    1375.036         433.834    1375.038              96              96
   58        -673.992    -925.061        -673.987    -925.058              58              58
  236        1131.937    2836.414        1131.961    2836.408             236             236
  154        3462.829    2105.567        3462.861    2105.558             154             154
  248       -1333.054   -2750.781       -1333.050   -2750.762             248             248
  138         626.496    -804.131         626.507    -804.142             138             138
   61         309.619    1118.280         309.650    1118.274              61              61
  129        -477.721     112.106        -477.700     112.108             129             129
   18          -0.269    1839.843          -0.226    1839.847              18              18
    2       -2485.979    -244.365       -2485.965    -244.333               2               2
   42         590.636    1851.913         590.668    1851.917              42              42
   18       -1586.510    -488.329       -1586.504    -488.295              18              18
  125          44.033    -167.281          44.036    -167.266             125             125
   40        1702.617   -1877.138        1702.611   -1877.151              40              40
  106         144.971    -875.211         144.996    -875.213             106             106
   17       -2912.927    -974.527       -2912.912    -974.494              17              17
  241       -2413.290     135.195       -2413.288     135.226             241             241
    3         271.477    -756.391         271.464    -756.402               3               3
   98        -893.567    1387.281        -893.541    1387.298              98              98
  237          78.967   -3031.733          78.921   -3031.743             237             237
  181        -451.196    1898.861        -451.156    1898.850             181             181
   57        -725.705     168.458        -725.704     168.473              57              57
   74        1227.357   -1168.402        1227.343   -1168.436              74              74
  178        -981.836     749.090        -981.804     749.087             178             178
   63       -1794.829    1347.303       -1794.810    1347.331              63              63
  207         845.331     341.872         845.322     341.849             207             207
   12         413.435    1082.937         413.455    1082.921              12              12
  102         543.142     916.902         543.161     916.884             102             102
   75         870.299    2620.974         870.362    2620.968              75              75
  105        1528.675     131.168        1528.698     131.160             105             105
  196        -240.605     269.349        -240.570     269.370             196             196
  124        -507.286     950.899        -507.246     950.932             124             124
  236         -59.740    -497.909         -59.737    -497.890             236             236
    0       -1400.255    1464.858       -1400.215    1464.920               0              -0
   53        -969.171    -877.862        -969.230    -877.802              53              53
  205        3443.048    -198.310        3443.030    -198.379             205             205
  114         973.387   -1558.495         973.376   -1558.512             114             114
  249         164.722    -105.561         164.749    -105.570             249             249
  232        -372.789     320.628        -372.765     320.647             232             232
  188          96.217    -978.923          96.187    -978.925             188             188
   70        2405.523     384.159        2405.561     384.074              70              70
   79        -260.913    1733.891        -260.806    1733.919              79              79
  227        -966.596    -753.881        -966.591    -753.817             227             227
  140        -525.874     -77.141        -525.868     -77.099             140             140
  240           0.076   -1440.247           0.026   -1440.233             240             240
  228        1836.594    -556.705        1836.601    -556.774             228             228
  227        -707.934     452.455        -707.873     452.485             227             227
  244       -1033.663    -580.367       -1033.663    -580.318             244             244
   25        -703.366    -526.469        -703.392    -526.436              25              25
  165        1001.564    -882.824        1001.531    -882.862             165             165
  254          67.875    -670.921          67.860    -670.942             254             254
   69        1575.259     643.817        1575.306     643.753              69              69
  181        1033.334    -651.987        1033.374    -652.018             181             181
  227        -713.685   -1357.917        -713.663   -1357.908             227             227
   45       -1794.052    -852.877       -1794.045    -852.861              45              45
  130        -810.481     831.910        -810.430     831.880             130             130
   10        -904.464    1317.262        -904.395    1317.247              10              10
   43       -1475.190    4616.545       -1475.006    4616.640              43              43
   10         113.147    -753.077         113.092    -752.999              10              10
    8         867.787     181.036         867.806     181.057               8               8
  166        -233.533   -2054.474        -233.585   -2054.428             166             166
   95       -2222.309   -1374.227       -2222.373   -1374.146              95              95
  251         368.431    -535.436         368.376    -535.491             251             251
  247         119.736     703.747         119.760     703.719             247             247
  110          69.910    -491.313          69.881    -491.328             110             110
   42         106.698    -633.428         106.659    -633.473              42              42
   93        1032.712      87.402        1032.724      87.284              93              93
  189         279.780    1860.447         279.907    1860.371             189             189
  155       -1482.048    3395.034       -1481.880    3395.121             155             155
  137         727.603     925.637         727.631     925.673             137             137
  197           2.717      71.296           2.709      71.363             197             197
   86        1949.261   -1675.420        1949.200   -1675.510              86              86
  248        -564.319    1443.743        -564.207    1443.762             248             248
   22        1708.243     857.410        1708.345     857.360              22              22
   95       -1791.779     403.453       -1791.700     403.614              95              95
  173         453.654   -2076.576         453.579   -2076.572             173             173
  172       -1666.784    -570.617       -1666.784    -570.561             172             172
  169        -583.753      17.948        -583.760      17.928             169             169
  240        -448.272    1853.216        -448.189    1853.221             240             240
  184        1067.475     842.541        1067.530     842.503             184             184
   51        -303.668     587.204        -303.597     587.242              51              51
   54        -421.297     861.504        -421.221     861.550              54              54
    8        -716.325    1387.651        -716.230    1387.745               8               8
  187        -589.332     504.977        -589.304     505.095             187             187
  139        -439.605    -513.862        -439.650    -513.760             139             139
  205         764.222    -826.874         764.192    -826.881             205             205
  213       -2604.608     325.108       -2604.623     325.300             213             213
  231        2473.691    -473.578        2473.615    -473.682             231             231
  111        1296.274    -255.378        1296.329    -255.418             111             111
  180        -801.087    -969.414        -801.061    -969.347             180             180
  113       -1872.418     689.976       -1872.345     690.120             113             113
  213        -815.353    -988.812        -815.424    -988.724             213             213
  241       -1846.001     288.593       -1846.042     288.749             241             241
  154        1491.271   -1694.741        1491.111   -1694.817             154             154
  179          93.031     269.432          93.064     269.432             179             179
   60        -861.657   -1572.491        -861.772   -1572.444              60              60
   70         367.442    1352.693         367.513    1352.682              70              70
  222        -353.602   -2212.185        -353.764   -2212.143             222             222
  106        -273.707    -433.350        -273.781    -433.385             106             106
  214        1597.222     598.707        1597.257     598.579             214             214
  196       -1102.853   -1379.871       -1102.965   -1379.842             196             196
   59        2413.482    2430.780        2413.650    2430.600              59              59
    4         251.111   -1467.771         251.080   -1467.771               4               4
   17         114.570     502.808         114.681     502.758              17              17
  233       -1407.839    1612.240       -1407.678    1612.365             233             233
   50        -570.837     166.940        -570.825     167.064              50              50
   49        -525.270   -1207.262        -525.370   -1207.168              49              49
    4         106.523   -1208.067         106.428   -1208.080               4               4
   74        -646.334    -347.092        -646.376    -347.066              74              74
  209         995.114   -1030.168         995.039   -1030.292             209             209
  173        -546.163    1119.147        -546.048    1119.167             173             173
  170         293.387   -2019.484         293.276   -2019.553             170             170
  112       -1805.696    1214.711       -1805.580    1214.757             112             112
  102        -980.741    1219.918        -980.695    1219.984             102             102
  187        -917.445    -224.594        -917.563    -224.523             187             187
  231        2172.486     221.859        2172.452     221.661             231             231
   24          80.048     240.156          80.095     240.116              24              24
  178         309.880     501.033         309.949     500.963             178             178
  210        -412.046    1444.987        -411.885    1445.004             210             210
   41       -2137.493    1170.703       -2137.442    1170.914              41              41
  124         580.089      91.006         580.000      91.000             124             124
  208         764.118    -181.045         764.057    -181.119             208             208
  135         831.706    1975.017         831.864    1974.971             135             135
   57         822.646     183.834         822.698     183.845              57              57
  206        -964.621     228.499        -964.594     228.657             206             206
   73         703.801    -940.780         703.690    -940.796              73              73
   66        1158.230    -676.416        1158.206    -676.548              66              66
  204         -10.329    2013.181         -10.089    2013.222             204             204
  182         120.492   -2494.072         120.340   -2494.065             182             182
  130        -932.747    1195.895        -932.591    1195.931             130             130
  237        -197.728    -684.809        -197.755    -684.819             237             237
  254       -1022.019     780.313       -1021.918     780.340             254             254
  181       -1684.690    1059.898       -1684.644    1060.012             181             181
  203         891.010    2006.164         891.140    2006.104             203             203
  156        -165.581    1157.782        -165.465    1157.889             156             156
  153        -325.520     450.255        -325.479     450.389             153             153
  185         376.227    -175.388         376.252    -175.344             185             185
  216       -2375.729     397.575       -2375.694     397.873             216             216
  120        -944.812    -446.642        -944.978    -446.475             120             120
  103        1473.634   -1133.671        1473.465   -1133.813             103             103
   19        -537.000    1325.006        -536.861    1325.069              19              19
  109       -1654.471   -1195.904       -1654.675   -1195.752             109             109
   47         703.082    2562.685         703.196    2562.637              47              47
   42        1327.799     412.345        1327.792     412.368              42              42
  249         -66.757   -1267.845         -66.909   -1267.739             249             249
    9         801.685    -963.151         801.550    -963.228               9               9
  223        1233.879     405.338        1233.944     405.206             223             223
  134        -295.249     431.700        -295.170     431.775             134             134
   84         812.117   -1068.910         812.058   -1068.981              84              84
  132       -1142.653     253.296       -1142.585     253.363             132             132
   23        -655.237    1430.176        -655.137    1430.255              23              23
   43        1377.192     540.962        1377.265     540.899              43              43
   87        -786.447      23.329        -786.353      23.485              87              87
    9       -2118.555     197.903       -2118.534     198.195               9               9
   77       -1955.030    -104.527       -1955.187    -104.236              77              77
    7         723.514   -1302.544         723.220   -1302.593               7               7
  176        -458.466    -727.815        -458.671    -727.858             176             176
    5         554.607    2680.243         554.732    2680.168               5               5
   90        1448.466     852.712        1448.440     852.691              90              90
  235        1798.170    -535.416        1798.089    -535.499             235             235
   62         -62.029    -117.931         -62.073    -117.861              62              62
   56        2507.915    -128.569        2507.916    -128.796              56              56
  165        -338.442     367.056        -338.345     367.146             165             165
  119        1500.565     502.104        1500.675     502.038             119             119
  168         280.559    -609.311         280.643    -609.247             168             168
  205       -2596.475     259.922       -2596.414     260.303             205             205
   16        -113.714    -480.627        -113.861    -480.491              16              16
   65          50.261   -1132.205          50.060   -1132.113              65              65
  110         317.470   -1842.818         317.197   -1842.848             110             110
  226        -182.526    -721.060        -182.714    -721.117             226             226
  158        2696.321     426.554        2696.337     426.178             158             158
  117        1474.764    1694.586        1475.119    1694.492             117             117
   75       -1599.720   -1626.026       -1599.783   -1625.739              75              75
  229       -1206.972    -608.377       -1207.070    -608.223             229             229
  168         195.461   -1979.280         195.183   -1979.403             168             168
  159        -770.471    1625.474        -770.334    1625.452             159             159
   46         102.523    1010.160         102.550    1010.185              46              46
  118          91.220    -326.941          91.069    -326.907             118             118
  182        1477.975     247.500        1477.928     247.351             182             182
  185        1171.276    -845.465        1171.177    -845.618             185             185
  241         950.587     -34.663         950.629     -34.880             241             241
  194        1228.925    2438.238        1229.349    2438.079             194             194
  147       -1113.653     971.527       -1113.409     971.805             147             147
  188       -1470.234    -478.340       -1470.322    -478.046             188             188
  237         706.381     463.233         706.394     463.248             237             237
  167        -615.925   -1363.014        -616.120   -1362.885             167             167
  166         373.379     471.589         373.390     471.531             166             166
  180        -265.318     778.498        -265.296     778.593             180             180
  201        2745.244     552.480        2745.374     552.280             201             201
  239       -1869.287   -1690.522       -1869.396   -1690.186             239             239
   95        -397.080    -987.906        -397.251    -987.910              95              95
   45          68.827    1031.538          68.930    1031.499              45              45
  228        -710.059    -456.750        -710.175    -456.680             228             228
  112         204.500    2015.440         204.670    2015.429             112             112
    8         267.505    1107.336         267.569    1107.468               8               8
  203         353.358    -264.759         353.233    -264.633             203             203
  129         879.306      91.956         879.225      91.996             129             129
   53        2129.207    -363.308        2129.157    -363.411              53              53
  112        1953.790   -1459.045        1953.790   -1459.172             112             112
  149       -1967.442   -1757.729       -1967.532   -1757.468             149             149
   58        -167.302    -404.989        -167.366    -405.061              58              58
  125         431.793    1559.237         432.046    1559.182             125             125
   66        -806.309     252.654        -806.230     252.878              66              66
  232        -879.914     356.249        -879.918     356.510             232             232
   97         750.807    -526.290         750.703    -526.251              97              97
   36        -260.768     -19.370        -260.732     -19.189              36              36
  101       -1865.236    -790.490       -1865.447    -790.070             101             101
  134        1237.507    -880.888        1237.235    -880.919             134             134
  172         996.704   -1184.590         996.530   -1184.602             172             172
   40        -250.669   -1688.771        -250.911   -1688.666              40              40
   24         318.882    -739.873         318.729    -739.840              24              24
  110         830.862   -2842.353         830.440   -2842.454             110             110
  237        1327.947   -1908.945        1327.763   -1909.281             237             237
  148          41.885    -833.652          41.951    -833.857             148             148
   39       -1931.964     281.581       -1931.830     281.703              39              39
  125       -1149.154     135.065       -1149.171     135.135             125             125
  178       -1471.171     890.019       -1471.167     890.235             178             178
  184        -529.721   -1317.585        -530.140   -1317.510             184             184
   79        2102.971    -819.895        2102.771    -820.360              79              79
  233       -1443.330    1511.147       -1443.141    1511.248             233             233
  117         221.596     767.131         221.563     767.119             117             117
  169         484.940     563.223         484.930     563.223             169             169
   57        -335.608     218.837        -335.689     219.020              57              57
   91         212.642   -2075.054         212.145   -2075.080              91              91
   50        1877.118    1398.681        1877.220    1398.399              50              50
  155         519.289   -1563.664         519.018   -1563.701             155             155
  246        1012.365     -63.714        1012.315     -63.927             246             246
  188        1113.004     -82.778        1113.013     -82.996             188             188
  109         271.865    1100.574         272.063    1100.573             109             109
    0        1247.491    -233.892        1247.543    -233.935              -0              -0
   75        -979.626   -2297.233        -979.899   -2297.078              75              75
   42        -215.735    -290.615        -215.802    -290.716              42              42
   89         160.458      77.762         160.465      77.615              89              89
   20        -330.914    1451.499        -330.664    1451.532              20              20
  206       -1846.489     769.199       -1846.489     769.644             206             206
    8         664.656   -1621.021         664.200   -1621.007               8               8
   38         927.484   -1601.337         927.174   -1601.568              38              38
   99       -1467.739     905.938       -1467.724     906.109              99              99
   95         620.553   -1512.419         620.061   -1512.585              95              95
   39        1593.145     716.125        1593.121     715.729              39              39
  248         508.732    1363.720         508.889    1363.658             248             248
  232         -98.378       8.652         -98.519       8.793             232             232
  154        1326.303   -1261.482        1325.954   -1261.649             154             154
  143         -61.769    -701.878         -62.072    -701.933             143             143
   52        2592.181    -139.526        2591.996    -140.031              52              52
  188        1411.091      -3.162        1411.064      -3.466             188             188
  242        1123.616     455.421        1123.655     455.213             242             242
   37        1236.955    -493.921        1236.817    -494.147              37              37
   19        2053.000       0.414        2053.000       0.000              19              19
    0        1236.673     494.383        1236.815     494.151              -0              -0
  165        1123.695    -454.996        1123.655    -455.209             165             165
  195        1411.036       3.781        1411.064       3.469             195             195
  136        2591.805     140.562        2591.996     140.037             136             136
   11         -62.387     701.989         -62.073     701.933              11              11
    2        1325.582    1261.832        1325.950    1261.654               2               2
    6         -98.667      -8.943         -98.519      -8.794               6               6
  120         509.059   -1363.590         508.891   -1363.657             120             120
   99        1593.097    -715.298        1593.122    -715.724              99              99
  119         619.522    1512.767         620.056    1512.587             119             119
  135       -1467.703    -906.303       -1467.721    -906.114             135             135
   72         926.828    1601.827         927.169    1601.571              72              72
  121         663.690    1620.992         664.196    1621.007             121             121
   69       -1846.487    -770.145       -1846.487    -769.647              69              69
  201        -330.380   -1451.568        -330.661   -1451.531             201             201
  231         160.474     -77.447         160.465     -77.614             231             231
  125        -215.880     290.834        -215.802     290.717             125             125
  119        -980.221    2296.897        -979.904    2297.076             119             119
   99        1247.600     233.989        1247.541     233.939              99              99
  219         272.298   -1100.569         272.065   -1100.571             219             219
   70        1113.024      83.255        1113.013      82.998              70              70
   17        1012.256      64.182        1012.315      63.929              17              17
  242         518.689    1563.750         519.013    1563.704             242             242
  236        1877.344   -1398.053        1877.221   -1398.395             236             236
   97         211.531    2075.113         212.138    2075.081              97              97
  145        -335.788    -219.247        -335.689    -219.021             145             145
  102         484.916    -563.222         484.929    -563.222             102             102
   82         221.523    -767.102         221.564    -767.118              82              82
  236       -1442.901   -1511.377       -1443.138   -1511.251             236             236
  210        2102.515     820.954        2102.768     820.365             210             210
  130        -530.677    1317.415        -530.144    1317.510             130             130
  128       -1471.158    -890.514       -1471.165    -890.236             128             128
   81       -1149.191    -135.230       -1149.170    -135.137              81              81
  240       -1931.655    -281.870       -1931.830    -281.707             240             240
  185          42.034     834.127          41.949     833.857             185             185
   41        1327.513    1909.730        1327.759    1909.284              41              41
  101         829.864    2842.591         830.433    2842.455             101             101
   57         318.519     739.794         318.726     739.839              57              57
  166        -251.244    1688.520        -250.915    1688.664             166             166
  101         996.287    1184.621         996.527    1184.604             101             101
  115        1236.854     880.965        1237.232     880.921             115             115
  151       -1865.743     789.479       -1865.449     790.065             151             151
   72        -260.682      18.931        -260.733      19.186              72              72
  143         750.552     526.196         750.700     526.252             143             143
   20        -879.921    -356.886        -879.916    -356.514              20              20
   25        -806.115    -253.199        -806.229    -252.879              25              25
  110         432.416   -1559.101         432.049   -1559.181             110             110
   47        -167.462     405.165        -167.367     405.061              47              47
  125       -1967.670    1757.073       -1967.535    1757.462             125             125
  235        1953.785    1459.368        1953.787    1459.176             235             235
   80        2129.081     363.570        2129.156     363.415              80              80
  246         879.100     -92.053         879.223     -91.993             246             246
  255         353.042     264.439         353.232     264.631             255             255
  255         267.671   -1107.669         267.572   -1107.467             255             255
  185         204.937   -2015.411         204.674   -2015.429             185             185
  104        -710.359     456.569        -710.177     456.679             104             104
  234          69.096   -1031.440          68.932   -1031.500             234             234
   90        -397.524     987.913        -397.253     987.908              90              90
  117       -1869.577    1689.643       -1869.402    1690.181             117             117
   33        2745.582    -551.951        2745.372    -552.274              33              33
   99        -265.259    -778.749        -265.293    -778.594              99              99
   32         373.408    -471.434         373.391    -471.530              32              32
  222        -616.447    1362.672        -616.124    1362.884             222             222
  189         706.417    -463.272         706.395    -463.247             189             189
  201       -1470.468     477.541       -1470.321     478.041             201             201
   83       -1112.991    -972.282       -1113.407    -971.808              83              83
   69        1230.084   -2437.805        1229.356   -2438.077              69              69
  250         950.696      35.258         950.626      34.882             250             250
  107        1171.003     845.885        1171.176     845.620             107             107
   28        1477.844    -247.086        1477.928    -247.348              28              28
   62          90.802     326.846          91.068     326.906              62              62
  227         102.598   -1010.229         102.551   -1010.184             227             227
  190        -770.079   -1625.417        -770.329   -1625.455             190             190
   81         194.674    1979.623         195.180    1979.402              81              81
  142       -1207.250     607.936       -1207.070     608.219             142             142
    8       -1599.905    1625.205       -1599.788    1625.736               8               8
  128        1475.787   -1694.311        1475.124   -1694.488             128             128
   31        2696.367    -425.461        2696.337    -426.171              31              31
   71        -183.076     721.224        -182.718     721.116              71              71
   66         316.673    1842.907         317.195    1842.848              66              66
   35          49.671    1131.935          50.059    1132.113              35              35
  131        -114.149     480.224        -113.863     480.490             131             131
    5       -2596.294    -261.065       -2596.414    -260.312               5               5
  145         280.806     609.122         280.640     609.248             145             145
  129        1500.901    -501.902        1500.678    -502.035             129             129
  240        -338.148    -367.330        -338.345    -367.147             240             240
   12        2507.917     129.265        2507.915     128.802              12              12
  214         -62.165     117.720         -62.074     117.862             214             214
  206        1797.920     535.679        1798.087     535.503             206             206
  242        1448.389    -852.645        1448.442    -852.689             242             242
   77         555.006   -2680.008         554.739   -2680.167              77              77
  189        -459.110     727.949        -458.675     727.857             189             189
  141         722.586    1302.701         723.216    1302.595             141             141
   95       -1955.528     103.603       -1955.189     104.232              95              95
  156       -2118.487    -198.838       -2118.534    -198.202             156             156
  230        -786.147     -23.827        -786.353     -23.485             230             230
   49        1377.428    -540.753        1377.266    -540.896              49              49
   71        -654.905   -1430.437        -655.133   -1430.257              71              71
  150       -1142.430    -253.520       -1142.584    -253.366             150             150
   45         811.918    1069.144         812.055    1068.982              45              45
  136        -294.988    -431.953        -295.169    -431.778             136             136
  197        1234.096    -404.896        1233.944    -405.204             197             197
  185         801.227     963.411         801.546     963.230             185             185
  219         -67.273    1267.486         -66.912    1267.738             219             219
   90        1327.774    -412.414        1327.791    -412.364              90              90
  242         703.479   -2562.522         703.201   -2562.636             242             242
  202       -1655.173    1195.372       -1654.677    1195.746             202             202
    5        -536.517   -1325.226        -536.860   -1325.071               5               5
  251        1473.042    1134.169        1473.463    1133.816             251             251
  172        -945.399     446.054        -944.981     446.474             172             172
  190       -2375.604    -398.636       -2375.693    -397.880             190             190
  139         376.317     175.232         376.252     175.344             139             139
  183        -325.372    -450.738        -325.477    -450.391             183             183
   72        -165.160   -1158.166        -165.463   -1157.889              72              72
  117         891.493   -2005.946         891.146   -2006.103             117             117
  113       -1684.523   -1060.319       -1684.644   -1060.014             113             113
  131       -1021.642    -780.420       -1021.915    -780.345             131             131
  196        -197.831     684.846        -197.757     684.818             196             196
  152        -932.162   -1196.034        -932.588   -1195.933             152             152
   28         119.912    2494.047         120.335    2494.065              28              28
  125          -9.410   -2013.336         -10.084   -2013.222             125             125
   23        1158.135     676.925        1158.204     676.551              23              23
   50         703.374     940.844         703.689     940.798              50              50
   56        -964.516    -229.113        -964.595    -228.659              56              56
   37         822.851    -183.873         822.699    -183.843              37              37
  158         832.332   -1974.835         831.868   -1974.969             158             158
   74         763.878     181.344         764.057     181.122              74              74
  153         579.734     -90.981         580.000     -91.000             153             153
   19       -2137.274   -1171.570       -2137.438   -1170.920              19              19
  128        -411.385   -1445.053        -411.882   -1445.003             128             128
    4         310.168    -500.743         309.951    -500.962               4               4
   80          80.241    -239.987          80.094    -240.115              80              80
   96        2172.350    -221.017        2172.453    -221.655              96              96
  132        -917.948     224.289        -917.566     224.521             132             132
   47        -980.538   -1220.202        -980.691   -1219.985              47              47
  135       -1805.200   -1214.915       -1805.580   -1214.760             135             135
   65         292.891    2019.791         293.271    2019.556              65              65
  222        -545.656   -1119.236        -546.046   -1119.168             222             222
  101         994.789    1030.717         995.039    1030.295             101             101
  245        -646.522     346.976        -646.377     347.066             245             245
  226         106.094    1208.122         106.425    1208.079             226             226
   41        -525.727    1206.838        -525.373    1207.168              41              41
    5        -570.781    -167.504        -570.824    -167.065               5               5
   61       -1407.092   -1612.818       -1407.675   -1612.368              61              61
  102         115.092    -502.574         114.685    -502.757             102             102
   64         250.960    1467.776         251.077    1467.772              64              64
  111        2414.286   -2429.916        2413.656   -2430.593             111             111
   46       -1103.393    1379.727       -1102.968    1379.840              46              46
  223        1597.389    -598.082        1597.257    -598.574             223             223
  198        -274.070     433.516        -273.783     433.383             198             198
   59        -354.410    2211.981        -353.771    2212.144              59              59
  202         367.791   -1352.638         367.514   -1352.682             202             202
  186        -862.239    1572.249        -861.776    1572.441             186             186
   81          93.196    -269.433          93.063    -269.433              81              81
   22        1490.443    1695.135        1491.105    1694.820              22              22
  106       -1846.209    -289.403       -1846.042    -288.753             106             106
   20        -815.728     988.352        -815.427     988.721              20              20
  192       -1872.032    -690.744       -1872.344    -690.125             192             192
  195        -800.947     969.058        -801.062     969.343             195             195
  235        1296.563     255.602        1296.328     255.421             235             235
  234        2473.281     474.161        2473.615     473.689             234             234
    1       -2604.684    -326.173       -2604.622    -325.305               1               1
   54         764.045     826.918         764.188     826.882              54              54
   38        -439.858     513.293        -439.651     513.759              38              38
   80        -589.169    -505.652        -589.302    -505.098              80              80
  254        -715.775   -1388.192        -716.226   -1387.747             254             254
   13        -420.851    -861.773        -421.218    -861.552              13              13
   88        -303.253    -587.424        -303.597    -587.242              88              88
  192        1067.804    -842.307        1067.531    -842.500             192             192
   38        -447.764   -1853.241        -448.185   -1853.220              38              38
   17        -583.794     -17.834        -583.758     -17.930              17              17
  186       -1666.786     570.269       -1666.785     570.558             186             186
   96         453.181    2076.556         453.575    2076.573              96              96
   40       -1791.283    -404.468       -1791.698    -403.617              40              40
  160        1708.891    -857.084        1708.347    -857.356             160             160
    2        -563.599   -1443.866        -564.205   -1443.763               2               2
  231        1948.844    1676.017        1949.195    1675.514             231             231
   41           2.673     -71.732           2.710     -71.363              41              41
  179         727.795    -925.874         727.632    -925.672             179             179
  111       -1480.890   -3395.631       -1481.873   -3395.123             111             111
  252         280.658   -1859.928         279.912   -1860.372             252             252
   96        1032.797     -86.575        1032.724     -87.281              96              96
   66         106.416     633.747         106.655     633.473              66              66
  161          69.700     491.416          69.880     491.328             161             161
  202         119.906    -703.550         119.760    -703.720             202             202
  239         368.026     535.842         368.374     535.493             239             239
  196       -2222.793    1373.608       -2222.376    1374.138             196             196
   46        -233.930    2054.126        -233.588    2054.427              46              46
   55         867.928    -181.193         867.807    -181.057              55              55
  231         112.718     752.474         113.090     753.001             231             231
  152       -1473.722   -4617.298       -1474.994   -4616.643             152             152
   67        -903.906   -1317.144        -904.394   -1317.248              67              67
  115        -810.065    -831.674        -810.429    -831.880             115             115
   35       -1793.999     852.730       -1794.046     852.858              35              35
  116        -713.518    1357.835        -713.665    1357.907             116             116
   97        1033.667     652.267        1033.372     652.019              97              97
  120        1575.675    -643.235        1575.307    -643.748             120             120
  203          67.728     671.108          67.857     670.942             203             203
  152        1001.260     883.180        1001.530     882.865             152             152
  117        -703.608     526.169        -703.394     526.436             117             117
  151       -1033.679     579.892       -1033.665     580.315             151             151
  100        -707.338    -452.734        -707.870    -452.486             100             100
   53        1836.669     557.392        1836.602     556.778              53              53
  223          -0.426    1440.106           0.024    1440.232             223             223
    5        -525.817      76.706        -525.868      77.095               5               5
   85        -966.549     753.209        -966.593     753.814              85              85
  227        -259.784   -1734.189        -260.802   -1733.919             227             227
  110        2405.929    -383.228        2405.562    -384.070             110             110
  156          95.873     978.944          96.185     978.925             156             156
  148        -372.506    -320.841        -372.763    -320.647             148             148
   43         165.024     105.670         164.748     105.571              43              43
  222         973.237    1558.696         973.372    1558.513             222             222
  245        3442.822     199.167        3443.029     198.386             245             245
  224        -969.902     877.122        -969.232     877.800             224             224
  101       -1399.746   -1465.648       -1400.213   -1464.924             101             101
  107         -59.722     497.657         -59.739     497.889             107             107
   41        -506.751    -951.355        -507.245    -950.935              41              41
   48        -240.129    -269.641        -240.569    -269.370              48              48
  205        1528.994    -131.042        1528.698    -131.156             205             205
   92         871.208   -2620.880         870.366   -2620.967              92              92
  200         543.421    -916.633         543.162    -916.883             200             200
  248         413.745   -1082.689         413.458   -1082.920             248             248
  247         845.207    -341.502         845.323    -341.844             247             247
   27       -1794.510   -1347.757       -1794.808   -1347.332              27              27
   79        -981.309    -749.051        -981.804    -749.088              79              79
  188        1227.095    1169.014        1227.341    1168.439             188             188
   52        -725.677    -168.741        -725.703    -168.473              52              52
  163        -450.444   -1898.659        -451.153   -1898.850             163             163
   92          78.013    3031.927          78.913    3031.743              92              92
   88        -893.028   -1387.644        -893.538   -1387.301              88              88
   93         271.193     756.627         271.461     756.403              93              93
   94       -2413.232    -135.888       -2413.286    -135.231              94              94
   82       -2912.636     973.677       -2912.916     974.485              82              82
   89         145.543     875.277         144.994     875.214              89              89
   71        1702.439    1877.476        1702.608    1877.154              71              71
  244          44.096     166.890          44.035     167.266             244             244
  163       -1586.328     487.330       -1586.504     488.288             163             163
  187         591.606   -1852.012         590.673   -1851.915             187             187
   95       -2485.568     243.351       -2485.965     244.327              95              95
  208           1.121   -1839.951          -0.224   -1839.846             208             208
  122        -476.932    -112.218        -477.697    -112.110             122             122
  248         310.788   -1118.044         309.652   -1118.272             248             248
  181         626.904     804.544         626.504     804.142             181             181
  169       -1332.989    2749.911       -1333.058    2750.760             169             169
  119        3464.417   -2105.052        3462.867   -2105.551             119             119
  109        1133.242   -2836.009        1131.967   -2836.404             109             109
  216        -673.740     924.875        -673.990     925.056             216             216
  248         435.070   -1375.118         433.837   -1375.037             248             248
   64         537.585   -2736.701         535.938   -2737.089              64              64
  173        -942.783     844.848        -943.472     844.925             173             173
   68         175.600   -1282.245         173.953   -1282.323              68              68
  207       -1912.154   -1503.851       -1914.396   -1503.477             207             207
   61         421.327   -1190.760         418.460   -1191.417              61              61
  241        -408.200     740.592        -411.520     740.209             241             241
   62         730.453    1343.033         723.914    1342.617              62              62
