SINAL     NFT                         FFT                         NFT INVERSA     FFT INVERSA
-----     -----------------------     -----------------------     -----------     -----------
   34       62410.000       0.000       62410.000       0.000              34              34
   52        -708.343   -1122.771        -708.331   -1122.771              52              52
  152         382.148    -518.735         382.160    -518.736             152             152
  128        1782.457     285.484        1782.471     285.481             128             128
  172         121.426    -550.301         121.440    -550.303             172             172
  124        -808.371     339.778        -808.355     339.778             124             124
  113       -1122.869     105.116       -1122.856     105.117             113             113
  124        -582.275    1162.973        -582.260    1162.973             124             124
   95        -174.050     293.287        -174.038     293.285              95              95
    1         219.688     947.499         219.703     947.495               1               1
  201        1189.899    1105.128        1189.921    1105.122             201             201
   10       -1745.762    -253.510       -1745.749    -253.499              10              10
   15         280.591     135.793         280.600     135.788              15              15
  108         612.099     831.173         612.119     831.165             108             108
   22       -1417.664    1810.697       -1417.641    1810.712              22              22
   59        1790.299    -228.336        1790.305    -228.346              59              59
  170         652.068     973.136         652.095     973.135             170             170
  219        -535.766    -446.089        -535.756    -446.076             219             219
  200         422.196    -287.256         422.206    -287.258             200             200
   29        -988.940    -354.842        -988.935    -354.831              29              29
  141         795.665    -495.531         795.662    -495.547             141             141
   48        1609.058     889.367        1609.085     889.338              48              48
  212        -525.652    2719.306        -525.598    2719.327             212             212
   95          68.580   -2431.301          68.554   -2431.286              95              95
  116         785.987    -324.788         785.990    -324.806             116             116
  242         779.539     200.320         779.554     200.308             242             242
   44         965.501    -661.485         965.502    -661.504              44              44
   45        2321.843    -814.058        2321.857    -814.110              45              45
  255        -177.302    1244.453        -177.245    1244.440             255             255
  233          58.901    2076.474          58.960    2076.483             233             233
   81        1036.309   -1403.925        1036.308   -1403.934              81              81
   57        1496.739    -513.211        1496.772    -513.248              57              57
  103       -1165.419     282.209       -1165.370     282.217             103             103
  196        1055.757    1153.098        1055.825    1153.070             196             196
  191       -2305.708    -284.122       -2305.674    -284.084             191             191
   74        -305.070    2497.356        -304.993    2497.360              74              74
   20       -1750.007     990.169       -1749.974     990.235              20              20
  214        1399.571    -231.148        1399.578    -231.156             214             214
  126         264.410    -796.185         264.430    -796.180             126             126
  184        -803.960    -512.796        -803.940    -512.779             184             184
  230         392.843     193.947         392.883     193.934             230             230
  153       -1097.761     -20.867       -1097.725     -20.837             153             153
  203         362.303    -471.237         362.332    -471.250             203             203
  118       -1752.793    -294.227       -1752.757    -294.195             118             118
  143       -1652.441     217.824       -1652.419     217.846             143             143
   46         451.244    1293.941         451.305    1293.912              46              46
   16       -1387.954    1115.538       -1387.882    1115.576              16              16
  180       -1902.559    1323.392       -1902.501    1323.463             180             180
  106       -2014.991    -121.622       -2015.010    -121.544             106             106
  125        1234.068     334.443        1234.072     334.407             125             125
  213          19.997     622.800          20.044     622.800             213             213
   87         622.783    1302.809         622.882    1302.802              87              87
    5       -3779.481    1034.129       -3779.413    1034.286               5               5
  231        -990.113     553.016        -990.111     553.097             231             231
  181        -595.330   -1527.907        -595.389   -1527.860             181             181
  160        -932.872     894.441        -932.852     894.498             160             160
  144         -47.983   -2288.619         -48.077   -2288.604             144             144
  175         116.688     134.822         116.692     134.797             175             175
    4          68.822     121.543          68.837     121.528               4               4
  100        -308.274     461.479        -308.244     461.474             100             100
   79        -547.142    2255.097        -547.054    2255.140              79              79
   99         516.249    -639.783         516.229    -639.760              99              99
  252         400.359    -754.727         400.360    -754.740             252             252
  122        -411.732    1432.033        -411.633    1432.063             122             122
   80       -2189.554      36.664       -2189.555      36.802              80              80
  129        1082.304   -1500.470        1082.219   -1500.500             129             129
  250        1795.288     169.765        1795.335     169.673             250             250
   86         463.104    2175.370         463.294    2175.390              86              86
   98       -2961.859   -1732.199       -2961.871   -1732.013              98              98
  247        -142.598   -1532.866        -142.628   -1532.868             247             247
  191       -2627.728      79.292       -2627.689      79.373             191             191
  124       -1816.355    2283.621       -1816.258    2283.716             124             124
   52       -1801.111     155.867       -1801.138     156.015              52              52
  111        -297.233    -496.300        -297.299    -496.226             111             111
   70        -112.100   -1099.807        -112.181   -1099.751              70              70
   36        1077.532   -2466.362        1077.427   -2466.409              36              36
  144       -1371.068   -1067.835       -1371.096   -1067.813             144             144
  147        -592.466     101.389        -592.471     101.380             147             147
   31         333.594    -755.031         333.569    -755.099              31              31
   25        -572.756    2408.846        -572.594    2408.856              25              25
   65       -2089.655      53.497       -2089.635      53.646              65              65
   77       -2148.203   -1302.992       -2148.318   -1302.881              77              77
   36         473.111     194.564         473.075     194.499              36              36
  151       -1367.019    1988.153       -1366.954    1988.234             151             151
  194        1103.408    -630.468        1103.343    -630.501             194             194
  208        -398.505    1347.480        -398.420    1347.533             208             208
   74       -1736.546    -947.732       -1736.626    -947.595              74              74
   24        -556.287     109.250        -556.359     109.301              24              24
   76        1215.147   -1209.093        1215.022   -1209.162              76              76
   48         746.286     779.773         746.322     779.719              48              48
   31        -209.173     225.875        -209.172     225.904              31              31
  211         481.489     499.277         481.491     499.277             211             211
  154        1563.042     -88.816        1563.054     -88.868             154             154
   98        -211.011    -159.202        -210.978    -159.158              98              98
   30        -202.967     481.455        -202.918     481.528              30              30
  125         619.477   -1496.770         619.430   -1496.748             125             125
  229       -1245.524   -1108.563       -1245.548   -1108.463             229             229
    8       -1304.921   -1411.028       -1305.021   -1410.947               8               8
  155         223.487   -1476.149         223.380   -1476.208             155             155
  200        -444.606     262.362        -444.582     262.346             200             200
  193        -535.274    -753.018        -535.315    -753.015             193             193
  141       -2362.674    -364.580       -2362.763    -364.490             141             141
   30        1620.315    1451.256        1620.330    1451.128              30              30
  148         397.019    -891.849         396.941    -891.877             148             148
  197        1121.736    -719.961        1121.695    -720.104             197             197
  146        -454.616    1019.463        -454.538    1019.407             146             146
    3         979.657    2720.022         979.843    2719.951               3               3
   61        1292.404     932.352        1292.543     932.326              61              61
   94       -1511.175    1129.751       -1511.021    1129.949              94              94
  188        -777.977    -536.823        -777.997    -536.660             188             188
  122        -578.293   -1360.292        -578.378   -1360.182             122             122
   99        -914.334   -1865.670        -914.467   -1865.609              99              99
  148       -1221.648    -400.459       -1221.730    -400.410             148             148
  180        1464.793    -419.899        1464.738    -420.045             180             180
  100        -339.021     374.383        -338.957     374.382             100             100
   89       -1041.647    -618.641       -1041.692    -618.602              89              89
  146        -220.746     936.078        -220.698     936.054             146             146
  168        -337.741     818.948        -337.702     818.977             168             168
   97        -240.765     416.569        -240.775     416.616              97              97
   19        1652.474    -370.412        1652.470    -370.528              19              19
  170       -1599.639    -116.178       -1599.609    -116.096             170             170
  226        -552.220    2384.722        -552.062    2384.768             226             226
   29        -743.924    1442.546        -743.872    1442.723              29              29
  127        1364.982    -692.526        1364.891    -692.511             127             127
  240         302.659     -50.351         302.679     -50.261             240             240
  194         118.764   -2889.197         118.561   -2889.171             194             194
   29        -332.466     236.234        -332.435     236.225              29              29
  162        1317.693     838.385        1317.822     838.336             162             162
   24       -1011.010   -1187.172       -1011.000   -1187.000              24              24
  153       -1560.187   -1552.630       -1560.248   -1552.457             153             153
   81       -3385.010   -2936.651       -3385.314   -2936.445              81              81
   60        -218.072    1084.259        -218.129    1084.169              60              60
    1        1855.875     213.677        1855.859     213.495               1               1
  193        -419.908      59.956        -419.843      59.980             193             193
  177       -1946.816     569.127       -1946.776     569.330             177             177
  206        -450.971   -1659.857        -451.176   -1659.801             206             206
  242        -591.222   -1291.537        -591.374   -1291.571             242             242
  109       -1880.421      88.985       -1880.513      89.015             109             109
   83         158.787    2327.192         158.846    2327.119              83              83
  211         813.345    1486.545         813.381    1486.540             211             211
  184        -182.648    -218.184        -182.765    -218.077             184             184
  178        1748.852    -628.363        1748.727    -628.472             178             178
   26         926.798   -1009.939         926.732   -1010.035              26              26
  124       -1311.537     375.471       -1311.531     375.563             124             124
  144         729.843     538.236         729.807     538.193             144             144
  218        1164.941    -635.649        1164.856    -635.736             218             218
   10         378.285     472.610         378.339     472.606              10              10
   15          12.173   -1543.885          12.020   -1543.887              15              15
  197          -4.851     796.967          -4.815     796.957             197             197
    1        1399.140   -1569.333        1398.989   -1569.501               1               1
  140        -252.809    1540.180        -252.626    1540.173             140             140
  250          -8.341    -585.390          -8.389    -585.371             250             250
   90       -1534.088     534.181       -1534.125     534.340              90              90
  126        2496.370    -410.165        2496.248    -410.399             126             126
  223        1360.218     574.862        1360.350     574.753             223             223
   72        -982.708    -608.799        -982.730    -608.653              72              72
  225         589.588    -630.051         589.508    -630.091             225             225
  119         549.125   -1148.185         549.019   -1148.259             119             119
  162        1121.175   -1774.635        1121.069   -1774.902             162             162
  190       -1355.780    2299.996       -1355.499    2299.990             190             190
  222         472.642    1919.274         472.840    1919.252             222             222
    5        -814.050     333.914        -814.041     334.069               5               5
   56        1067.505     910.202        1067.553     910.177              56              56
  221        1451.231    -311.952        1451.240    -312.000             221             221
  151         878.565    -705.224         878.613    -705.269             151             151
   18        -674.572     830.389        -674.375     830.542              18              18
  133         258.318    -712.763         258.331    -712.642             133             133
  242        -171.785   -3198.528        -171.988   -3198.510             242             242
    7       -2136.799     269.981       -2136.688     270.123               7               7
  227       -1031.708     458.921       -1031.672     459.055             227             227
  162          37.837   -1163.861          37.740   -1163.830             162             162
   55       -2430.707   -1707.662       -2430.915   -1707.483              55              55
  250          34.913    1813.951          35.025    1813.908             250             250
  115         432.377    -802.241         432.298    -802.224             115             115
  208       -1314.370    -932.095       -1314.440    -931.933             208             208
    8       -2300.129   -1344.932       -2300.381   -1344.707               8               8
  198           4.667   -1636.918           4.303   -1637.061             198             198
    7        1037.102     863.872        1037.122     863.611               7               7
  234        -853.097    -455.492        -853.220    -455.507             234             234
   99         575.303     991.622         575.309     991.439              99              99
   18         690.792     683.510         690.807     683.351              18              18
  238         824.951    2062.027         825.166    2061.947             238             238
    0         908.109    -423.142         908.090    -423.192              -0              -0
  163         206.996     290.469         207.105     290.435             163             163
  123        -817.271    1800.571        -817.016    1800.790             123             123
  151        -708.045   -3382.954        -708.480   -3382.843             151             151
  203        -545.431    1400.517        -545.370    1400.506             203             203
   11        2873.272    -815.094        2873.216    -815.446              11              11
   51       -1802.686    -371.016       -1802.603    -370.891              51              51
  129       -1336.473    1438.691       -1336.341    1438.821             129             129
  113        -254.451   -1062.992        -254.672   -1063.008             113             113
  107         786.994    1670.176         787.191    1670.008             107             107
  165       -1820.560    1296.507       -1820.446    1296.802             165             165
  117         821.035    -232.986         820.921    -233.012             117             117
  214        -866.173     375.714        -866.180     375.893             214             214
  103        -350.489   -1402.014        -350.804   -1401.969             103             103
   39        1069.065     742.079        1069.049     741.895              39              39
  108         730.096     508.965         730.129     508.896             108             108
   74         669.172      13.164         669.202      13.113              74              74
  156       -1178.887     122.311       -1178.893     122.492             156             156
  154         115.626     -33.303         115.520     -33.285             154             154
  192          69.746    -367.244          69.592    -367.241             192             192
  161         444.600    -678.703         444.376    -678.843             161             161
  232        2223.427    2469.788        2223.712    2469.512             232             232
   59          96.282    -837.590          96.188    -837.504              59              59
  243        1363.787    -461.521        1363.741    -461.759             243             243
  255         592.552    2739.910         592.997    2739.884             255             255
   82          87.786     430.171          87.914     430.399              82              82
  144        -207.980   -1307.332        -208.138   -1307.129             144             144
   18        1458.999    -127.852        1459.071    -127.903              18              18
  202       -1240.445   -2200.267       -1240.636   -2199.996             202             202
  236        -343.924   -1652.396        -344.136   -1652.409             236             236
   49         164.338     436.792         164.465     436.744              49              49
  115       -2397.624   -1572.037       -2397.883   -1571.732             115             115
  177         857.049     693.198         857.029     693.058             177             177
   48         692.100   -1049.841         691.998   -1049.904              48              48
   27       -2049.711    -900.173       -2049.869    -899.918              27              27
  221         357.941    -827.382         357.691    -827.512             221             221
   45         331.651     558.985         331.665     558.927              45              45
  115          -9.430   -2789.749          -9.882   -2789.864             115             115
  161         120.840    1718.465         121.018    1718.297             161             161
  174          73.074    -507.193          72.918    -507.224             174             174
  152         876.986    -796.930         876.824    -797.182             152             152
   10        -559.323    1343.012        -559.225    1343.010              10              10
   25        2842.133    -493.618        2842.080    -494.066              25              25
  120       -1556.065     831.694       -1555.875     831.901             120             120
   16         304.224   -1072.344         303.985   -1072.418              16              16
  140        1405.580    -199.125        1405.598    -199.457             140             140
  157       -2638.784      27.714       -2638.870      27.939             157             157
   63        2412.106    1917.744        2412.206    1917.314              63              63
  244        2054.402     -85.490        2054.477     -85.809             244             244
  196        -871.853     837.751        -871.665     837.828             196             196
  141        1645.000    1087.175        1645.206    1086.932             141             141
   44          87.908    1105.286          88.213    1105.358              44              44
  150        -110.645     417.388        -110.458     417.555             150             150
    0       -1289.160    -625.380       -1289.215    -625.049              -0               0
   52         -99.988   -1236.418        -100.202   -1236.358              52              52
  118        -700.535   -1763.404        -700.867   -1763.439             118             118
  101         735.392    1668.524         735.591    1668.289             101             101
   84         234.857    -409.395         234.801    -409.470              84              84
   36         164.128    1072.919         164.309    1072.860              36              36
  216          40.278    -437.533          40.223    -437.580             216             216
   13         336.349    1859.410         336.692    1859.380              13              13
   82        -871.339   -1060.842        -871.477   -1060.664              82              82
  127        -252.021     759.214        -251.931     759.216             127             127
  248        -350.635     192.556        -350.639     192.596             248             248
  176        -431.814    1930.782        -431.568    1930.960             176             176
  150        -394.935   -1588.862        -395.289   -1588.693             150             150
   12        -124.307     346.781        -124.381     346.784              12              12
  209        -278.495      52.280        -278.695      52.339             209             209
  236        2647.779     615.209        2647.802     614.838             236             236
  208        -518.965    -925.259        -519.102    -925.162             208             208
  194         763.855    1162.130         763.982    1162.019             194             194
   40         138.114      54.041         138.045      54.144              40              40
   49        1826.203   -1195.354        1825.991   -1195.620              49              49
   67         410.266     168.261         410.379     168.161              67              67
   52        -384.000      -0.064        -384.000       0.000              52              52
   13         410.493    -168.057         410.379    -168.159              13              13
  255        1825.771    1195.898        1825.988    1195.624             255             255
  111         137.975     -54.247         138.045     -54.142             111             111
  193         764.116   -1161.903         763.984   -1162.018             193             193
   39        -519.247     925.061        -519.104     925.162              39              39
  232        2647.827    -614.442        2647.802    -614.834             232             232
   91        -278.906     -52.400        -278.695     -52.338              91              91
   62        -124.460    -346.787        -124.381    -346.784              62              62
  110        -395.673    1588.511        -395.292    1588.693             110             110
  166        -431.294   -1931.157        -431.564   -1930.963             166             166
   37        -350.643    -192.640        -350.639    -192.596              37              37
  193        -251.830    -759.219        -251.930    -759.216             193             193
   99        -871.635    1060.465        -871.480    1060.662              99              99
  149         337.079   -1859.345         336.695   -1859.378             149             149
   49          40.163     437.632          40.223     437.580              49              49
  191         164.517   -1072.792         164.311   -1072.859             191             191
    6         234.733     409.557         234.798     409.471               6               6
  177         735.826   -1668.014         735.595   -1668.287             177             177
  160        -701.257    1763.480        -700.871    1763.438             160             160
  164        -100.458    1236.286        -100.206    1236.357             164             164
  183       -1289.282     624.653       -1289.216     625.045             183             183
   12        -110.234    -417.754        -110.457    -417.555              12              12
  241          88.579   -1105.444          88.215   -1105.358             241             241
  133        1645.456   -1086.634        1645.207   -1086.928             133             133
  179        -871.433    -837.926        -871.662    -837.831             179             179
  241        2054.567      86.205        2054.476      85.813             241             241
   86        2412.334   -1916.775        2412.210   -1917.307              86              86
   31       -2638.977     -28.226       -2638.870     -27.945              31              31
   50        1405.620     199.879        1405.597     199.462              50              50
  132         303.678    1072.512         303.980    1072.420             132             132
   60       -1555.631    -832.170       -1555.873    -831.905              60              60
  138        2842.011     494.647        2842.079     494.069             138             138
  147        -559.091   -1343.008        -559.221   -1343.010             147             147
   39         876.608     797.514         876.821     797.184              39              39
  149          72.711     507.266          72.917     507.226             149             149
  204         121.261   -1718.071         121.023   -1718.296             204             204
  169         -10.494    2790.016          -9.888    2789.863             169             169
  106         331.683    -558.849         331.664    -558.927             106             106
  239         357.348     827.693         357.689     827.515             239             239
   59       -2050.088     899.565       -2049.871     899.915              59              59
  209         691.854    1049.995         691.996    1049.907             209             209
   25         857.001    -692.860         857.029    -693.056              25              25
   28       -2398.252    1571.298       -2397.887    1571.727              28              28
  197         164.646    -436.673         164.467    -436.743             197             197
    9        -344.441    1652.424        -344.139    1652.407               9               9
  129       -1240.915    2199.605       -1240.641    2199.994             129             129
   85        1459.178     127.982        1459.073     127.908              85              85
  149        -208.372    1306.834        -208.140    1307.130             149             149
  251          88.106    -430.738          87.915    -430.401             251             251
   99         593.667   -2739.844         593.003   -2739.882              99              99
  125        1363.674     462.117        1363.742     461.761             125             125
  115          96.046     837.378          96.187     837.505             115             115
  190        2224.157   -2469.084        2223.720   -2469.506             190             190
   55         444.028     679.058         444.374     678.843              55              55
  222          69.353     367.239          69.590     367.243             222             222
   98         115.354      33.257         115.519      33.285              98              98
  248       -1178.904    -122.780       -1178.894    -122.494             248             248
   69         669.248     -13.029         669.200     -13.111              69              69
  105         730.182    -508.783         730.129    -508.893             105             105
  214        1069.026    -741.594        1069.052    -741.892             214             214
   80        -351.321    1401.892        -350.808    1401.967              80              80
  220        -866.192    -376.189        -866.181    -375.895             220             220
   97         820.734     233.055         820.921     233.014              97              97
  117       -1820.254   -1297.292       -1820.445   -1296.802             117             117
  184         787.528   -1669.721         787.194   -1670.006             184             184
  119        -255.054    1063.034        -254.675    1063.007             119             119
  135       -1336.107   -1439.049       -1336.336   -1438.824             135             135
   91       -1802.464     370.670       -1802.605     370.888              91              91
  142        2873.113     816.072        2873.213     815.454             142             142
    6        -545.261   -1400.488        -545.368   -1400.507               6               6
   37        -709.261    3382.644        -708.488    3382.841              37              37
   21        -816.557   -1801.181        -817.014   -1800.790              21              21
   57         207.299    -290.373         207.105    -290.434              57              57
  148         908.051     423.289         908.087     423.195             148             148
  119         825.565   -2061.798         825.170   -2061.946             119             119
  111         690.835    -683.053         690.807    -683.348             111             111
   56         575.322    -991.094         575.310    -991.437              56              56
   41        -853.453     455.532        -853.221     455.505              41              41
  241        1037.162    -863.113        1037.124    -863.607             241             241
   43           3.603    1637.336           4.300    1637.063              43              43
   73       -2300.878    1344.267       -2300.388    1344.703              73              73
  187       -1314.580     931.616       -1314.442     931.932             187             187
   20         432.140     802.197         432.296     802.227              20              20
  252          35.252   -1813.824          35.028   -1813.908             252             252
  202       -2431.338    1707.116       -2430.920    1707.477             202             202
  253          37.543    1163.768          37.738    1163.830             253             253
  190       -1031.599    -459.329       -1031.672    -459.057             190             190
  123       -2136.460    -270.418       -2136.688    -270.126             123             123
  233        -172.420    3198.470        -171.996    3198.510             233             233
   26         258.357     712.388         258.330     712.641              26              26
  179        -673.959    -830.864        -674.373    -830.543             179             179
  119         878.714     705.368         878.612     705.271             119             119
  251        1451.257     312.107        1451.238     312.002             251             251
  254        1067.658    -910.120        1067.554    -910.174             254             254
   29        -814.021    -334.408        -814.040    -334.070              29              29
   16         473.276   -1919.202         472.840   -1919.251              16              16
   62       -1354.862   -2299.984       -1355.492   -2299.993              62              62
   22        1120.823    1775.501        1121.065    1774.903              22              22
  177         548.777    1148.432         549.017    1148.262             177             177
  151         589.321     630.185         589.506     630.093             151             151
  145        -982.781     608.312        -982.730     608.650             145             145
  117        1360.657    -574.500        1360.350    -574.753             117             117
   71        2495.958     410.954        2496.247     410.405              71              71
   60       -1534.212    -534.719       -1534.124    -534.342              60              60
  206          -8.505     585.327          -8.389     585.372             206             206
  172        -252.181   -1540.160        -252.624   -1540.175             172             172
  190        1398.616    1569.914        1398.985    1569.504             190             190
  142          -4.723    -796.933          -4.813    -796.956             142             142
  162          11.634    1543.890          12.015    1543.886             162             162
  113         378.475    -472.595         378.339    -472.605             113             113
  211        1164.638     635.960        1164.852     635.740             211             211
   50         729.714    -538.083         729.807    -538.192              50              50
   30       -1311.511    -375.810       -1311.529    -375.568              30              30
   37         926.553    1010.288         926.728    1010.037              37              37
   45        1748.395     628.765        1748.724     628.476              45              45
  185        -183.075     217.791        -182.765     218.077             185             185
   38         813.486   -1486.524         813.385   -1486.538              38              38
   52         159.008   -2326.919         158.849   -2327.119              52              52
  113       -1880.767     -89.103       -1880.515     -89.020             113             113
    8        -591.797    1291.666        -591.376    1291.571               8               8
   20        -451.751    1659.643        -451.179    1659.799              20              20
  197       -1946.663    -569.908       -1946.777    -569.335             197             197
  164        -419.660     -60.054        -419.845     -59.982             164             164
  217        1855.813    -212.969        1855.859    -213.491             217             217
  197        -218.293   -1083.912        -218.127   -1084.172             197             197
  119       -3386.214    2935.834       -3385.322    2936.438             119             119
   84       -1560.429    1551.942       -1560.251    1552.454              84              84
   19       -1010.969    1186.485       -1011.000    1187.000              19              19
  101        1318.223    -838.173        1317.825    -838.331             101             101
  152        -332.339    -236.204        -332.435    -236.227             152             152
  218         117.913    2889.087         118.554    2889.170             218             218
  252         302.738      49.979         302.678      50.261             252             252
  224        1364.600     692.470        1364.890     692.513             224             224
   74        -743.699   -1443.294        -743.869   -1442.725              74              74
   69        -551.536   -2384.924        -552.056   -2384.771              69              69
   63       -1599.508     115.826       -1599.608     116.095              63              63
   87        1652.452     370.926        1652.469     370.533              87              87
   16        -240.806    -416.769        -240.774    -416.615              16              16
  226        -337.568    -819.079        -337.701    -818.978             226             226
  191        -220.537    -935.968        -220.699    -936.053             191             191
  114       -1041.856     618.459       -1041.695     618.598             114             114
   35        -338.729    -374.377        -338.955    -374.382              35              35
  168        1464.544     420.569        1464.737     420.049             168             168
   92       -1222.026     400.233       -1221.731     400.409              92              92
   20        -914.965    1865.377        -914.473    1865.605              20              20
  253        -578.698    1359.777        -578.381    1360.180             253             253
   90        -778.076     536.046        -777.999     536.656              90              90
    0       -1510.443   -1130.700       -1511.020   -1129.952              -0               0
  118        1293.079    -932.222        1292.546    -932.323             118             118
   30         980.574   -2719.669         979.850   -2719.948              30              30
  126        -454.235   -1019.190        -454.537   -1019.408             126             126
  197        1121.535     720.672        1121.695     720.107             197             197
   74         396.620     891.984         396.937     891.876              74              74
  119        1620.396   -1450.609        1620.333   -1451.125             119             119
  221       -2363.129     364.108       -2362.765     364.484             221             221
   98        -535.486     753.002        -535.317     753.015              98              98
  109        -444.483    -262.286        -444.582    -262.349             109             109
   97         222.914    1476.458         223.376    1476.208              97              97
  135       -1305.454    1410.593       -1305.023    1410.944             135             135
   36       -1245.656    1108.027       -1245.550    1108.462              36              36
   17         619.205    1496.654         619.426    1496.749              17              17
  234        -202.699    -481.854        -202.918    -481.529             234             234
  241        -210.829     158.947        -210.978     159.155             241             241
   83        1563.105      89.119        1563.052      88.872              83              83
   67         481.505    -499.282         481.493    -499.278              67              67
   98        -209.167    -226.035        -209.172    -225.904              98              98
    3         746.496    -779.457         746.323    -779.717               3               3
   12        1214.415    1209.505        1215.021    1209.166              12              12
   30        -556.714    -109.567        -556.360    -109.304              30              30
  126       -1737.031     946.906       -1736.629     947.592             126             126
   25        -397.982   -1347.803        -398.417   -1347.534              25              25
   33        1103.004     630.680        1103.340     630.505              33              33
   60       -1366.607   -1988.666       -1366.949   -1988.239              60              60
  220         472.892    -194.149         473.076    -194.497             220             220
  198       -2148.940    1302.284       -2148.322    1302.877             198             198
  149       -2089.526     -54.459       -2089.636     -53.649             149             149
   91        -571.683   -2408.924        -572.587   -2408.859              91              91
  251         333.419     755.481         333.566     755.100             251             251
   86        -592.491    -101.334        -592.469    -101.381              86              86
   10       -1371.273    1067.675       -1371.100    1067.810              10              10
   90        1076.789    2466.689        1077.420    2466.412              90              90
  165        -112.671    1099.414        -112.184    1099.750             165             165
  224        -297.701     495.779        -297.300     496.225             224             224
   86       -1801.305    -156.927       -1801.138    -156.018              86              86
   74       -1815.639   -2284.328       -1816.253   -2283.722              74              74
   44       -2627.436     -79.901       -2627.688     -79.379              44              44
  139        -142.825    1532.884        -142.631    1532.867             139             139
  151       -2961.965    1730.782       -2961.877    1732.007             151             151
   34         464.577   -2175.517         463.301   -2175.389              34              34
   33        1795.659    -169.038        1795.336    -169.669              33              33
   84        1081.628    1500.715        1082.217    1500.502              84              84
   50       -2189.560     -37.766       -2189.555     -36.802              50              50
  206        -410.914   -1432.283        -411.630   -1432.064             206             206
  191         400.351     754.832         400.358     754.740             191             191
   86         516.081     639.586         516.228     639.760              86              86
  202        -546.372   -2255.478        -547.051   -2255.142             202             202
   18        -308.008    -461.448        -308.243    -461.476              18              18
  145          68.950    -121.407          68.836    -121.527             145             145
   17         116.726    -134.595         116.693    -134.797              17              17
   28         -48.864    2288.489         -48.081    2288.605              28              28
  171        -932.671    -894.989        -932.849    -894.500             171             171
  190        -595.905    1527.445        -595.392    1527.857             190             190
  179        -990.077    -553.820        -990.108    -553.102             179             179
  125       -3778.806   -1035.710       -3779.412   -1034.293             125             125
  134         623.795   -1302.722         622.885   -1302.800             134             134
   40          20.482    -622.798          20.045    -622.800              40              40
  184        1234.112    -334.052        1234.073    -334.404             184             184
   50       -2015.186     120.784       -2015.009     121.542              50              50
   93       -1901.899   -1324.190       -1902.497   -1323.468              93              93
  132       -1387.136   -1115.987       -1387.880   -1115.580             132             132
  206         451.964   -1293.602         451.309   -1293.910             206             206
   66       -1652.176    -218.096       -1652.418    -217.849              66              66
   92       -1752.365     293.831       -1752.758     294.192              92              92
    7         362.653     471.411         362.331     471.252               7               7
  124       -1097.310      20.482       -1097.725      20.834             124             124
  237         393.367    -193.776         392.884    -193.933             237             237
  132        -803.691     512.554        -803.939     512.777             132             132
  118         264.663     796.117         264.428     796.180             118             118
   22        1399.670     231.269        1399.578     231.159              22              22
  144       -1749.514    -991.115       -1749.969    -990.238             144             144
  233        -303.886   -2497.425        -304.985   -2497.360             233             233
  198       -2305.190     283.513       -2305.675     284.078             198             198
  103        1056.834   -1152.641        1055.830   -1153.067             103             103
  122       -1164.648    -282.347       -1165.371    -282.219             122             122
   75        1497.290     513.890        1496.772     513.255              75              75
   92        1036.257    1404.074        1036.304    1403.934              92              92
   38          60.001   -2076.624          58.967   -2076.483              38              38
   71        -176.243   -1244.204        -177.242   -1244.438              71              71
   38        2322.088     815.131        2321.855     814.118              38              38
  216         965.514     661.851         965.501     661.504             216             216
  191         779.836    -200.029         779.553    -200.305             191             191
   61         786.054     325.172         785.991     324.806              61              61
  200          67.945    2430.988          68.549    2431.287             200             200
   86        -524.333   -2719.813        -525.591   -2719.329              86              86
   92        1609.729    -888.614        1609.087    -889.333              92              92
  211         795.580     495.968         795.661     495.550             211             211
  106        -988.828     354.522        -988.937     354.830             106             106
  210         422.477     287.331         422.206     287.259             210             210
  162        -535.471     445.707        -535.758     446.075             162             162
  195         652.945    -973.080         652.097    -973.133             195             195
   85        1790.455     228.761        1790.304     228.351              85              85
  213       -1416.775   -1811.274       -1417.636   -1810.715             213             213
   74         612.881    -830.810         612.120    -831.162              74              74
   29         280.975    -135.556         280.601    -135.786              29              29
  160       -1745.215     252.896       -1745.750     253.495             160             160
  115        1191.043   -1104.773        1189.923   -1105.118             115             115
   76         220.592    -947.292         219.705    -947.494              76              76
   12        -173.289    -293.208        -174.037    -293.286              12              12
  140        -581.066   -1162.957        -582.256   -1162.973             140             140
  154       -1121.701    -105.197       -1122.854    -105.118             154             154
  197        -806.688    -339.759        -808.354    -339.780             197             197
  250         123.243     550.570         121.440     550.304             250             250
  244        1784.845    -284.684        1782.471    -285.475             244             244
  224         385.086     519.102         382.159     518.737             224             224
    9        -702.171    1122.561        -708.333    1122.770               9               9
