SINAL     NFT                         FFT                         NFT INVERSA     FFT INVERSA
-----     -----------------------     -----------------------     -----------     -----------
  107       65499.000       0.000       65499.000       0.000             107             107
  249       -2230.948    -135.600       -2230.934    -135.598             249             249
  215         -58.346    -705.798         -58.335    -705.799             215             215
  237        -130.593    1444.664        -130.578    1444.665             237             237
  139         103.544     -34.221         103.555     -34.220             139             139
  151        1493.689     380.787        1493.702     380.785             151             151
    1        1174.389    -540.765        1174.402    -540.768               1               1
  172         829.271    2319.951         829.299    2319.952             172             172
  164       -2489.755   -1676.195       -2489.747   -1676.177             164             164
  108       -1096.116   -1116.558       -1096.115   -1116.552             108             108
    0         858.563     439.090         858.573     439.084               0               0
  136       -1213.165    -945.682       -1213.166    -945.677             136             136
    8        3203.032     903.809        3203.045     903.781               8               8
  192         -53.742    1512.607         -53.717    1512.609             192             192
    1         799.901     417.378         799.911     417.374               1               1
  205        3139.622    2363.836        3139.661    2363.818             205             205
   86        -297.174     539.679        -297.144     539.702              86              86
  104         -93.545   -1614.756         -93.548   -1614.743             104             104
   64        1688.608    1047.394        1688.638    1047.383              64              64
  111         -70.180     682.148         -70.146     682.170             111             111
   25        -361.352   -1607.052        -361.353   -1607.024              25              25
  193         937.313   -1859.857         937.313   -1859.858             193             193
   62       -1694.835   -1882.411       -1694.840   -1882.391              62              62
    9          93.563      22.162          93.575      22.153               9               9
  141        -706.276   -1329.862        -706.286   -1329.867             141             141
  208        -101.390    4031.874        -101.328    4031.883             208             208
  249         923.053   -1643.280         923.026   -1643.266             249             249
   59        2736.731   -1607.134        2736.725   -1607.179              59              59
  164         243.282     777.974         243.334     777.968             164             164
    6       -1222.386     343.456       -1222.355     343.487               6               6
  199        -180.950     658.902        -180.929     658.931             199             199
  124         241.290   -2688.767         241.245   -2688.759             124             124
  235        1304.086    -482.152        1304.089    -482.194             235             235
  140        1197.400    1173.346        1197.456    1173.318             140             140
  180         223.259     672.993         223.315     673.007             180             180
  162       -1737.413    -899.890       -1737.412    -899.836             162             162
  133        1497.345     -75.807        1497.363     -75.834             133             133
  150       -1189.630    -116.117       -1189.606    -116.084             150             150
  103         390.055    1411.742         390.110    1411.757             103             103
  120       -1593.998   -1094.108       -1594.017   -1094.029             120             120
  140        2014.460   -2080.736        2014.420   -2080.774             140             140
   73       -1355.661   -1339.212       -1355.677   -1339.192              73              73
  113        1075.230     782.854        1075.257     782.817             113             113
   18         661.248    -254.856         661.263    -254.866              18              18
    1         827.581      58.864         827.611      58.849               1               1
  121        1363.735    -639.885        1363.770    -639.921             121             121
   56       -1197.878     396.096       -1197.815     396.127              56              56
  103         172.427    1185.833         172.503    1185.853             103             103
   80        -693.410    -590.446        -693.375    -590.388              80              80
   57       -2102.926    -739.983       -2102.918    -739.887              57              57
   98       -1584.175   -2225.311       -1584.252   -2225.260              98              98
   34        1028.444     -17.143        1028.451     -17.197              34              34
  103       -1033.666     542.969       -1033.624     543.000             103             103
   29       -1163.885     551.214       -1163.868     551.270              29              29
  107          68.618    -730.587          68.583    -730.577             107             107
  185         923.584    1496.633         923.651    1496.638             185             185
  231        -751.708   -2863.845        -751.785   -2863.790             231             231
  175       -1226.482    -299.776       -1226.505    -299.748             175             175
   29        1856.018    -640.978        1855.996    -641.071              29              29
  119         111.679    2493.031         111.816    2493.033             119             119
  120       -2033.039     851.996       -2032.996     852.151             120             120
   51          53.528   -3359.997          53.375   -3359.959              51              51
  212        1034.920    -793.206        1034.886    -793.271             212             212
  114         277.538     766.203         277.578     766.189             114             114
   36         478.288     -19.709         478.294     -19.708              36              36
  172        1264.474     573.983        1264.525     573.976             172             172
  128         422.009   -1697.564         421.984   -1697.533             128             128
   25         535.312   -1649.633         535.306   -1649.646              25              25
   65       -1931.762   -1307.161       -1931.777   -1307.086              65              65
  243        -542.713   -1319.582        -542.772   -1319.590             243             243
   36          83.490     107.141          83.491     107.100              36              36
  156        1471.668    -146.481        1471.702    -146.580             156             156
   54       -2505.794    1598.738       -2505.701    1598.855              54              54
   86        1322.785    -329.708        1322.754    -329.742              86              86
  226        1067.943    -280.020        1067.976    -280.060             226             226
   97       -1128.197     169.788       -1128.148     169.856              97              97
  255         175.276    -429.572         175.277    -429.570             255             255
  100        -497.449    1160.474        -497.370    1160.535             100             100
  218         247.184   -1133.031         247.151   -1132.989             218             218
  238        -272.890    -729.219        -272.891    -729.169             238             238
  179       -1213.040   -2340.744       -1213.156   -2340.688             179             179
  147         230.901     313.701         230.896     313.658             147             147
    5        1319.387     773.904        1319.437     773.867               5               5
  237        1222.199   -1927.695        1222.157   -1927.725             237             237
  127         282.752   -1984.381         282.742   -1984.435             127             127
  132       -1629.238     513.666       -1629.136     513.705             132             132
  103        -754.106     406.519        -754.047     406.560             103             103
  158        -715.541    -684.037        -715.544    -683.997             158             158
   74        -535.218     136.292        -535.164     136.326              74              74
   16       -2291.682   -1407.861       -2291.760   -1407.751              16              16
   15        1041.290    1118.064        1041.364    1117.983              15              15
  167       -1740.379     188.818       -1740.326     188.949             167             167
   52       -1753.828    -901.692       -1753.904    -901.569              52              52
  246         332.854     -89.848         332.837     -89.853             246             246
  252       -1863.721   -1448.012       -1863.823   -1447.901             252             252
  160        -642.544    -296.385        -642.626    -296.372             160             160
   61           9.190    -349.565           9.105    -349.581              61              61
  211         486.347   -1176.321         486.216   -1176.406             211             211
   85        2284.935    2070.180        2285.084    2070.013              85              85
  143       -1082.203     -51.077       -1082.155     -50.965             143             143
  227       -1272.288     -18.461       -1272.322     -18.325             227             227
  146         651.298   -2417.032         651.084   -2417.075             146             146
  215        1340.780     693.949        1340.814     693.840             215             215
   42        1047.227   -1203.745        1047.187   -1203.805              42              42
  218          72.514    -827.268          72.510    -827.292             218             218
  218         148.343   -1683.581         148.284   -1683.652             218             218
  197       -1235.359    -359.973       -1235.363    -360.000             197             197
   27         766.333     886.261         766.411     886.118              27              27
   39        -970.133    1230.297        -970.025    1230.321              39              39
   69         728.904    1075.302         729.007    1075.257              69              69
  183       -1128.122    -572.200       -1128.120    -572.133             183             183
  131       -1737.363    1846.095       -1737.287    1846.232             131             131
   46        2929.877   -1378.921        2929.787   -1379.113              46              46
   60        -930.731     273.994        -930.590     274.019              60              60
  184       -3460.963    1183.946       -3460.875    1184.199             184             184
   22       -1320.479     134.136       -1320.592     134.262              22              22
   68          98.586     694.123          98.498     694.175              68              68
  200        1508.452   -1940.499        1508.211   -1940.578             200             200
  255        1297.257   -1627.280        1297.094   -1627.465             255             255
  244        1412.647    1171.460        1412.730    1171.253             244             244
  118        1371.962     938.675        1372.075     938.527             118             118
    5         121.696    1442.497         121.854    1442.490               5               5
  117         264.474     815.007         264.554     815.040             117             117
  103         863.425    -778.222         863.392    -778.263             103             103
  195          53.198    -226.430          53.208    -226.469             195             195
   22         931.055     850.632         931.137     850.517              22              22
  118        2162.138    1866.797        2162.391    1866.655             118             118
   94        -390.174    -116.804        -390.027    -116.710              94              94
   99       -1673.052    -292.136       -1673.000    -292.000              99              99
  101        -364.389    2516.405        -364.161    2516.498             101             101
  243         153.117    -804.861         153.091    -804.752             243             243
  210       -1107.285    -788.822       -1107.325    -788.669             210             210
  122        -131.834   -1452.490        -131.969   -1452.495             122             122
  176          60.286     497.590          60.315     497.533             176             176
  169        1434.963     829.977        1435.080     829.846             169             169
   18        -593.541     627.059        -593.413     627.137              18              18
  166         199.353     287.034         199.431     287.048             166             166
  246        -344.805     690.589        -344.688     690.664             246             246
  150         344.542    -442.941         344.575    -442.958             150             150
  219        -535.220    1950.169        -534.943    1950.252             219             219
   29       -1799.490    1038.782       -1799.361    1039.080              29              29
  210         127.955    -144.839         127.943    -144.702             210             210
  252         555.998    -331.110         556.061    -331.021             252             252
   39       -2491.345   -1602.769       -2491.426   -1602.460              39              39
   22       -1063.602     261.282       -1063.604     261.449              22              22
   72       -1090.513   -1229.336       -1090.684   -1229.158              72              72
  206          17.232    -262.156          17.143    -262.107             206             206
   11         332.997    -362.642         332.933    -362.596              11              11
   68         622.471    -434.581         622.449    -434.522              68              68
  234         264.258   -2785.523         264.067   -2785.496             234             234
    7       -1332.537    -841.932       -1332.560    -841.822               7               7
  228        -888.604   -1795.270        -888.777   -1795.240             228             228
   97        -727.303     598.477        -727.261     598.501              97              97
   85        -596.838    -349.833        -596.900    -349.744              85              85
  224        -703.748   -1656.217        -703.969   -1656.166             224             224
  228         474.784    -536.305         474.688    -536.437             228             228
   52        -105.009     447.695        -104.977     447.651              52              52
  138         465.386     144.819         465.409     144.751             138             138
  160         105.979    1051.634         106.146    1051.674             160             160
  119       -1362.804   -1354.660       -1362.906   -1354.457             119             119
  241       -1049.817   -1366.133       -1049.991   -1366.072             241             241
  102       -1451.631     521.588       -1451.694     521.685             102             102
   98        1189.842    -119.156        1189.707    -119.290              98              98
  135        1450.435    -508.177        1450.399    -508.380             135             135
   17       -1408.836    1620.673       -1408.681    1620.824              17              17
  107        2107.388     311.525        2107.421     311.417             107             107
  183        -815.139   -1955.701        -815.280   -1955.569             183             183
  107         -94.864    -486.350         -94.898    -486.394             107             107
  163        -459.699     379.572        -459.643     379.594             163             163
  206        -990.174     258.541        -990.203     258.677             206             206
   85        1615.657    -805.131        1615.554    -805.300              85              85
  244        -409.157      92.279        -409.089      92.298             244             244
   12        -459.552    1149.453        -459.420    1149.578              12              12
   95         391.210   -1973.145         390.993   -1973.124              95              95
  242         865.857   -1163.600         865.826   -1163.778             242             242
   91       -2078.410    1071.950       -2078.226    1072.142              91              91
   53         366.056    -432.296         366.030    -432.311              53              53
  215       -1403.874   -1252.438       -1403.955   -1252.352             215             215
    3       -2513.536    1681.859       -2513.428    1682.089               3               3
  143         250.761     910.302         250.717     910.356             143             143
  109         537.142    -430.690         537.036    -430.636             109             109
   92        -327.032   -1923.825        -327.290   -1923.783              92              92
  151         187.479     506.519         187.509     506.470             151             151
  168        -241.282   -1765.119        -241.500   -1765.166             168             168
  126        -283.385    1716.127        -283.192    1716.071             126             126
   20        -840.522    1401.910        -840.392    1402.107              20              20
   96        -680.505   -1051.331        -680.724   -1051.122              96              96
  187        -210.359   -2752.285        -210.817   -2752.368             187             187
   62         884.720    3383.373         885.038    3383.217              62              62
   56        1051.292   -1274.308        1051.156   -1274.352              56              56
   18       -1477.779     636.068       -1477.713     636.268              18              18
   50        -290.913      37.622        -291.033      37.742              50              50
  150         817.891    -797.673         817.706    -797.708             150             150
  231        -881.509   -1318.942        -881.801   -1318.861             231             231
   79        1789.069     600.219        1789.001     599.954              79              79
  206        1469.911     -54.975        1469.876     -55.143             206             206
  187        1404.131     -27.310        1404.166     -27.472             187             187
  170        1267.253     227.909        1267.416     227.799             170             170
  237       -1544.565    -936.619       -1544.621    -936.390             237             237
   87         921.410    -325.397         921.366    -325.543              87              87
   63          26.353     232.814          26.448     232.794              63              63
  221        -731.158     386.567        -731.101     386.689             221             221
  225         254.712     323.849         254.720     323.900             225             225
  228         884.831    -782.165         884.765    -782.198             228             228
  176        -403.350    -960.489        -403.410    -960.435             176             176
  191       -1007.790     133.644       -1007.809     133.755             191             191
  162        1131.049     900.267        1131.135     900.200             162             162
    5         492.945    -939.721         492.894    -939.654               5               5
   94        -806.921   -1631.239        -807.103   -1631.111              94              94
   92         664.885     297.937         664.965     297.872              92              92
  191        -816.569   -1784.180        -816.759   -1784.041             191             191
  153         704.928   -1142.319         704.883   -1142.503             153             153
   38       -3356.189    -235.565       -3356.203    -235.212              38              38
   95        -697.865      59.408        -698.038      59.412              95              95
  224        -351.897    1283.646        -351.919    1283.709             224             224
  212        1533.636    -912.030        1533.381    -912.196             212             212
   98         644.264     463.291         644.308     463.236              98              98
  208         744.720    -635.929         744.658    -635.936             208             208
  124        -349.566   -2554.866        -349.895   -2554.884             124             124
  217        -788.229     522.234        -788.233     522.190             217             217
  223        1514.637     295.020        1514.627     294.718             223             223
  178         539.215    1845.608         539.547    1845.579             178             178
   32        -103.202    -304.519        -103.160    -304.344              32              32
   90       -1443.265    -927.863       -1443.430    -927.539              90              90
  182        1533.103   -2070.434        1532.799   -2070.683             182             182
   76        -841.600     393.483        -841.444     393.547              76              76
  129       -1850.366    -840.301       -1850.557    -840.044             129             129
   19         359.688      48.981         359.562      48.919              19              19
   99         188.947   -1331.371         188.685   -1331.446              99              99
  144         262.712     321.915         262.737     321.799             144             144
  188        -977.580    -443.523        -977.733    -443.442             188             188
  138        1993.021    1609.931        1993.283    1609.681             138             138
    5       -3277.586   -1551.707       -3277.853   -1551.121               5               5
  111        -302.332    -907.080        -302.763    -907.083             111             111
   19         783.435    -426.607         783.101    -426.825              19              19
   29        1305.496     989.247        1305.424     989.016              29              29
    0        2410.168     254.532        2410.099     254.249              -0              -0
   68        1834.135    -564.824        1834.079    -565.006              68              68
  221         918.497   -1325.275         918.355   -1325.398             221             221
  247         883.425    -306.139         883.420    -306.309             247             247
  119        1338.481      55.354        1338.570      55.172             119             119
  196         717.212    -290.273         717.298    -290.290             196             196
  146         126.770   -1179.292         126.689   -1179.205             146             146
   76         775.041   -2053.693         774.820   -2053.799              76              76
  194         539.181   -1792.752         539.072   -1792.949             194             194
  229        -989.424    -668.960        -989.408    -668.942             229             229
    0          63.772    -498.962          63.746    -499.060              -0              -0
   48         174.056    -704.068         174.051    -704.138              48              48
  113        -816.437   -1408.161        -816.555   -1408.073             113             113
   88       -1225.553   -2738.202       -1225.980   -2738.217              88              88
  216       -1163.538    -502.871       -1163.743    -503.011             216             216
    1         531.176    -131.709         530.984    -132.067               1               1
  209        2018.235    -162.584        2018.221    -163.168             209             209
  110         -31.162      -0.479         -31.036      -0.756             110             110
   65          54.583    1816.622          54.990    1816.448              65              65
  198        -768.084     -23.608        -768.003     -23.535             198             198
  135        -977.000      -0.076        -977.000       0.000             135             135
  143        -767.920      23.462        -768.002      23.535             143             143
  168          55.410   -1816.270          54.994   -1816.448             168             168
  203         -30.905       1.042         -31.035       0.758             203             203
  124        2018.204     163.777        2018.220     163.172             124             124
  206         530.785     132.442         530.984     132.070             206             206
   67       -1163.958     503.154       -1163.743     503.009              67              67
   61       -1226.441    2738.228       -1225.988    2738.214              61              61
  152        -816.684    1407.980        -816.557    1408.073             152             152
  116         174.046     704.217         174.051     704.140             116             116
  224          63.716     499.166          63.745     499.061             224             224
  183        -989.392     668.922        -989.409     668.941             183             183
  246         538.947    1793.167         539.068    1792.950             246             246
  197         774.570    2053.920         774.816    2053.801             197             197
  206         126.592    1179.110         126.685    1179.207             206             206
   61         717.395     290.311         717.298     290.292              61              61
  186        1338.673     -54.960        1338.571     -55.169             186             186
   23         883.412     306.507         883.419     306.312              23              23
   89         918.187    1325.544         918.352    1325.401              89              89
  125        1834.013     565.222        1834.077     565.010             125             125
   80        2410.017    -253.910        2410.098    -254.244              80              80
  155        1305.341    -988.741        1305.425    -989.013             155             155
    1         782.702     427.089         783.099     426.828               1               1
  183        -303.283     907.086        -302.766     907.082             183             183
  169       -3278.178    1550.406       -3277.855    1551.116             169             169
  148        1993.609   -1609.367        1993.288   -1609.674             148             148
  189        -977.924     443.339        -977.736     443.440             189             189
  196         262.768    -321.655         262.737    -321.798             196             196
  247         188.355    1331.540         188.681    1331.446             247             247
  151         359.404     -48.838         359.561     -48.917             151             151
  240       -1850.800     839.715       -1850.559     840.039             240             240
   23        -841.246    -393.630        -841.444    -393.548              23              23
  196        1532.404    2071.006        1532.796    2070.685             196             196
  130       -1443.647     927.114       -1443.432     927.536             130             130
  135        -103.105     304.115        -103.160     304.344             135             135
  219         539.991   -1845.537         539.552   -1845.577             219             219
   72        1514.612    -294.313        1514.626    -294.715              72              72
   78        -788.237    -522.130        -788.232    -522.190              78              78
  109        -350.345    2554.906        -349.900    2554.883             109             109
  171         744.570     635.949         744.655     635.939             171             171
  232         644.370    -463.160         644.310    -463.235             232             232
  182        1533.026     912.434        1533.378     912.203             182             182
  216        -351.944   -1283.800        -351.916   -1283.710             216             216
   83        -698.281     -59.419        -698.038     -59.413              83              83
   52       -3356.224     234.703       -3356.204     235.204              52              52
  237         704.815    1142.767         704.880    1142.505             237             237
  157        -817.037    1783.838        -816.763    1784.038             157             157
  241         665.082    -297.775         664.966    -297.869             241             241
  252        -807.374    1630.925        -807.106    1631.111             252             252
  126         492.814     939.560         492.890     939.657             126             126
  228        1131.265    -900.096        1131.137    -900.197             228             228
  125       -1007.837    -133.924       -1007.809    -133.757             125             125
  183        -403.503     960.352        -403.412     960.434             183             183
  132         884.660     782.255         884.762     782.202             132             132
  131         254.732    -323.977         254.721    -323.900             131             131
  123        -731.011    -386.881        -731.100    -386.691             123             123
  183          26.595    -232.763          26.448    -232.794             183             183
  172         921.296     325.777         921.365     325.547             172             172
   17       -1544.713     936.022       -1544.623     936.387              17              17
   17        1267.681    -227.616        1267.418    -227.794              17              17
   48        1404.223      27.735        1404.166      27.473              48              48
  187        1469.815      55.422        1469.874      55.148             187             187
   40        1788.891    -599.515        1789.003    -599.951              40              40
   52        -882.288    1318.725        -881.806    1318.859              52              52
  209         817.396     797.765         817.705     797.708             209             209
  106        -291.238     -37.943        -291.034     -37.742             106             106
   20       -1477.598    -636.615       -1477.712    -636.272              20              20
  189        1050.917    1274.434        1051.152    1274.356             189             189
  127         885.594   -3382.944         885.042   -3383.215             127             127
   87        -211.630    2752.509        -210.827    2752.366              87              87
   29        -681.109    1050.752        -680.725    1051.120              29              29
   20        -840.157   -1402.460        -840.389   -1402.110              20              20
    7        -282.842   -1715.971        -283.188   -1716.071               7               7
  174        -241.902    1765.246        -241.506    1765.164             174             174
  247         187.567    -506.380         187.511    -506.469             247             247
   80        -327.767    1923.707        -327.295    1923.783              80              80
   87         536.838     430.538         537.034     430.637              87              87
   14         250.638    -910.458         250.719    -910.357              14              14
  144       -2513.222   -1682.529       -2513.424   -1682.095             144             144
  201       -1404.115    1252.186       -1403.960    1252.349             201             201
  157         365.978     432.344         366.029     432.313             157             157
  185       -2077.870   -1072.521       -2078.225   -1072.147             185             185
  193         865.764    1164.128         865.824    1163.781             193             193
  227         390.559    1973.081         390.988    1973.124             227             227
  247        -459.160   -1149.827        -459.420   -1149.579             247             247
  216        -408.953     -92.339        -409.089     -92.300             216             216
  185        1615.343     805.647        1615.552     805.304             185             185
  255        -990.261    -258.955        -990.202    -258.679             255             255
  197        -459.526    -379.639        -459.641    -379.594             197             197
  254         -94.971     486.489         -94.900     486.396             254             254
  192        -815.581    1955.289        -815.284    1955.566             192             192
  143        2107.493    -311.180        2107.422    -311.410             143             143
  173       -1408.347   -1621.147       -1408.678   -1620.827             173             173
   20        1450.319     508.820        1450.396     508.384              20              20
  170        1189.415     119.582        1189.707     119.293             170             170
    0       -1451.833    -521.899       -1451.694    -521.688              -0              -0
  167       -1050.375    1365.936       -1049.993    1366.071             167             167
  211       -1363.142    1353.999       -1362.910    1354.454             211             211
  124         106.528   -1051.764         106.149   -1051.674             124             124
    2         465.461    -144.595         465.409    -144.749               2               2
  118        -104.905    -447.546        -104.978    -447.650             118             118
   47         474.462     536.742         474.685     536.438              47              47
   36        -704.489    1656.044        -703.972    1656.164              36              36
  167        -597.050     349.531        -596.903     349.742             167             167
   97        -727.160    -598.559        -727.260    -598.501              97              97
  243        -889.201    1795.162        -888.782    1795.237             243             243
  169       -1332.618     841.552       -1332.562     841.820             169             169
   95         263.593    2785.428         264.060    2785.496              95              95
  138         622.393     434.380         622.449     434.524             138             138
  196         332.773     362.479         332.931     362.595             196             196
   97          16.919     261.984          17.143     262.106              97              97
   87       -1091.121    1228.706       -1090.687    1229.155              87              87
  112       -1063.610    -261.879       -1063.604    -261.451             112             112
   24       -2491.642    1601.643       -2491.430    1602.451              24              24
  233         556.228     330.793         556.061     331.023             233             233
  242         127.909     144.340         127.942     144.700             242             242
  151       -1799.017   -1039.876       -1799.360   -1039.083             151             151
  158        -534.194   -1950.480        -534.939   -1950.255             158             158
   98         344.663     443.002         344.574     442.957              98              98
   64        -344.365    -690.871        -344.685    -690.665              64              64
   30         199.649    -287.084         199.432    -287.046              30              30
   19        -593.051    -627.360        -593.411    -627.139              19              19
    4        1435.416    -829.475        1435.084    -829.844               4               4
  131          60.402    -497.370          60.317    -497.533             131             131
  185        -132.363    1452.512        -131.973    1452.496             185             185
  235       -1107.445     788.222       -1107.328     788.666             235             235
  122         153.018     804.428         153.091     804.750             122             122
   48        -363.479   -2516.776        -364.153   -2516.499              48              48
   59       -1672.844     291.591       -1673.000     292.000              59              59
   38        -389.574     116.420        -390.025     116.709              38              38
  213        2163.178   -1866.202        2162.395   -1866.650             213             213
   91         931.398    -850.152         931.140    -850.514              91              91
   91          53.228     226.592          53.205     226.469              91              91
  185         863.282     778.392         863.390     778.263             185             185
   78         264.820    -815.145         264.557    -815.040              78              78
   41         122.376   -1442.465         121.859   -1442.488              41              41
   60        1372.448    -938.033        1372.076    -938.523              60              60
    1        1413.014   -1170.560        1412.734   -1171.249               1               1
    4        1296.534    1628.093        1297.089    1627.468               4               4
   17        1507.383    1940.856        1508.206    1940.583              17              17
  156          98.205    -694.354          98.500    -694.175             156             156
  245       -1320.979    -134.708       -1320.592    -134.266             245             245
  237       -3460.561   -1185.103       -3460.872   -1184.208             237             237
   62        -930.089    -274.112        -930.589    -274.020              62              62
  226        2929.457    1379.815        2929.785    1379.118             226             226
  203       -1736.993   -1846.741       -1737.281   -1846.237             203             203
  168       -1128.118     571.880       -1128.121     572.130             168             168
  217         729.394   -1075.088         729.010   -1075.255             217             217
  103        -969.619   -1230.415        -970.024   -1230.322             103             103
  153         766.709    -885.565         766.412    -886.114             153             153
   21       -1235.380     360.090       -1235.362     359.996              21              21
  167         148.047    1683.936         148.280    1683.656             167             167
   42          72.494     827.390          72.509     827.294              42              42
   50        1047.016    1204.060        1047.183    1203.810              50              50
    1        1340.954    -693.396        1340.816    -693.838               1               1
  121         650.195    2417.254         651.076    2417.076             121             121
  225       -1272.460      17.762       -1272.321      18.324             225             225
   80       -1081.958      50.492       -1082.156      50.962              80              80
  233        2285.723   -2069.292        2285.090   -2070.007             233             233
   78         485.649    1176.773         486.212    1176.408              78              78
  235           8.733     349.650           9.104     349.581             235             235
  238        -642.983     296.310        -642.626     296.371             238             238
   93       -1864.290    1447.395       -1863.827    1447.897              93              93
   45         332.750      89.877         332.834      89.854              45              45
  157       -1754.257     900.996       -1753.906     901.567             157             157
  191       -1740.083    -189.574       -1740.326    -188.955             191             191
  242        1041.725   -1117.596        1041.368   -1117.980             242             242
  193       -2292.139    1407.213       -2291.764    1407.744             193             193
  122        -534.910    -136.488        -535.165    -136.326             122             122
  168        -715.562     683.789        -715.545     683.994             168             168
   98        -753.749    -406.766        -754.045    -406.561              98              98
  141       -1628.620    -513.917       -1629.134    -513.710             141             141
   26         282.686    1984.715         282.740    1984.437              26              26
   43        1221.932    1927.885        1222.153    1927.727              43              43
  249        1319.707    -773.667        1319.439    -773.863             249             249
  246         230.874    -313.430         230.899    -313.657             246             246
   99       -1213.790    2340.380       -1213.159    2340.686              99              99
  252        -272.904     728.888        -272.892     729.168             252             252
  132         246.959    1132.755         247.149    1132.990             132             132
   79        -496.910   -1160.884        -497.366   -1160.537              79              79
   75         175.279     429.564         175.277     429.571              75              75
   49       -1127.856    -170.260       -1128.147    -169.858              49              49
  163        1068.173     280.305        1067.976     280.063             163             163
  254        1322.569     329.956        1322.753     329.747             254             254
   39       -2505.133   -1599.577       -2505.699   -1598.857              39              39
   38        1471.918     147.202        1471.702     146.583              38              38
  114          83.502    -106.842          83.492    -107.100             114             114
  223        -543.164    1319.646        -542.776    1319.589             223             223
   53       -1931.880    1306.589       -1931.778    1307.082              53              53
   10         535.256    1649.724         535.302    1649.644              10              10
   12         421.805    1697.329         421.980    1697.535              12              12
  198        1264.875    -573.925        1264.526    -573.973             198             198
   18         478.342      19.698         478.294      19.708              18              18
  191         277.883    -766.086         277.580    -766.188             191             191
   35        1034.622     793.750        1034.884     793.272              35              35
  151          52.189    3359.673          53.364    3359.957             151             151
   88       -2032.664    -853.349       -2032.995    -852.156              88              88
  135         112.907   -2493.052         111.823   -2493.035             135             135
   66        1855.817     641.822        1855.994     641.076              66              66
  148       -1226.690     299.511       -1226.506     299.744             148             148
  117        -752.440    2863.343        -751.790    2863.791             117             117
    1         924.226   -1496.667         923.655   -1496.636               1               1
    7          68.276     730.486          68.580     730.576               7               7
   77       -1163.708    -551.774       -1163.866    -551.274              77              77
   56       -1033.235    -543.279       -1033.621    -543.002              56              56
   22        1028.510      17.702        1028.450      17.200              22              22
  124       -1584.979    2224.773       -1584.257    2225.255             124             124
  192       -2102.840     738.965       -2102.919     739.882             192             192
  144        -693.045     589.817        -693.377     590.386             144             144
  223         173.280   -1186.033         172.507   -1185.852             223             223
   67       -1197.167    -396.477       -1197.813    -396.132              67              67
  177        1364.116     640.312        1363.768     639.924             177             177
  107         827.931     -58.677         827.612     -58.846             107             107
  182         661.420     254.999         661.261     254.870             182             182
  181        1075.568    -782.395        1075.260    -782.816             181             181
   99       -1355.870    1338.939       -1355.681    1339.187              99              99
   14        2013.930    2081.231        2014.416    2080.777              14              14
  171       -1594.273    1093.053       -1594.022    1094.025             171             171
  218         390.807   -1411.953         390.113   -1411.757             218             218
  243       -1189.289     115.637       -1189.605     116.079             243             243
  115        1497.612      76.212        1497.364      75.837             115             115
  177       -1737.404     899.077       -1737.413     899.830             177             177
  221         224.112    -673.196         223.316    -673.007             221             221
  121        1198.275   -1172.903        1197.459   -1173.314             121             121
   10        1304.147     482.821        1304.089     482.194              10              10
  132         240.499    2688.643         241.240    2688.760             132             132
  198        -180.565    -659.391        -180.926    -658.930             198             198
   76       -1221.838    -344.051       -1222.354    -343.492              76              76
   37         244.257    -777.852         243.336    -777.967              37              37
   21        2736.585    1608.035        2736.722    1607.183              21              21
  188         922.494    1643.015         923.023    1643.268             188             188
   95        -100.024   -4032.054        -101.316   -4031.883              95              95
  172        -706.520    1329.931        -706.290    1329.866             172             172
   72          93.820     -21.999          93.575     -22.155              72              72
   64       -1694.989    1881.913       -1694.843    1882.387              64              64
  137         937.273    1859.904         937.310    1859.860             137             137
  129        -361.398    1606.341        -361.355    1607.023             129             129
  121         -69.263    -682.776         -70.145    -682.173             121             121
   48        1689.508   -1047.066        1688.641   -1047.380              48              48
   94         -93.637    1614.364         -93.551    1614.743              94              94
  215        -296.198    -540.437        -297.142    -539.704             215             215
  128        3141.020   -2363.103        3139.666   -2363.811             128             128
  107         800.299    -417.218         799.912    -417.373             107             107
  208         -52.702   -1512.674         -53.715   -1512.609             208             208
  109        3203.613    -902.532        3203.047    -903.775             109             109
    9       -1213.306     945.373       -1213.171     945.673               9               9
  130         859.095    -438.777         858.573    -439.084             130             130
  179       -1096.095    1116.209       -1096.117    1116.550             179             179
  157       -2489.305    1674.936       -2489.750    1676.172             157             157
    6         831.414   -2319.965         829.303   -2319.949               6               6
  183        1175.465     541.130        1174.401     540.771             183             183
  175        1495.014    -380.437        1493.703    -380.782             175             175
  200         104.937      34.085         103.556      34.220             200             200
   15        -128.072   -1444.708        -130.575   -1444.666              15              15
  221         -55.454     705.860         -58.336     705.798             221             221
    8       -2224.151     134.766       -2230.935     135.595               8               8
