SINAL     NFT                         FFT                         NFT INVERSA     FFT INVERSA
-----     -----------------------     -----------------------     -----------     -----------
  172       65386.000       0.000       65386.000       0.000             172             172
  204        -962.140     252.306        -962.127     252.306             204             204
  177        -730.836     849.564        -730.821     849.566             177             177
   92        -811.423    -924.340        -811.410    -924.338              92              92
  134       -1278.794     802.352       -1278.780     802.357             134             134
   50       -1324.577     165.473       -1324.565     165.480              50              50
  187          72.770    -690.761          72.779    -690.757             187             187
   70       -1351.384    -731.759       -1351.377    -731.752              70              70
  232         833.899   -1065.332         833.902   -1065.334             232             232
   35        -781.936     -97.899        -781.928     -97.894              35              35
  174         988.588    -473.956         988.594    -473.961             174             174
   97          35.910   -1477.418          35.914   -1477.423              97              97
   97       -1148.340    2240.153       -1148.317    2240.158              97              97
  208         336.331     424.180         336.334     424.183             208             208
   74        2509.629     431.330        2509.638     431.315              74              74
    7        2049.876     728.663        2049.903     728.656               7               7
    5        -870.860    -431.714        -870.847    -431.693               5               5
   59        1275.971    -259.093        1275.981    -259.098              59              59
  151        1297.923     -79.733        1297.945     -79.739             151             151
  204         217.174    -130.463         217.204    -130.454             204             204
   13       -1311.444    -164.408       -1311.417    -164.376              13              13
  126       -1776.260   -1905.459       -1776.268   -1905.425             126             126
  209       -1545.086   -1158.189       -1545.102   -1158.170             209             209
   20        1095.062    -737.753        1095.054    -737.774              20              20
   53         575.204     900.281         575.236     900.273              53              53
   97       -1597.444     413.713       -1597.425     413.752              97              97
  230         304.250   -1556.115         304.229   -1556.110             230             230
  111         528.278    -693.072         528.281    -693.085             111             111
  146        -390.793     530.065        -390.763     530.070             146             146
   23       -1820.577     318.768       -1820.570     318.808              23              23
  237        1360.242     338.370        1360.249     338.360             237             237
  247        -291.871    -679.288        -291.868    -679.266             247             247
  166        -634.906      30.251        -634.895      30.283             166             166
  130       -1083.833   -1792.861       -1083.876   -1792.825             130             130
   99        1284.815    -777.720        1284.794    -777.750              99              99
  210         264.742     -26.498         264.753     -26.499             210             210
  161         688.121   -1649.810         688.105   -1649.830             161             161
  176       -1536.967     822.979       -1536.932     823.010             176             176
  155        -457.232    -530.760        -457.247    -530.746             155             155
  189        -463.486     169.738        -463.487     169.751             189             189
   22        -390.950     148.940        -390.959     148.965              22              22
   70         371.045   -1150.154         371.003   -1150.158              70              70
   60        -113.295     400.945        -113.303     400.952              60              60
  112        1561.267    -750.750        1561.233    -750.781             112             112
  167        1278.128   -1115.401        1278.106   -1115.451             167             167
   64         901.263    2102.458         901.347    2102.439              64              64
  189        -736.468    -920.995        -736.482    -920.944             189             189
   12         863.338   -1050.933         863.318   -1050.953              12              12
   61       -1860.957    -176.240       -1860.968    -176.183              61              61
  123         501.433     -67.005         501.393     -67.013             123             123
  147        1183.692   -1035.324        1183.627   -1035.368             147             147
    6        1972.374    1571.465        1972.403    1571.413               6               6
  236        3519.873   -1657.772        3519.842   -1657.870             236             236
  180        2487.779     498.123        2487.888     498.050             180             180
   10       -3285.315   -2406.956       -3285.340   -2406.855              10              10
   49         439.817     956.947         439.846     956.897              49              49
   80         688.944    1412.309         689.012    1412.291              80              80
    8        -465.781     702.155        -465.745     702.212               8               8
  200        1300.985    -611.643        1300.976    -611.643             200             200
  233        -100.877   -1675.596        -100.919   -1675.570             233             233
  203        1043.082    -525.617        1043.084    -525.647             203             203
  211         190.252   -1850.044         190.212   -1850.057             211             211
  241        1233.419    -527.992        1233.453    -528.064             241             241
   57       -1862.659   -1317.310       -1862.664   -1317.278              57              57
  182       -1270.910     856.392       -1270.891     856.397             182             182
   25        1885.671     703.143        1885.707     703.037              25              25
  142       -1360.054    1587.413       -1359.969    1587.464             142             142
   36         805.658    2204.000         805.753    2204.020              36              36
  252        -613.831   -1103.646        -613.880   -1103.548             252             252
  240        1577.578   -1223.610        1577.539   -1223.649             240             240
  162        -824.292   -1021.596        -824.309   -1021.554             162             162
  101        -664.309    -938.341        -664.363    -938.324             101             101
  218         616.730     -51.239         616.707     -51.283             218             218
   42         887.791    -316.470         887.782    -316.521              42              42
   38        -361.018    -337.407        -361.037    -337.403              38              38
   53        1150.301   -1071.090        1150.243   -1071.190              53              53
  228          80.959    1416.213          81.026    1416.158             228             228
  159        1215.718    1649.597        1215.790    1649.540             159             159
  116        1472.133    1000.524        1472.206    1000.491             116             116
  169         371.818    -712.950         371.810    -712.946             169             169
  143        1189.644    1218.758        1189.733    1218.715             143             143
  208        1075.661     509.569        1075.738     509.570             208             208
  111        -404.572    -784.454        -404.588    -784.384             111             111
  117        2781.991    -345.674        2782.025    -345.789             117             117
   95          -7.149   -1640.278          -7.130   -1640.294              95              95
  162        -773.082    3024.017        -772.843    3024.095             162             162
    3        -961.724   -2573.211        -961.837   -2573.088               3               3
  162         874.810   -1252.954         874.773   -1253.032             162             162
  184        -678.719    1636.795        -678.591    1636.844             184             184
  136        1549.978   -1099.993        1549.976   -1100.023             136             136
   30       -1206.074   -2944.701       -1206.158   -2944.677              30              30
  224       -1682.220    2010.778       -1682.090    2010.817             224             224
  124         473.963     768.393         474.009     768.399             124             124
    3        -175.327   -1076.636        -175.362   -1076.607               3               3
   99       -1166.241     318.667       -1166.234     318.739              99              99
   15        1607.986    -762.501        1607.936    -762.600              15              15
   12         751.087     744.677         751.203     744.631              12              12
  103       -1595.528     -58.069       -1595.499     -57.935             103             103
  225         478.282   -1227.358         478.195   -1227.383             225             225
  214         723.398    -460.539         723.387    -460.629             214             214
  203        2043.541    1505.475        2043.742    1505.341             203             203
  136       -2430.484    -628.715       -2430.428    -628.530             136             136
   30        -641.278    -501.236        -641.299    -501.209              30              30
  187          79.301      89.853          79.331      89.809             187             187
  118        -164.300    2021.118        -164.117    2021.149             118             118
  249        -571.258    -521.903        -571.238    -521.802             249             249
   13       -1659.704   -1082.551       -1659.762   -1082.440              13              13
  234        -361.582     721.553        -361.555     721.564             234             234
  209         489.110    -149.581         489.114    -149.616             209             209
   65        -508.742     491.809        -508.660     491.833              65              65
  219       -1704.378    1098.563       -1704.297    1098.707             219             219
   57        -456.475    -622.389        -456.556    -622.356              57              57
  180        -608.214    2699.055        -608.060    2699.136             180             180
  184         -15.367     137.907         -15.412     138.018             184             184
   25        1122.637      22.362        1122.630      22.369              25              25
   85       -1062.937     350.196       -1062.928     350.384              85              85
  244         916.029   -1181.329         915.903   -1181.291             244             244
  113         514.722    -981.484         514.657    -981.456             113             113
  194        -478.438    -900.044        -478.524    -899.958             194             194
  164        1466.617    -296.214        1466.583    -296.252             164             164
  197         676.114   -2524.349         675.961   -2524.367             197             197
    6         570.112    -714.726         570.119    -714.788               6               6
   66        -116.455   -1011.674        -116.456   -1011.677              66              66
   94       -1109.156    -135.327       -1109.130    -135.232              94              94
   47         284.043   -1799.959         283.935   -1799.986              47              47
   89       -2167.228    -880.204       -2167.312    -880.082              89              89
    5        1309.013   -1396.822        1308.881   -1397.033               5               5
  253       -1760.069    2258.738       -1759.911    2258.835             253             253
   72        1794.048    -321.913        1794.000    -322.000              72              72
   60        -933.428   -2004.675        -933.570   -2004.601              60              60
   56        -202.117   -1726.859        -202.284   -1726.978              56              56
    1        -356.537    1888.036        -356.412    1887.948               1               1
  192          65.607     868.861          65.628     868.831             192             192
  232         331.909    1484.727         331.984    1484.744             232             232
   67         252.645   -1092.152         252.475   -1092.119              67              67
  109        2015.338   -1131.901        2015.191   -1132.121             109             109
   80        2157.089     781.463        2157.213     781.232              80              80
  242         615.915   -1236.710         615.910   -1236.832             242             242
   20        -155.352    1464.633        -155.154    1464.552              20              20
  191         933.393    1751.754         933.623    1751.678             191             191
   56        -548.834      99.034        -548.751      99.115              56              56
  113         -24.954     812.059         -24.850     812.078             113             113
   42         770.784     745.889         770.908     745.871              42              42
  154         686.188    -493.797         686.277    -493.837             154             154
  249       -2515.411    1230.700       -2515.221    1230.950             249             249
  117        -851.573    1468.711        -851.499    1468.911             117             117
  103        1538.149   -1279.460        1538.016   -1279.487             103             103
   77         555.742    -355.501         555.809    -355.504              77              77
  233       -1905.805    -190.564       -1905.781    -190.314             233             233
   72        -104.605   -1382.755        -104.789   -1382.705              72              72
  178        1933.575   -1109.529        1933.524   -1109.750             178             178
  237       -1249.809    -129.510       -1249.715    -129.452             237             237
   40       -1141.188     577.687       -1141.124     577.772              40              40
   38         345.619    -174.118         345.618    -174.175              38              38
  179       -1309.573     808.448       -1309.478     808.554             179             179
  255        -769.199    1324.031        -769.127    1324.156             255             255
  145          60.190     259.934          60.133     260.032             145             145
  128        1089.278    -625.806        1089.168    -625.833             128             128
  249        1573.098    -688.566        1573.080    -688.688             249             249
   11         357.736    -639.936         357.804    -639.975              11              11
   85       -1237.774    -432.211       -1237.712    -432.131              85              85
  184       -2125.925     931.382       -2125.861     931.562             184             184
   28         649.556    1696.166         649.659    1696.159              28              28
  107         612.065     450.087         612.131     450.173             107             107
   18        -608.605   -1451.753        -608.739   -1451.608              18              18
  159         320.921    1175.980         321.067    1176.025             159             159
  195        -951.079    -440.472        -951.112    -440.202             195             195
  228        -548.590   -1567.520        -548.807   -1567.338             228             228
  176         164.901    -997.427         164.734    -997.337             176             176
    7         440.255   -3592.621         439.826   -3592.665               7               7
    5         937.385   -1835.873         937.202   -1836.139               5               5
  101        -106.601    -613.845        -106.630    -614.048             101             101
  220         363.781    1816.111         364.019    1815.944             220             220
  180         409.139     747.150         409.320     747.102             180             180
  124       -2235.961     446.786       -2235.899     447.075             124             124
   58         894.437    -615.171         894.331    -615.253              58              58
  201        -634.897     216.250        -634.863     216.327             201             201
  191         629.715    -320.894         629.711    -320.939             191             191
  109       -1026.605    -705.692       -1026.622    -705.568             109             109
  188       -2505.707   -1252.548       -2505.958   -1252.328             188             188
  136        1606.528    -155.203        1606.387    -155.525             136             136
   25         -29.926     915.068         -29.831     914.968              25              25
   55         121.707    1028.797         121.817    1028.743              55              55
   98        -475.200     860.054        -475.110     860.104              98              98
  224       -1722.173    1656.545       -1722.121    1656.832             224             224
  205        1584.021    -333.590        1583.789    -333.656             205             205
   57        2299.679    -367.283        2299.619    -367.483              57              57
   72         142.317   -1209.564         142.212   -1209.586              72              72
  130         635.678     740.157         635.778     740.070             130             130
  143         275.885    -799.853         275.793    -799.893             143             143
  247         651.476    1014.870         651.603    1014.797             247             247
  228         642.289    -653.054         642.229    -653.091             228             228
   86         776.930    -737.448         776.891    -737.602              86              86
   35        -309.360    1248.813        -309.180    1248.822              35              35
  134         939.204    -289.782         939.154    -289.894             134             134
  127        2266.801     451.625        2266.988     451.307             127             127
  239        -310.315     917.303        -309.986     917.334             239             239
   20        -463.390    2050.469        -462.953    2050.653              20              20
  240       -2174.545    -749.096       -2174.570    -748.658             240             240
  173       -1172.583     644.274       -1172.585     644.569             173             173
  156         547.060   -1107.645         546.836   -1107.554             156             156
  153         226.066    -941.934         225.906    -941.845             153             153
  171        1687.333   -2827.617        1687.042   -2827.865             171             171
  186       -2146.029     261.491       -2145.982     261.660             186             186
  247        2648.171     173.034        2648.232     172.670             247             247
  220       -1883.609    -391.716       -1883.561    -391.451             220             220
  141         265.853    -872.430         265.724    -872.486             141             141
  101        -444.745   -1097.125        -444.910   -1097.194             101             101
  157        1089.055    1531.331        1089.268    1531.092             157             157
   18         483.511     298.170         483.639     298.122              18              18
  130         546.937     176.543         547.110     176.499             130             130
  190       -1145.173   -1039.940       -1145.181   -1039.837             190             190
   50        -879.796    1101.797        -879.600    1101.821              50              50
  148        -433.234    2076.540        -432.930    2076.673             148             148
  162         351.527     438.765         351.680     438.944             162             162
  150       -2044.521   -2874.434       -2044.862   -2874.103             150             150
  166        -823.090    1226.013        -822.983    1226.084             166             166
    9          16.985      39.138          16.950      39.232               9               9
   96        -202.830   -1123.624        -202.971   -1123.545              96              96
  132       -1314.090    -638.500       -1314.220    -638.352             132             132
  176         585.923     263.922         585.921     263.812             176             176
  157        -744.539    -130.734        -744.561    -130.616             157             157
  135         311.628    -560.259         311.561    -560.348             135             135
  124       -1005.689    1925.088       -1005.377    1925.303             124             124
   57       -1302.398    -894.873       -1302.596    -894.478              57              57
   44         312.978   -2648.374         312.539   -2648.380              44              44
   65       -1408.346   -1858.739       -1408.676   -1858.697              65              65
   33        -189.207    -802.096        -189.446    -802.343              33              33
  253         -60.832    1591.398         -60.689    1591.203             253             253
  228         474.966     587.667         475.044     587.508             228             228
   26       -1481.427    1224.833       -1481.252    1225.029              26              26
  220       -2079.839    -525.386       -2080.119    -525.126             220             220
   10        -329.896    1472.439        -330.022    1472.433              10              10
   96        1716.806      70.105        1716.543      69.827              96              96
   49        1356.004    1516.336        1356.080    1516.143              49              49
   63        2210.369     388.138        2210.399     387.906              63              63
  237         807.407   -1407.864         807.267   -1408.037             237             237
  121          78.764    1784.653          79.088    1784.542             121             121
  112         -80.873    1801.023         -80.599    1801.140             112             112
  242          68.585    -109.941          68.507    -109.788             242             242
  251        1475.153   -1333.964        1474.957   -1334.217             251             251
  245         -32.385    2153.903         -31.965    2153.896             245             245
   37         -70.423     437.132         -70.302     437.284              37              37
   10        -134.802     155.011        -134.707     155.174              10              10
  225       -1524.653   -1232.228       -1524.842   -1231.969             225             225
   61       -1641.738    1729.896       -1641.648    1730.183              61              61
  252         310.448     152.147         310.211     152.252             252             252
   89        1167.060     291.955        1166.942     291.946              89              89
  178         542.500    -563.596         542.310    -563.464             178             178
  157         208.488   -2898.045         207.863   -2898.044             157             157
   82        2186.011    -797.791        2185.791    -798.320              82              82
  191        1123.569     191.435        1123.665     191.073             191             191
  182        -473.737    1084.623        -473.559    1084.573             182             182
  188         389.964    2003.469         390.177    2003.435             188             188
  112        1875.219     514.375        1875.272     514.186             112             112
   62         461.281    1322.683         461.546    1322.784              62              62
  176         414.000      -0.196         414.000       0.000             176             176
   97         461.818   -1322.884         461.549   -1322.783              97              97
  193        1875.329    -513.985        1875.274    -514.181             193             193
  168         390.401   -2003.398         390.181   -2003.434             168             168
  188        -473.369   -1084.522        -473.556   -1084.574             188             188
  245        1123.767    -190.691        1123.666    -191.069             245             245
   17        2185.559     798.883        2185.789     798.326              17              17
   23         207.194    2898.045         207.856    2898.045              23              23
  125         542.103     563.323         542.308     563.464             125             125
  110        1166.814    -291.931        1166.941    -291.942             110             110
   93         309.953    -152.366         310.209    -152.252              93              93
   69       -1641.544   -1730.505       -1641.644   -1730.190              69              69
  108       -1525.051    1231.681       -1524.843    1231.966             108             108
  240        -134.601    -155.354        -134.706    -155.175             240             240
  185         -70.165    -437.457         -70.301    -437.286             185             185
  138         -31.486   -2153.890         -31.959   -2153.897             138             138
  171        1474.731    1334.507        1474.955    1334.219             171             171
  194          68.417     109.613          68.507     109.788             194             194
   63         -80.282   -1801.275         -80.597   -1801.141              63              63
  153          79.470   -1784.411          79.093   -1784.541             153             153
  148         807.101    1408.240         807.266    1408.038             148             148
  138        2210.434    -387.623        2210.399    -387.899             138             138
   63        1356.172   -1515.907        1356.082   -1516.138              63              63
   12        1716.229     -69.487        1716.543     -69.820              12              12
  138        -330.171   -1472.427        -330.019   -1472.434             138             138
  133       -2080.464     524.804       -2080.122     525.123             133             133
  216       -1481.035   -1225.271       -1481.251   -1225.030             216             216
   35         475.142    -587.308         475.045    -587.505              35              35
  107         -60.505   -1590.963         -60.685   -1591.205             107             107
   15        -189.749     802.655        -189.449     802.344              15              15
  112       -1409.099    1858.639       -1408.681    1858.694             112             112
  126         311.972    2648.389         312.531    2648.381             126             126
  235       -1302.851     893.968       -1302.596     894.477             235             235
  181       -1004.965   -1925.583       -1005.372   -1925.304             181             181
   22         311.469     560.465         311.559     560.349              22              22
  164        -744.592     130.460        -744.562     130.615             164             164
   71         585.919    -263.666         585.922    -263.812              71              71
  114       -1314.400     638.151       -1314.223     638.349             114             114
   40        -203.164    1123.442        -202.973    1123.547              40              40
   45          16.905     -39.358          16.951     -39.231              45              45
  223        -822.834   -1226.183        -822.981   -1226.085             223             223
  151       -2045.347    2873.639       -2044.871    2874.098             151             151
  111         351.894    -439.191         351.681    -438.942             111             111
  121        -432.497   -2076.862        -432.925   -2076.675             121             121
  145        -879.318   -1101.858        -879.597   -1101.823             145             145
  215       -1145.193    1039.686       -1145.182    1039.833             215             215
   69         547.360    -176.432         547.112    -176.497              69              69
   10         483.824    -298.052         483.639    -298.121              10              10
  149        1089.580   -1530.739        1089.269   -1531.090             149             149
  185        -445.156    1097.294        -444.912    1097.192             185             185
   57         265.529     872.571         265.722     872.487              57              57
  235       -1883.489     391.046       -1883.562     391.445             235             235
   39        2648.325    -172.117        2648.232    -172.667              39              39
   86       -2145.906    -261.927       -2145.979    -261.667              86              86
   76        1686.585    2828.253        1687.034    2827.870              76              76
   19         225.657     941.708         225.905     941.845              19              19
   49         546.486    1107.411         546.835    1107.554              49              49
  180       -1172.582    -645.040       -1172.581    -644.573             180             180
  162       -2174.613     747.955       -2174.573     748.652             162             162
  122        -462.249   -2050.947        -462.947   -2050.654             122             122
  169        -309.453    -917.386        -309.984    -917.335             169             169
  121        2267.292    -450.783        2266.989    -451.301             121             121
  146         939.070     290.076         939.153     289.894             146             146
  248        -308.882   -1248.837        -309.177   -1248.822             248             248
   70         776.826     737.861         776.890     737.603              70              70
   13         642.126     653.160         642.228     653.095              13              13
   81         651.822   -1014.671         651.605   -1014.796              81              81
  102         275.634     799.963         275.792     799.895             102             102
  137         635.952    -739.916         635.779    -740.068             137             137
  145         142.025    1209.624         142.209    1209.586             145             145
  147        2299.509     367.843        2299.617     367.489             147             147
  216        1583.377     333.779        1583.788     333.660             216             216
  232       -1722.025   -1657.348       -1722.119   -1656.835             232             232
  157        -474.945    -860.197        -475.108    -860.105             157             157
  165         122.019   -1028.641         121.818   -1028.741             165             165
  120         -29.654    -914.783         -29.829    -914.967             120             120
   47        1606.128     156.122        1606.388     155.528              47              47
   73       -2506.427    1251.907       -2505.960    1252.321              73              73
  163       -1026.655     705.331       -1026.624     705.565             163             163
  164         629.701     321.026         629.710     320.941             164             164
  164        -634.798    -216.478        -634.864    -216.329             164             164
  237         894.128     615.415         894.331     615.255             237             237
  191       -2235.777    -447.646       -2235.898    -447.080             191             191
  135         409.677    -747.006         409.321    -747.101             135             135
   55         364.495   -1815.613         364.022   -1815.944              55              55
  252        -106.690     614.450        -106.630     614.047             252             252
  193         936.823    1836.678         937.196    1836.141             193             193
    4         438.942    3592.755         439.816    3592.666               4               4
  130         164.392     997.152         164.734     997.337             130             130
   44        -549.261    1566.957        -548.811    1567.336              44              44
  186        -951.183     439.638        -951.113     440.201             186             186
  175         321.379   -1176.117         321.070   -1176.023             175             175
  160        -609.026    1451.301        -608.741    1451.607             160             160
   40         612.273    -450.355         612.132    -450.173              40              40
   50         649.888   -1696.143         649.664   -1696.158              50              50
   35       -2125.717    -931.960       -2125.858    -931.568              35              35
   97       -1237.575     431.951       -1237.712     432.130              97              97
   84         357.952     640.064         357.803     639.977              84              84
   97        1573.039     688.972        1573.079     688.693              97              97
  135        1088.914     625.901        1089.165     625.837             135             135
   98          60.003    -260.257          60.133    -260.033              98              98
  124        -768.954   -1324.450        -769.123   -1324.159             124             124
  212       -1309.254    -808.804       -1309.476    -808.556             212             212
  121         345.616     174.308         345.618     174.176             121             121
  115       -1140.969    -577.974       -1141.122    -577.774             115             115
  139       -1249.489     129.307       -1249.714     129.448             139             139
  172        1933.396    1110.297        1933.521    1109.757             172             172
  241        -105.245    1382.581        -104.793    1382.705             241             241
  137       -1905.721     189.692       -1905.781     190.310             137             137
  252         555.979     355.511         555.810     355.503             252             252
   63        1537.681    1279.561        1538.014    1279.491              63              63
  110        -851.308   -1469.422        -851.495   -1468.914             110             110
   18       -2514.734   -1231.595       -2515.220   -1230.953              18              18
  174         686.507     493.943         686.277     493.838             174             174
   22         771.231    -745.823         770.909    -745.871              22              22
  206         -24.572    -812.130         -24.847    -812.078             206             206
  237        -548.529     -99.332        -548.752     -99.117             237             237
  200         934.248   -1751.470         933.629   -1751.675             200             200
   52        -154.616   -1464.333        -155.153   -1464.552              52              52
  123         615.890    1237.167         615.906    1236.834             123             123
  199        2157.558    -780.588        2157.215    -781.229             199             199
  166        2014.773    1132.740        2015.187    1132.126             166             166
  249         251.990    1092.028         252.471    1092.121             249             249
  238         332.198   -1484.791         331.985   -1484.742             238             238
    7          65.692    -868.743          65.631    -868.830               7               7
   51        -356.047   -1887.690        -356.409   -1887.948              51              51
  212        -202.780    1727.325        -202.289    1726.977             212             212
  248        -933.997    2004.382        -933.576    2004.600             248             248
  160        1793.857     322.262        1794.000     322.000             160             160
   25       -1759.415   -2259.140       -1759.906   -2258.838              25              25
   60        1308.460    1397.688        1308.876    1397.036              60              60
   61       -2167.580     879.689       -2167.314     880.077              61              61
   14         283.588    1800.073         283.932    1799.987              14              14
  167       -1109.047     134.924       -1109.129     135.230             167             167
   11        -116.470    1011.690        -116.460    1011.677              11              11
   62         570.140     714.990         570.118     714.788              62              62
   28         675.448    2524.423         675.957    2524.366              28              28
  241        1466.469     296.390        1466.582     296.256             241             241
  209        -478.822     899.670        -478.527     899.957             209             209
  160         514.429     981.366         514.654     981.457             160             160
  129         915.474    1181.168         915.903    1181.293             129             129
  127       -1062.887    -351.043       -1062.925    -350.387             127             127
  151        1122.606     -22.389        1122.630     -22.368             151             151
  244         -15.570    -138.413         -15.412    -138.019             244             244
   46        -607.502   -2699.427        -608.056   -2699.136              46              46
  162        -456.847     622.232        -456.556     622.355             162             162
  238       -1703.998   -1099.246       -1704.296   -1098.711             238             238
  201        -508.357    -491.926        -508.659    -491.835             201             201
  187         489.128     149.747         489.114     149.616             187             187
   46        -361.449    -721.606        -361.553    -721.564              46              46
  110       -1659.996    1082.009       -1659.766    1082.437             110             110
  134        -571.164     521.406        -571.239     521.800             134             134
  169        -163.390   -2021.270        -164.113   -2021.149             169             169
   44          79.453     -89.629          79.332     -89.808              44              44
  234        -641.388     501.099        -641.301     501.209             234             234
   89       -2430.202     627.765       -2430.429     628.525              89              89
   37        2044.574   -1504.776        2043.745   -1505.336              37              37
  140         723.338     461.008         723.387     460.630             140             140
   72         477.828    1227.493         478.193    1227.384              72              72
   95       -1595.369      57.353       -1595.497      57.930              95              95
   69         751.706    -744.429         751.204    -744.630              69              69
   13        1607.710     763.055        1607.935     762.606              13              13
  244       -1166.199    -319.073       -1166.233    -318.742             244             244
  167        -175.524    1076.469        -175.363    1076.605             167             167
  106         474.223    -768.428         474.009    -768.399             106             106
  129       -1681.466   -2011.008       -1682.082   -2010.820             129             129
  238       -1206.570    2944.557       -1206.165    2944.675             238             238
   60        1549.959    1100.177        1549.974    1100.026              60              60
  153        -677.966   -1637.084        -678.588   -1636.845             153             153
  187         874.582    1253.418         874.770    1253.034             187             187
  165        -962.417    2572.471        -961.844    2573.085             165             165
  124        -771.617   -3024.497        -772.834   -3024.098             124             124
  114          -7.036    1640.378          -7.132    1640.295             114             114
   82        2782.210     346.410        2782.027     345.797              82              82
  112        -404.675     784.015        -404.589     784.381             112             112
  241        1076.151    -509.571        1075.740    -509.568             241             241
   12        1190.215   -1218.472        1189.734   -1218.712              12              12
  188         371.756     712.930         371.808     712.947             188             188
   68        1472.618   -1000.300        1472.209   -1000.488              68              68
   38        1216.218   -1649.202        1215.796   -1649.535              38              38
  107          81.415   -1415.844          81.028   -1416.159             107             107
   82        1149.901    1071.786        1150.241    1071.195              82              82
  183        -361.152     337.371        -361.038     337.400             183             183
   50         887.721     316.829         887.781     316.523              50              50
  204         616.572      51.558         616.708      51.285             204             204
  188        -664.711     938.216        -664.367     938.322             188             188
  123        -824.421    1021.276        -824.311    1021.550             123             123
  137        1577.273    1223.915        1577.535    1223.654             137             137
  238        -614.204    1102.900        -613.881    1103.547             238             238
   39         806.399   -2204.149         805.758   -2204.018              39              39
  135       -1359.389   -1587.815       -1359.964   -1587.469             135             135
  111        1885.952    -702.293        1885.707    -703.031             111             111
   38       -1270.757    -856.429       -1270.890    -856.398              38              38
  254       -1862.724    1317.031       -1862.668    1317.274             254             254
   25        1233.688     528.603        1233.452     528.067              25              25
  252         189.893    1850.151         190.207    1850.056             252             252
  180        1043.093     525.884        1043.083     525.650             180             180
  172        -101.258    1675.368        -100.921    1675.570             172             172
  167        1300.893     611.651        1300.974     611.646             167             167
  224        -465.456    -702.678        -465.744    -702.215             224             224
  158         689.580   -1412.145         689.014   -1412.290             158             158
  102         440.103    -956.482         439.849    -956.897             102             102
   82       -3285.586    2405.952       -3285.347    2406.846              82              82
   32        2488.842    -497.390        2487.889    -498.044              32              32
   61        3519.547    1658.775        3519.838    1657.877              61              61
  218        1972.695   -1570.916        1972.408   -1571.406             218             218
   56        1183.023    1035.781        1183.627    1035.369              56              56
  153         501.010      67.101         501.391      67.015             153             153
  241       -1861.081     175.632       -1860.968     176.182             241             241
  191         863.112    1051.156         863.316    1050.954             191             191
   16        -736.633     920.411        -736.484     920.941              16              16
  231         902.230   -2102.223         901.350   -2102.436             231             231
    4        1277.847    1115.989        1278.102    1115.453               4               4
  141        1560.847     751.155        1561.231     750.787             141             141
  227        -113.389    -401.033        -113.302    -400.954             227             227
  218         370.487    1150.202         370.997    1150.158             218             218
  168        -391.067    -149.246        -390.958    -148.964             168             168
  215        -463.500    -169.930        -463.487    -169.753             215             215
  107        -457.441     530.547        -457.248     530.743             107             107
  207       -1536.479    -823.414       -1536.933    -823.012             207             207
   29         687.875    1650.099         688.100    1649.830              29              29
  181         264.898      26.515         264.751      26.501             181             181
  127        1284.498     778.175        1284.793     777.751             127             127
  204       -1084.529    1792.289       -1083.881    1792.822             204             204
  138        -634.740     -30.771        -634.895     -30.283             138             138
   40        -291.832     678.914        -291.871     679.265              40              40
  207        1360.373    -338.193        1360.250    -338.358             207             207
   86       -1820.441    -319.525       -1820.570    -318.814              86              86
   12        -390.259    -530.178        -390.763    -530.072              12              12
  213         528.309     693.325         528.278     693.087             213             213
  133         303.792    1556.010         304.225    1556.110             133             133
   42       -1597.055    -414.557       -1597.424    -413.756              42              42
  109         575.909    -900.086         575.239    -900.270             109             109
   10        1094.858     738.249        1095.051     737.776              10              10
  155       -1545.465    1157.669       -1545.103    1158.163             155             155
   39       -1776.508    1904.579       -1776.272    1905.420              39              39
  228       -1310.777     163.545       -1311.419     164.372             228             228
   82         217.972     130.215         217.204     130.454              82              82
   57        1298.566      79.893        1297.946      79.740              57              57
   18        1276.277     259.248        1275.981     259.100              18              18
  109        -870.433     431.049        -870.848     431.693             109             109
  119        2050.798    -728.327        2049.905    -728.652             119             119
   52        2509.971    -430.720        2509.639    -431.311              52              52
   77         336.448    -424.309         336.334    -424.181              77              77
  163       -1147.312   -2240.423       -1148.314   -2240.161             163             163
  223          35.973    1477.638          35.908    1477.423             223             223
   36         988.866     474.191         988.591     473.961              36              36
   84        -781.471      97.588        -781.929      97.890              84              84
  244         834.090    1065.514         833.900    1065.335             244             244
  115       -1350.965     731.061       -1351.381     731.747             115             115
  104          73.436     690.430          72.777     690.754             104             104
   16       -1323.415    -166.301       -1324.566    -165.484              16              16
   37       -1276.879    -802.968       -1278.778    -802.359              37              37
   32        -809.426     923.837        -811.414     924.336              32              32
   93        -727.085    -850.090        -730.819    -849.570              93              93
   75        -955.040    -252.741        -962.125    -252.310              75              75
