SINAL     NFT                         FFT                         NFT INVERSA     FFT INVERSA
-----     -----------------------     -----------------------     -----------     -----------
  184       65180.000       0.000       65180.000       0.000             184             184
  210        1198.795     -70.472        1198.808     -70.473             210             210
   79        -277.596    2025.820        -277.580    2025.820              79              79
    6         511.935     522.950         511.949     522.951               6               6
  184          95.817   -1801.805          95.827   -1801.806             184             184
  251         302.153     -53.241         302.166     -53.247             251             251
  100         930.315    2200.324         930.336    2200.316             100             100
  133        -240.861    2207.142        -240.839    2207.144             133             133
  159        -913.594    1448.934        -913.576    1448.943             159             159
  234        1827.579     451.668        1827.591     451.664             234             234
   84        1661.340     516.592        1661.360     516.589              84              84
   72          72.618   -1162.898          72.629   -1162.896              72              72
  249         202.598     330.128         202.615     330.124             249             249
   75        1894.387    1547.960        1894.418    1547.948              75              75
   53        -196.752    -846.145        -196.736    -846.143              53              53
   14         531.318    2889.937         531.364    2889.933              14              14
   58        -774.013    1932.189        -773.972    1932.218              58              58
  197         202.516   -1328.457         202.520   -1328.440             197             197
   51         -29.273     633.414         -29.247     633.430              51              51
   43        1112.450   -1571.929        1112.459   -1571.927              43              43
    8       -1883.615     280.679       -1883.584     280.716               8               8
   20       -1108.399   -1703.960       -1108.408   -1703.932              20              20
   82         379.525   -1117.792         379.525   -1117.792              82              82
  240       -1358.622    -966.458       -1358.625    -966.434             240             240
   11        2047.103   -2578.482        2047.083   -2578.521              11              11
  150       -1212.652    -151.640       -1212.624    -151.642             150             150
  145       -1430.314    1054.547       -1430.284    1054.560             145             145
  217         -59.378    -512.201         -59.380    -512.204             217             217
  194         881.944     -31.750         881.962     -31.781             194             194
  100        -424.638    1786.164        -424.582    1786.163             100             100
  103         -44.481    1138.717         -44.434    1138.726             103             103
  126       -1182.879     820.643       -1182.840     820.680             126             126
   67        -388.013     436.781        -387.984     436.812              67              67
  109       -1078.893    -945.927       -1078.894    -945.886             109             109
   56        -603.245   -1842.582        -603.268   -1842.581              56              56
  227       -1313.206    1554.317       -1313.155    1554.325             227             227
  163       -2267.760    1804.752       -2267.723    1804.812             163             163
  172        -183.871     993.500        -183.862     993.528             172             172
  227        -556.126    1121.904        -556.110    1121.958             227             227
   44         344.133   -1600.573         344.088   -1600.551              44              44
   76        -781.964     838.850        -781.954     838.894              76              76
  175        1098.100    -616.854        1098.075    -616.841             175             175
   34         531.229   -1660.239         531.195   -1660.224              34              34
   32        -493.591   -2103.949        -493.643   -2103.937              32              32
  222         926.831     -38.152         926.838     -38.189             222             222
   27         286.024      29.106         286.051      29.104              27              27
   44        -925.007    -829.413        -925.004    -829.380              44              44
  178       -2166.526    -156.555       -2166.536    -156.482             178             178
  189        -148.282   -1831.497        -148.368   -1831.496             189             189
  241         -39.666    -245.669         -39.700    -245.687             241             241
  118         196.509    -500.193         196.460    -500.216             118             118
  214        2544.269    -227.558        2544.265    -227.660             214             214
  198       -2513.911    -492.564       -2513.946    -492.519             198             198
  239        3131.470    2027.904        3131.499    2027.779             239             239
   64        1925.138    -120.427        1925.153    -120.498              64              64
  110        1549.488    1595.279        1549.587    1595.224             110             110
  236        -306.975     307.133        -306.923     307.155             236             236
   77         443.220    1196.279         443.294    1196.279              77              77
  203        -522.205     487.450        -522.163     487.495             203             203
   21         108.644    1477.955         108.712    1478.006              21              21
  103         301.902   -1859.256         301.856   -1859.216             103             103
  239       -1024.519   -1155.949       -1024.556   -1155.909             239             239
   36         676.341    -347.242         676.324    -347.286              36              36
  199         303.544    1266.476         303.606    1266.470             199             199
  251         672.503    -561.823         672.502    -561.830             251             251
   25         111.113    -128.780         111.145    -128.780              25              25
  223        -972.813      -5.370        -972.790      -5.324             223             223
  168        -429.260    -139.183        -429.265    -139.164             168             168
  155        -262.346     247.669        -262.343     247.674             155             155
  109          63.299    1816.126          63.366    1816.160             109             109
   32         834.085   -1880.908         834.000   -1880.912              32              32
  164         240.614     -23.687         240.626     -23.712             164             164
  103         331.104     717.368         331.147     717.359             103             103
   22        1470.765    -147.498        1470.805    -147.555              22              22
    6       -1469.074     705.105       -1468.986     705.186               6               6
  237       -1663.901    1147.208       -1663.858    1147.344             237             237
   58         799.781   -1757.619         799.679   -1757.612              58              58
   34          58.882    -475.933          58.877    -475.930              34              34
  105        -689.976   -1504.065        -690.033   -1504.063             105             105
   36       -1931.844    1572.850       -1931.799    1572.909              36              36
  181         881.118    1554.349         881.146    1554.334             181             181
  151         255.697     448.142         255.699     448.197             151             151
   98         726.070   -1216.324         726.006   -1216.322              98              98
   22       -1443.452     573.188       -1443.442     573.300              22              22
  111        -345.544   -1980.738        -345.738   -1980.706             111             111
  146        2290.818    1151.954        2290.821    1151.833             146             146
  144        1032.375    -871.221        1032.312    -871.242             144             144
    2         975.900   -1674.087         975.788   -1674.173               2               2
  119        2433.734    1340.424        2433.831    1340.246             119             119
  188         -27.801    1163.998         -27.696    1164.022             188             188
  131         850.275      72.900         850.292      72.893             131             131
   49         867.733    -288.634         867.739    -288.667              49              49
   45        1210.720    1198.121        1210.835    1198.092              45              45
  108         913.699    -482.682         913.762    -482.674             108             108
  169       -2721.573    -183.278       -2721.554    -183.065             169             169
  250        -305.879    -811.528        -306.000    -811.468             250             250
  230        2081.866    -494.596        2081.793    -494.698             230             230
   29        1947.617    -173.083        1947.647    -173.151              29              29
   57         514.254   -3053.947         514.134   -3053.981              57              57
   13        -471.561   -1003.624        -471.590   -1003.705              13              13
   35        1519.115    3151.974        1519.364    3151.851              35              35
  252        -131.689    -540.890        -131.638    -540.820             252             252
   67       -1342.087    -806.917       -1342.103    -806.814              67              67
   48         198.849    -758.233         198.816    -758.269              48              48
  151        -854.662     315.817        -854.627     315.844             151             151
   24        -293.544    -120.609        -293.554    -120.615              24              24
  223       -2206.456     544.569       -2206.509     544.690             223             223
   24        3048.093     810.798        3048.065     810.576              24              24
  251        1458.785    1914.879        1458.966    1914.835             251             251
   40       -1325.779   -1262.787       -1325.868   -1262.630              40              40
   86        1972.065    -983.046        1971.979    -983.217              86              86
  255         168.490    1747.059         168.642    1747.037             255             255
  215         381.983    -899.194         381.923    -899.235             215             215
  215         -49.054    2341.193         -48.911    2341.177             215             215
  174        1633.502    2393.570        1633.650    2393.562             174             174
  137        2082.651    -851.663        2082.638    -851.689             137             137
  125        -298.940     -99.542        -298.902     -99.443             125             125
   10        1814.930    -540.436        1814.930    -540.509              10              10
  108         -54.027    -331.935         -54.001    -331.889             108             108
   14        1794.056     316.985        1794.147     316.907              14              14
  209        -230.985   -1168.976        -230.984   -1168.922             209             209
  158         -48.654    1300.221         -48.515    1300.288             158             158
  212        1547.311   -2307.046        1547.201   -2307.124             212             212
  118         180.598     666.240         180.785     666.210             118             118
   45       -2160.198     322.756       -2160.123     322.959              45              45
  156         815.439    1186.251         815.537    1186.277             156             156
  201        -484.235   -1553.309        -484.332   -1553.194             201             201
   80        -333.977    1233.266        -333.908    1233.363              80              80
  255        2796.984    -416.911        2797.000    -417.000             255             255
   21        -927.869   -1356.343        -927.873   -1356.133              21              21
   20        -766.882   -2985.105        -767.122   -2985.006              20              20
   59        1143.912    -622.665        1143.877    -622.795              59              59
  211         395.017    -114.726         395.081    -114.730             211             211
  162        -428.860   -2529.391        -429.017   -2529.376             162             162
  179        -973.039     549.259        -973.012     549.284             179             179
   74        2256.468      54.992        2256.488      54.807              74              74
  142        -286.302    -515.527        -286.279    -515.489             142             142
   29         863.148     625.010         863.245     624.989              29              29
  216        1337.724   -1368.212        1337.711   -1368.241             216             216
  198        -410.714   -2710.270        -410.833   -2710.254             198             198
    8         409.604   -1138.200         409.622   -1138.369               8               8
  100        -435.534    1871.579        -435.205    1871.575             100             100
   51       -2911.068   -1352.685       -2911.145   -1352.413              51              51
  197         502.193     607.309         502.233     607.250             197             197
  118        -249.097    -858.749        -249.130    -858.706             118             118
   38        -702.883   -1502.940        -702.997   -1502.932              38              38
   46        -190.416      30.538        -190.411      30.455              46              46
  245         628.489     342.322         628.556     342.183             245             245
  231         163.240     785.438         163.408     785.365             231             231
  182       -1300.044    1219.417       -1299.864    1219.530             182             182
    0        -755.851    1823.814        -755.678    1823.993              -0               0
  199        -192.584   -1671.466        -192.779   -1671.348             199             199
  247        1702.092    -352.961        1702.106    -353.113             247             247
  226         -83.976   -1098.872         -83.933   -1098.884             226             226
   98       -2345.451    -274.116       -2345.422    -273.964              98              98
  221         325.697    1712.417         325.876    1712.371             221             221
  213        -684.203      97.521        -684.132      97.655             213             213
   80       -1566.707    -493.302       -1566.753    -493.116              80              80
  105        -520.331     193.160        -520.356     193.226             105             105
  123          12.070     -21.474          12.051     -21.453             123             123
  236       -1279.066     262.293       -1279.103     262.468             236             236
  179        1618.215    -957.495        1618.072    -957.666             179             179
  229         252.490    1994.991         252.758    1995.023             229             229
  184        -262.539   -1076.378        -262.592   -1076.216             184             184
  226        -949.092   -1452.099        -949.231   -1451.968             226             226
   23           0.162     -26.457           0.158     -26.437              23              23
   28        -586.527   -1561.020        -586.694   -1560.956              28              28
  176          72.395    -219.654          72.375    -219.699             176             176
  211        -686.214    -653.741        -686.277    -653.694             211             211
   17        -638.577    -912.400        -638.703    -912.412              17              17
  209        -788.505     684.166        -788.506     684.170             209             209
  245         742.242     847.698         742.270     847.624             245             245
  231          70.660    -894.568          70.548    -894.579             231             231
   46        -706.639      18.236        -706.706      18.243              46              46
  250        1265.735    1251.492        1265.819    1251.329             250             250
   29        -212.826     724.256        -212.774     724.343              29              29
  132         424.056     -87.801         423.954     -87.769             132             132
    8        2299.414    -387.624        2299.346    -387.820               8               8
   98        2073.824   -1198.344        2073.831   -1198.581              98              98
   60        -451.878     508.493        -451.643     508.557              60              60
   69        -275.783   -2068.147        -275.896   -2068.157              69              69
   57       -1367.977     597.028       -1367.839     597.061              57              57
  147       -1041.214    1056.301       -1041.123    1056.380             147             147
  127         151.713    1052.828         151.784    1052.841             127             127
  180          44.689    1172.454          44.780    1172.585             180             180
  170        1404.384   -1179.543        1404.256   -1179.561             170             170
   72        -495.017   -1823.186        -495.226   -1823.111              72              72
    8        2858.603    -611.191        2858.640    -611.612               8               8
  203       -1062.497    1028.641       -1062.159    1028.787             203             203
  237        -693.987   -1961.416        -694.089   -1961.324             237             237
  114       -2383.357    -574.764       -2383.411    -574.590             114             114
  207         437.258     629.722         437.307     629.579             207             207
  224       -1198.592     894.000       -1198.503     894.169             224             224
  167        1184.007   -1393.281        1183.841   -1393.428             167             167
  219        -772.385    -999.516        -772.436    -999.572             219             219
   20        -350.281    1681.553        -350.016    1681.478              20              20
   87       -1124.146      86.591       -1124.090      86.675              87              87
  252       -1909.808    1459.611       -1909.688    1459.819             252             252
  117         -32.416     141.885         -32.515     141.872             117             117
  157        -126.607    1592.096        -126.481    1592.110             157             157
   83         332.722    1009.911         332.816    1009.949              83              83
  175        -923.907     581.563        -923.885     581.791             175             175
   60        -621.081     261.598        -621.219     261.794              60              60
   43        2679.933     451.970        2679.930     451.781              43              43
  175         121.753   -1711.715         121.625   -1711.596             175             175
  169        -751.312   -2549.555        -751.616   -2549.561             169             169
   27        -516.332    1474.423        -516.164    1474.346              27              27
   25        -889.611     696.632        -889.629     696.739              25              25
   43         944.875    1169.322         944.906    1169.267              43              43
  112        1475.171    -839.344        1475.071    -839.480             112             112
  163       -1270.691     416.525       -1270.665     416.715             163             163
  169        1896.752    -211.454        1896.684    -211.691             169             169
  123         149.983     950.139         150.195     950.189             123             123
   28        -741.025    -402.725        -741.063    -402.474              28              28
  253        -424.374   -3048.879        -424.870   -3048.876             253             253
  111         941.054     565.250         941.094     564.895             111             111
  168        -951.078    2368.113        -950.809    2368.198             168             168
   28         606.537    1438.062         606.590    1438.137              28              28
   39        1650.648    -677.535        1650.485    -677.578              39              39
  101         834.327   -1861.377         834.061   -1861.474             101             101
  223         751.255     260.815         751.270     260.663             223             223
  162        1765.746    -448.053        1765.701    -448.329             162             162
   27        1660.052     126.488        1660.209     126.204              27              27
  199         237.826     604.362         238.075     604.343             199             199
  144         257.378   -1281.928         257.294   -1282.020             144             144
  213        1528.499    1129.656        1528.849    1129.322             213             213
    4        -749.917    1279.641        -749.506    1279.759               4               4
   46        -241.313    1088.956        -240.974    1089.108              46              46
  199       -1939.506    -911.714       -1939.553    -911.359             199             199
   61        -568.702     943.702        -568.605     943.822              61              61
  114         756.500    -273.235         756.488    -273.285             114             114
  145        -688.229    1005.788        -688.017    1005.982             145             145
  192         156.286      15.476         156.339      15.650             192             192
  186        -346.808   -2359.773        -347.076   -2359.652             186             186
   37       -1305.173     -43.582       -1305.157     -43.395              37              37
   44       -1102.972   -3297.463       -1103.611   -3297.507              44              44
  229        2490.343    3111.321        2490.811    3110.701             229             229
   17        -863.861    1022.115        -863.584    1022.275              17              17
  190         187.820     501.158         187.971     501.154             190             190
  216       -1061.517    1401.242       -1061.231    1401.489             216             216
  129       -1324.454     367.227       -1324.461     367.611             129             129
  208         182.570   -1287.628         182.257   -1287.570             208             208
   91         503.358    -585.430         503.226    -585.582              91              91
  137        -149.555    1495.339        -149.361    1495.342             137             137
  112        1041.156     862.297        1041.288     862.291             112             112
  163           4.181   -2463.242           3.827   -2463.264             163             163
    3         400.784    2537.058         401.193    2536.935               3               3
    9        1323.858     371.087        1324.006     371.013               9               9
   86        1051.029      41.906        1051.322      41.839              86              86
  225       -3290.365     732.884       -3290.113     733.562             225             225
  219        -127.081    -868.038        -127.322    -867.859             219             219
  126         949.972   -1042.207         949.827   -1042.332             126             126
  169         343.415     304.473         343.633     304.431             169             169
   46        -981.553    -573.254        -981.459    -573.068              46              46
  106       -2084.581      51.037       -2084.516      51.371             106             106
   46       -2007.462     344.099       -2007.594     344.458              46              46
   28        2998.000       0.442        2998.000       0.000              28              28
  183       -2007.726    -344.830       -2007.593    -344.464             183             183
  244       -2084.449     -51.716       -2084.515     -51.374             244             244
   27        -981.364     572.874        -981.460     573.066              27              27
  184         343.858    -304.388         343.633    -304.431             184             184
   32         949.675    1042.467         949.826    1042.335              32              32
  162        -127.575     867.673        -127.322     867.859             162             162
    7       -3289.844    -734.292       -3290.110    -733.572               7               7
  101        1051.634     -41.766        1051.322     -41.838             101             101
  131        1324.169    -370.932        1324.009    -371.012             131             131
  129         401.644   -2536.800         401.199   -2536.934             129             129
    6           3.431    2463.289           3.820    2463.264               6               6
  156        1041.434    -862.282        1041.289    -862.289             156             156
  133        -149.138   -1495.348        -149.355   -1495.344             133             133
  174         503.077     585.754         503.225     585.584             174             174
  163         181.904    1287.503         182.257    1287.569             163             163
   73       -1324.466    -368.049       -1324.459    -367.613              73              73
  110       -1060.900   -1401.775       -1061.229   -1401.492             110             110
  168         188.148    -501.147         187.973    -501.153             168             168
  152        -863.260   -1022.464        -863.581   -1022.277             152             152
  142        2491.367   -3109.967        2490.817   -3110.695             142             142
  225       -1104.373    3297.554       -1103.617    3297.504             225             225
  127       -1305.139      43.168       -1305.157      43.392             127             127
  216        -347.403    2359.504        -347.081    2359.649             216             216
  186         156.399     -15.863         156.337     -15.652             186             186
   55        -687.753   -1006.222        -688.012   -1005.985              55              55
  199         756.474     273.353         756.488     273.290             199             199
   55        -568.482    -943.973        -568.603    -943.825              55              55
   37       -1939.616     910.911       -1939.556     911.355              37              37
   17        -240.542   -1089.298        -240.968   -1089.108              17              17
   29        -748.981   -1279.908        -749.501   -1279.759              29              29
   43        1529.299   -1128.892        1528.855   -1129.318              43              43
  169         257.185    1282.139         257.293    1282.021             169             169
  136         238.401    -604.316         238.077    -604.342             136             136
  206        1660.413    -125.824        1660.209    -126.199             206             206
   85        1765.640     448.701        1765.700     448.335              85              85
   11         751.289    -260.455         751.270    -260.660              11              11
  241         833.702    1861.604         834.059    1861.474             241             241
   46        1650.263     677.643        1650.483     677.584              46              46
   90         606.666   -1438.239         606.594   -1438.136              90              90
   42        -950.435   -2368.319        -950.805   -2368.201              42              42
  195         941.152    -564.401         941.096    -564.892             195             195
   74        -425.574    3048.872        -424.879    3048.876              74              74
  144        -741.120     402.117        -741.066     402.471             144             144
  205         150.497    -950.258         150.196    -950.188             205             205
  171        1896.587     212.034        1896.684     211.695             171             171
  211       -1270.627    -416.993       -1270.665    -416.718             211             211
  236        1474.925     839.682        1475.070     839.485             236             236
  164         944.953   -1169.186         944.908   -1169.266             164             164
   57        -889.655    -696.901        -889.629    -696.742              57              57
  151        -515.913   -1474.234        -516.162   -1474.347             151             151
  181        -752.081    2549.567        -751.624    2549.557             181             181
  234         121.425    1711.421         121.620    1711.599             234             234
   22        2679.930    -451.489        2679.932    -451.777              22              22
   78        -621.431    -262.097        -621.218    -261.795              78              78
   52        -923.848    -582.148        -923.883    -581.796              52              52
  235         332.967   -1010.007         332.818   -1009.948             235             235
   14        -126.277   -1592.133        -126.476   -1592.111              14              14
   49         -32.673    -141.850         -32.516    -141.871              49              49
   26       -1909.492   -1460.157       -1909.684   -1459.824              26              26
  198       -1124.000     -86.815       -1124.090     -86.677             198             198
   31        -349.580   -1681.355        -350.011   -1681.477              31              31
  124        -772.520     999.665        -772.437     999.573             124             124
   92        1183.565    1393.674        1183.840    1393.433              92              92
  116       -1198.352    -894.453       -1198.502    -894.170             116             116
  159         437.393    -629.334         437.308    -629.577             159             159
   72       -2383.505     574.285       -2383.412     574.586              72              72
  115        -694.273    1961.161        -694.094    1961.321             115             115
   75       -1061.573   -1029.040       -1062.157   -1028.788              75              75
  203        2858.701     612.355        2858.639     611.618             203             203
  135        -495.599    1822.978        -495.230    1823.110             135             135
   13        1404.026    1179.596        1404.253    1179.563              13              13
   85          44.948   -1172.817          44.783   -1172.584              85              85
    9         151.916   -1052.865         151.786   -1052.841               9               9
  250       -1040.951   -1056.528       -1041.119   -1056.383             250             250
  204       -1367.582    -597.130       -1367.837    -597.067             204             204
  214        -276.115    2068.176        -275.902    2068.158             214             214
   45        -451.202    -508.679        -451.641    -508.558              45              45
   51        2073.841    1199.030        2073.829    1198.585              51              51
   10        2299.217     388.199        2299.346     387.826              10              10
  214         423.761      87.708         423.955      87.769             214             214
  183        -212.672    -724.510        -212.774    -724.343             183             183
  107        1265.987   -1251.004        1265.821   -1251.325             107             107
    8        -706.837     -18.260        -706.706     -18.246               8               8
  248          70.321     894.600          70.545     894.579             248             248
  140         742.331    -847.475         742.273    -847.622             140             140
    5        -788.509    -684.181        -788.506    -684.171               5               5
  216        -638.962     912.433        -638.705     912.409             216             216
  182        -686.407     653.593        -686.278     653.692             182             182
  255          72.334     219.794          72.376     219.700             255             255
   10        -587.049    1560.821        -586.699    1560.954              10              10
  242           0.149      26.395           0.158      26.438             242             242
  200        -949.527    1451.685        -949.233    1451.964             200             200
  109        -262.711    1075.868        -262.596    1076.216             109             109
  205         253.341   -1995.089         252.762   -1995.021             205             205
  140        1617.757     958.044        1618.069     957.670             140             140
   23       -1279.184    -262.854       -1279.103    -262.469              23              23
  202          12.007      21.403          12.050      21.452             202             202
   64        -520.415    -193.373        -520.358    -193.226              64              64
   85       -1566.859     492.686       -1566.755     493.110              85              85
   30        -683.969     -97.963        -684.131     -97.656              30              30
   39         326.296   -1712.263         325.881   -1712.370              39              39
   46       -2345.356     273.602       -2345.423     273.959              46              46
  127         -83.836    1098.910         -83.936    1098.883             127             127
  129        1702.139     353.478        1702.107     353.117             129             129
    6        -193.254    1671.066        -192.783    1671.349               6               6
  240        -755.254   -1824.423        -755.673   -1823.993             240             240
   87       -1299.416   -1219.813       -1299.859   -1219.534              87              87
  179         163.824    -785.187         163.410    -785.366             179             179
   30         628.727    -341.833         628.558    -342.180              30              30
   84        -190.400     -30.248        -190.411     -30.454              84              84
  214        -703.291    1502.910        -703.000    1502.929             214             214
  125        -249.217     858.596        -249.132     858.706             125             125
  145         502.344    -607.097         502.235    -607.250             145             145
   76       -2911.349    1351.696       -2911.147    1352.408              76              76
   59        -434.331   -1871.568        -435.199   -1871.578              59              59
  125         409.665    1138.819         409.619    1138.369             125             125
  224        -411.160    2710.206        -410.839    2710.252             224             224
   90        1337.675    1368.328        1337.709    1368.245              90              90
    0         863.516    -624.931         863.249    -624.989              -0               0
   44        -286.216     515.382        -286.281     515.488              44              44
   82        2256.546     -54.283        2256.490     -54.801              82              82
  211        -972.933    -549.358        -973.011    -549.286             211             211
  166        -429.470    2529.333        -429.023    2529.375             166             166
   99         395.265     114.743         395.081     114.731              99              99
    7        1143.774     623.172        1143.875     622.797               7               7
   26        -767.833    2984.714        -767.128    2985.006              26              26
  233        -927.884    1355.504        -927.875    1356.127             233             233
  124        2797.048     417.268        2797.000     417.000             124             124
   58        -333.690   -1233.665        -333.905   -1233.365              58              58
  111        -484.635    1552.845        -484.334    1553.195             111             111
   67         815.857   -1186.353         815.542   -1186.276              67              67
  237       -2159.884    -323.606       -2160.122    -322.964             237             237
   49         181.382    -666.119         180.787    -666.211              49              49
   63        1546.841    2307.381        1547.197    2307.127              63              63
  209         -48.055   -1300.506         -48.510   -1300.290             209             209
   55        -230.985    1168.746        -230.986    1168.922              55              55
   16        1794.454    -316.640        1794.149    -316.903              16              16
  227         -53.910     331.737         -54.000     331.889             227             227
  106        1814.930     540.763        1814.929     540.512             106             106
  155        -298.773      99.101        -298.902      99.441             155             155
   83        2082.589     851.791        2082.636     851.694              83              83
  241        1634.176   -2393.524        1633.655   -2393.558             241             241
  138         -48.394   -2341.123         -48.905   -2341.178             138             138
  199         381.706     899.382         381.922     899.235             199             199
   45         169.197   -1746.951         168.644   -1747.036              45              45
  175        1971.653     983.861        1971.976     983.223             175             175
  120       -1326.206    1262.039       -1325.871    1262.627             120             120
  153        1459.654   -1914.659        1458.970   -1914.832             153             153
  217        3047.965    -809.713        3048.067    -810.568             217             217
  247       -2206.706    -545.168       -2206.508    -544.695             247             247
  241        -293.596     120.632        -293.554     120.613             241             241
  252        -854.488    -315.961        -854.626    -315.848             252             252
   41         198.670     758.419         198.812     758.271              41              41
  217       -1342.171     806.393       -1342.104     806.813             217             217
   84        -131.430     540.535        -131.638     540.819              84              84
  230        1520.405   -3151.336        1519.370   -3151.847             230             230
    7        -471.721    1004.042        -471.594    1003.704               7               7
  168         513.610    3054.135         514.127    3053.984             168             168
    9        1947.771     173.454        1947.647     173.156               9               9
   90        2081.476     495.142        2081.793     494.700              90              90
  167        -306.550     811.201        -306.004     811.466             167             167
   71       -2721.466     182.093       -2721.553     183.058              71              71
  231         914.045     482.645         913.761     482.675             231             231
  135        1211.367   -1197.939        1210.837   -1198.086             135             135
  235         867.759     288.819         867.737     288.668             235             235
  154         850.371     -72.854         850.292     -72.891             154             154
  153         -27.192   -1164.140         -27.693   -1164.023             153             153
  150        2434.305   -1339.373        2433.833   -1340.241             150             150
  203         975.218    1674.594         975.782    1674.174             203             203
   96        1032.002     871.355        1032.312     871.245              96              96
  183        2290.838   -1151.214        2290.823   -1151.829             183             183
  203        -346.740    1980.546        -345.743    1980.707             203             203
  226       -1443.394    -573.897       -1443.443    -573.305             226             226
  123         725.665    1216.314         726.003    1216.323             123             123
   93         255.710    -448.484         255.700    -448.196              93              93
  192         881.303   -1554.248         881.148   -1554.333             192             192
   99       -1931.545   -1573.260       -1931.797   -1572.916              99              99
  155        -690.359    1504.044        -690.036    1504.061             155             155
  199          58.847     475.911          58.877     475.929             199             199
  116         799.077    1757.575         799.674    1757.614             116             116
    3       -1663.598   -1148.148       -1663.854   -1147.349               3               3
  229       -1468.458    -705.679       -1468.983    -705.190             229             229
  222        1471.049     147.911        1470.806     147.559             222             222
  158         331.412    -717.298         331.148    -717.358             158             158
  167         240.698      23.864         240.625      23.711             167             167
  108         833.454    1880.941         833.996    1880.913             108             108
  153          63.807   -1816.379          63.370   -1816.161             153             153
    8        -262.319    -247.708        -262.343    -247.674               8               8
  169        -429.303     139.036        -429.266     139.163             169             169
   94        -972.638       5.005        -972.790       5.321              94              94
  100         111.366     128.775         111.145     128.780             100             100
   76         672.497     561.877         672.502     561.831              76              76
  195         304.061   -1266.425         303.608   -1266.470             195             195
    9         676.203     347.617         676.325     347.288               9               9
   67       -1024.840    1155.595       -1024.557    1155.906              67              67
  124         301.483    1858.921         301.851    1859.218             124             124
  174         109.259   -1478.394         108.717   -1478.006             174             174
  206        -521.819    -487.857        -522.160    -487.497             206             206
  217         443.902   -1196.267         443.299   -1196.278             217             217
   68        -306.492    -307.332        -306.922    -307.155              68              68
   64        1550.434   -1594.743        1549.592   -1595.220              64              64
   11        1925.271     121.120        1925.152     120.503              11              11
   48        3131.770   -2026.660        3131.504   -2027.771              48              48
  158       -2514.261     492.090       -2513.948     492.513             158             158
   61        2544.216     228.628        2544.262     227.669              61              61
  135         195.994     500.435         196.458     500.216             135             135
   65         -40.027     245.863         -39.702     245.689              65              65
  203        -149.216    1831.484        -148.370    1831.496             203             203
  161       -2166.660     155.730       -2166.539     156.477             161             161
  234        -924.995     829.023        -925.007     829.377             234             234
   41         286.333     -29.082         286.051     -29.104              41              41
   62         926.895      38.591         926.837      38.190              62              62
   66        -494.242    2103.798        -493.649    2103.936              66              66
  233         530.800    1660.062         531.191    1660.225             233             233
  211        1097.779     616.706        1098.073     616.843             211             211
  156        -781.817    -839.426        -781.951    -838.895             156             156
  208         343.514    1600.282         344.083    1600.551             208             208
  166        -555.896   -1122.643        -556.107   -1121.961             166             166
  245        -183.742    -993.903        -183.861    -993.529             245             245
  108       -2267.214   -1805.627       -2267.719   -1804.817             108             108
  202       -1312.433   -1554.465       -1313.151   -1554.330             202             202
   95        -603.601    1842.558        -603.273    1842.578              95              95
   30       -1078.919     945.275       -1078.897     945.883              30              30
  106        -387.556    -437.277        -387.984    -436.813             106             106
   88       -1182.219    -821.296       -1182.837    -820.685              88              88
  200         -43.653   -1138.869         -44.431   -1138.727             200             200
   97        -423.598   -1786.158        -424.577   -1786.164              97              97
   82         882.261      32.337         881.961      31.784              82              82
   63         -59.434     512.274         -59.381     512.205              63              63
   43       -1429.696   -1054.846       -1430.281   -1054.564              43              43
   30       -1212.066     151.684       -1212.623     151.640              30              30
   93        2046.642    2579.348        2047.078    2578.525              93              93
  197       -1358.704     965.878       -1358.627     966.430             197             197
  138         379.504    1117.786         379.523    1117.793             138             138
  228       -1108.656    1703.242       -1108.413    1703.929             228             228
  114       -1882.806    -281.653       -1883.581    -280.720             114             114
  251        1112.682    1571.901        1112.456    1571.930             251             251
  224         -28.508    -633.881         -29.245    -633.432             224             224
  181         202.626    1327.941         202.519    1328.440             181             181
   71        -772.681   -1933.115        -773.969   -1932.219              71              71
  117         533.065   -2889.817         531.373   -2889.932             117             117
  157        -196.179     846.078        -196.736     846.142             157             157
   23        1895.667   -1547.436        1894.424   -1547.944              23              23
  172         203.330    -329.950         202.615    -330.124             172             172
  248          73.088    1162.786          72.627    1162.895             248             248
  198        1662.381    -516.371        1661.363    -516.586             198             198
  253        1828.286    -451.380        1827.592    -451.660             253             253
  152        -912.441   -1449.531        -913.574   -1448.945             152             152
  194        -239.011   -2207.262        -240.832   -2207.143             194             194
  148         932.286   -2199.647         930.341   -2200.315             148             148
  239         303.492      53.862         302.166      53.248             239             239
  104          96.971    1801.931          95.824    1801.807             104             104
  119         514.434    -522.983         511.950    -522.949             119             119
   81        -273.360   -2025.768        -277.575   -2025.819              81              81
  121        1205.768      71.229        1198.809      70.478             121             121
